[31.84, 18.43, 0.07]
[31.67, 18.19, 0.0]
[31.52, 18.97, 0.0]
[31.84, 18.17, 0.1, 0.05]
[31.93, 19.8, 0.0]
[31.67, 19.6, 0.09]
[31.63, 17.24, 0.11, 0.03]
[31.88, 18.12, 0.12, 0.05]
[31.94, 18.74, 0.03]
[32.23, 20.24, 0.07]
[31.78, 20.34, 0.11]
[31.86, 18.47, 0.13]
[31.9, 19.62, 0.12]
[31.7, 18.95, 0.03]
[31.71, 17.44, 0.09]
[31.48, 17.61, 0.21, 0.13]
[31.82, 19.76, 0.15]
[31.75, 18.6, 0.09]
[31.89, 18.53, 0.07]
[31.63, 17.62, 0.06]
[31.72, 17.28, 0.1]
[32.11, 17.46, 0.06]
[31.71, 18.56, 0.05]
[31.83, 19.32, 0.1]
[31.93, 17.48, 0.21, 0.04]
[31.87, 18.23, 0.0]
[31.79, 20.04, 0.03]
[31.62, 19.36, 0.03]
[31.71, 21.15, 0.05]
[31.47, 16.48, 0.14]
[31.72, 16.02, 0.14, 0.1]
[31.95, 20.27, 0.14]
[31.57, 15.18, 0.11, 0.07]
[31.73, 16.11, 0.09, 0.04]
[31.83, 18.2, 0.07]
[31.42, 15.7, 0.12, 0.07]
[31.68, 17.34, 0.0]
[31.74, 16.86, 0.1]
[31.66, 19.02, 0.03]
[31.83, 19.78, 0.08]
[31.63, 16.86, 0.05]
[31.68, 17.92, 0.15, 0.1]
[31.74, 15.92, 0.17, 0.09]
[31.58, 16.43, 0.09, 0.04]
[31.66, 17.1, 0.09]
[31.84, 16.68, 0.16, 0.09]
[31.56, 19.89, 0.0]
[31.82, 17.59, 0.18, 0.09]
[31.66, 17.46, 0.06]
[31.77, 17.54, 0.1, 0.04]
[31.95, 20.7, 0.08]
[31.63, 18.59, 0.08]
[31.76, 18.12, 0.18, 0.11]
[31.73, 16.89, 0.11]
[31.84, 18.81, 0.1]
[31.58, 17.53, 0.12, 0.07]
[31.6, 17.57, 0.07, 0.02]
[31.4, 18.06, 0.03]
[31.6, 13.71, 0.21, 0.13]
[31.74, 17.82, 0.06]
[31.84, 15.34, 0.31, 0.09]
[31.77, 18.15, 0.06]
[31.93, 15.84, 0.09, 0.05]
[32.01, 17.1, 0.08]
[31.95, 18.96, 0.06]
[31.59, 16.92, 0.05]
[31.52, 19.23, 0.13, 0.07]
[31.98, 17.58, 0.06]
[31.83, 18.04, 0.04]
[31.78, 17.85, 0.04]
[31.64, 17.81, 0.1, 0.03]
[31.88, 19.08, 0.05]
[31.57, 17.02, 0.16, 0.12]
[31.25, 15.51, 0.05]
[31.4, 15.48, 0.13]
[31.73, 17.58, 0.1, 0.03]
[31.75, 16.22, 0.2, 0.11]
[31.64, 17.96, 0.04]
[31.62, 18.02, 0.08]
[32.17, 19.28, 0.03]
[31.83, 19.17, 0.1]
[31.99, 20.97, 0.13, 0.06]
[31.55, 15.5, 0.15, 0.1]
[31.77, 15.88, 0.07, 0.02]
[31.79, 20.68, 0.0]
[31.56, 17.15, 0.09]
[31.8, 19.08, 0.1]
[31.72, 17.25, 0.1, 0.05]
[31.99, 18.56, 0.16]
[31.71, 18.1, 0.04]
[31.82, 18.61, 0.08, 0.0]
[31.74, 17.81, 0.07]
[31.55, 17.65, 0.17, 0.02]
[31.86, 19.44, 0.04]
[31.63, 18.89, 0.02]
[31.83, 19.2, 0.05]
[31.97, 20.36, 0.06]
[31.39, 19.14, 0.09, 0.03]
[31.79, 16.62, 0.25, 0.04]
[31.89, 21.57, 0.09]
