[31.81, 31.82, 31.82, 31.77]
[31.67, 31.27, 31.13]
[31.86, 31.89]
[31.82, 31.74]
[31.54, 31.38, 31.34]
[31.81, 31.8]
[32.01, 31.84]
[31.84, 31.81, 31.81, 31.76]
[31.84, 31.57, 31.48]
[32.07, 32.08, 32.09]
[32.0, 31.85, 31.75]
[31.81, 31.79]
[31.65, 31.52]
[31.59, 31.35, 31.3]
[31.81, 31.64, 31.64]
[31.64, 31.55]
[31.76, 31.64, 31.58]
[31.77, 31.79]
[31.77, 31.64]
[31.72, 31.7]
[31.31, 31.24]
[31.54, 31.43]
[31.76, 31.78, 31.74]
[31.47, 31.07, 31.04, 30.99]
[31.58, 31.4, 31.35]
[31.36, 31.35, 31.26]
[31.74, 31.74, 31.69]
[31.73, 31.5]
[31.81, 31.78]
[31.82, 31.8]
[31.49, 31.37]
[31.87, 31.77, 31.72]
[31.66, 31.56]
[31.48, 31.42, 31.42]
[32.2, 32.16]
[31.37, 30.94, 30.88, 30.72]
[31.72, 31.42, 31.44]
[31.62, 31.13, 31.14]
[31.78, 31.76, 31.62]
[31.62, 31.56, 31.53]
[31.45, 31.28, 31.24]
[32.0, 32.01]
[31.94, 31.69, 31.54]
[31.66, 31.67]
[31.54, 31.33]
[31.87, 31.79, 31.81]
[31.94, 31.87]
[31.72, 31.52]
[31.8, 31.59, 31.54]
[31.54, 31.42]
[31.73, 31.66]
[31.51, 31.44]
[31.73, 31.55]
[32.05, 32.05]
[31.5, 31.45]
[31.94, 31.94, 31.9]
[31.88, 31.75]
[31.6, 31.61]
[31.6, 31.55]
[31.53, 31.46, 31.47]
[31.75, 31.71]
[32.02, 32.03, 32.04]
[31.94, 31.88, 31.88, 31.84]
[31.89, 31.86]
[31.52, 31.51]
[31.84, 31.77]
[31.58, 31.45, 31.42]
[31.96, 31.87, 31.85]
[31.77, 31.7, 31.66]
[32.13, 32.14]
[31.97, 31.9]
[31.78, 31.4, 31.35, 31.3]
[31.43, 31.24, 31.12]
[31.66, 31.64]
[31.48, 30.76, 30.72, 30.64]
[31.54, 31.42, 31.32]
[31.72, 31.42, 31.28]
[31.72, 31.61, 31.59, 31.57]
[31.65, 31.37, 31.31]
[32.19, 32.2, 32.14]
[31.7, 31.61]
[31.79, 31.7, 31.65]
[31.7, 31.5, 31.44]
[31.89, 31.86]
[31.72, 31.56]
[31.58, 31.41, 31.4, 31.36]
[31.9, 31.74]
[31.9, 31.82, 31.77]
[32.06, 31.98]
[31.85, 31.89]
[32.04, 32.0, 31.97]
[31.66, 31.02, 30.86, 30.8]
[31.76, 31.74]
[31.92, 31.83]
[32.08, 32.04, 31.99, 31.94]
[31.69, 31.58, 31.53, 31.5]
[31.76, 31.68, 31.67, 31.63]
[31.58, 31.44, 31.4]
[31.74, 31.57, 31.47]
[31.62, 31.44, 31.39]
