[6.57, 3.48, 0.53]
[5.97, 2.65, 0.7, 0.7]
[6.65, 2.46, 0.93, 0.65, 0.62]
[7.44, 3.76, 0.57]
[6.49, 1.71, 0.54]
[5.82, 0.54, 0.55]
[6.89, 4.99, 2.3, 0.55]
[6.05, 2.15, 0.93, 0.51, 0.42]
[6.21, 4.58, 3.36, 1.86, 1.34, 0.62, 0.54]
[5.81, 3.23, 0.65]
[5.16, 1.44, 0.54, 0.41]
[6.57, 4.24, 1.65, 0.6, 0.4]
[6.99, 4.01, 0.4, 0.39]
[6.12, 1.9, 0.66]
[6.97, 2.26, 0.49, 0.48]
[6.5, 2.24, 0.51, 0.48]
[6.44, 4.64, 2.75, 1.34, 0.83]
[6.54, 2.49, 0.46]
[7.89, 4.93, 0.71, 0.72]
[6.11, 4.11, 1.77, 0.54]
[6.33, 3.7, 2.24, 0.59, 0.51]
[6.46, 2.59, 0.4, 0.38]
[6.92, 2.36, 0.47]
[5.91, 4.58, 3.14, 1.8, 1.64, 1.35]
[6.23, 4.16, 2.59, 0.99, 0.8, 0.56]
[5.04, 2.38, 0.45]
[6.71, 3.88, 1.16, 1.05, 0.86, 0.63]
[5.1, 1.49, 0.43]
[6.7, 3.56, 0.57]
[5.84, 1.58, 0.46]
[6.68, 3.35, 1.71, 0.88, 0.79, 0.71]
[7.55, 5.11, 1.16, 0.67, 0.61]
[6.68, 2.24, 0.32, 0.29]
[6.49, 3.63, 1.61, 0.78, 0.78]
[6.4, 4.23, 1.44, 0.53]
[7.47, 3.96, 1.56, 0.49]
[7.53, 3.32, 1.09, 0.79]
[7.4, 4.23, 0.39, 0.39]
[5.84, 1.6, 0.62, 0.58]
[6.24, 3.69, 0.85, 0.5]
[7.0, 3.58, 0.39, 0.38]
[6.4, 1.9, 0.56]
[5.88, 2.17, 0.73, 0.57]
[7.35, 4.33, 0.47, 0.44]
[6.47, 4.02, 1.4, 0.75]
[6.07, 3.54, 0.9, 0.59]
[6.09, 1.77, 0.89, 0.72]
[7.1, 3.61, 0.88, 0.58]
[6.49, 1.92, 0.36]
[7.45, 1.57, 0.36]
[6.47, 2.97, 1.04, 0.83, 0.52]
[6.27, 3.74, 1.02, 0.64, 0.62, 0.57]
[7.4, 4.14, 1.85, 0.47]
[6.0, 2.42, 0.43]
[5.79, 1.85, 0.39, 0.39]
[6.66, 2.39, 0.31]
[6.78, 3.2, 0.61, 0.56]
[6.21, 2.85, 1.08, 0.73]
[6.64, 5.37, 4.86, 4.81, 4.49]
[6.15, 3.83, 0.94, 0.51]
[6.65, 3.27, 0.31, 0.29]
[7.39, 4.18, 1.6, 0.72, 0.57]
[6.79, 4.02, 1.37, 0.74]
[7.02, 3.08, 0.84, 0.8]
[6.46, 3.2, 0.4]
[7.13, 5.69, 2.14, 1.18, 0.91, 0.82]
[5.0, 2.0, 0.58, 0.56]
[7.09, 4.3, 1.34, 0.63, 0.4]
[6.69, 3.75, 1.27, 0.7]
[6.12, 3.59, 1.63, 0.95, 0.59]
[7.61, 3.56, 0.44, 0.41]
[6.1, 3.89, 0.93, 0.55]
[6.88, 3.96, 0.49]
[5.54, 1.94, 0.73]
[5.73, 3.16, 0.42]
[6.87, 4.81, 0.45, 0.46]
[6.66, 4.29, 0.56, 0.58]
[6.77, 2.98, 0.42]
[5.97, 1.31, 0.76, 0.57]
[6.61, 2.29, 0.38]
[6.43, 3.23, 0.44]
[7.08, 3.96, 0.58]
[6.16, 0.99, 0.76]
[6.89, 5.42, 2.87, 0.61]
[5.69, 1.68, 0.85, 0.62]
[5.16, 0.9, 0.71]
[7.28, 2.36, 0.54]
[5.57, 2.49, 0.36]
[5.49, 2.05, 0.75, 0.7]
[6.76, 2.09, 0.6]
[7.04, 4.25, 0.57, 0.6]
[6.88, 3.13, 0.48, 0.44]
[5.95, 3.23, 0.98, 0.7, 0.55]
[5.66, 2.5, 0.97, 0.55]
[4.89, 1.18, 0.45]
[7.18, 3.59, 0.51]
[6.8, 3.59, 1.74, 0.35, 0.34]
[6.44, 3.68, 1.4, 0.91]
[5.89, 2.26, 0.89, 0.78, 0.39]
[6.7, 4.29, 0.53, 0.55]
