[31.42, 30.02, 21.26, 0.25]
[31.79, 30.01, 17.32, 0.15, 0.11]
[31.68, 29.89, 18.36, 0.24]
[31.78, 30.82, 27.21, 2.87, 0.7, 0.54]
[32.03, 30.66, 23.96, 0.35]
[31.72, 30.72, 25.57, 0.77, 0.64]
[31.75, 29.31, 11.0, 0.31, 0.1]
[31.32, 29.79, 23.39, 0.43]
[31.56, 30.61, 26.32, 0.72]
[31.91, 31.38, 30.83, 30.78, 30.66]
[31.78, 31.06, 28.75, 14.29, 0.15, 0.11]
[31.99, 30.32, 19.88, 0.41, 0.36]
[31.52, 30.45, 25.26, 0.91, 0.82]
[31.85, 30.77, 25.9, 0.74]
[31.52, 29.92, 19.09, 0.23, 0.2]
[31.53, 30.63, 25.95, 0.92]
[31.97, 30.3, 19.04, 0.18]
[32.0, 30.66, 24.18, 0.61]
[31.65, 30.07, 18.71, 0.18]
[31.55, 29.74, 18.36, 0.09]
[31.68, 30.89, 27.88, 4.33, 0.61, 0.21]
[31.76, 30.08, 20.6, 0.21]
[32.17, 31.49, 30.04, 24.35, 0.99]
[32.07, 30.49, 21.86, 0.36]
[31.65, 29.57, 17.6, 0.12]
[31.59, 30.77, 27.4, 3.07, 0.73, 0.16]
[31.71, 30.45, 24.42, 0.25]
[31.89, 30.97, 27.1, 1.69, 0.7]
[32.18, 31.26, 28.33, 7.58, 0.45, 0.13]
[31.67, 29.9, 21.01, 0.19]
[32.21, 32.25]
[31.88, 31.0, 28.03, 5.49, 1.03, 0.19, 0.15]
[31.94, 31.01, 27.64, 2.17, 0.76]
[31.57, 29.19, 11.17, 0.41, 0.19]
[31.7, 31.15, 30.51, 30.36, 30.27]
[31.54, 30.56, 25.69, 0.75, 0.7, 0.52]
[31.53, 29.75, 18.58, 0.12]
[31.85, 31.78, 31.74]
[31.7, 30.21, 23.59, 0.71]
[31.93, 31.28, 28.87, 13.06, 0.29, 0.2]
[31.73, 30.83, 27.35, 1.97, 0.73, 0.72]
[31.52, 28.5, 5.77, 0.41, 0.2]
[31.54, 29.93, 19.75, 0.25, 0.18]
[31.4, 30.27, 25.8, 1.3, 0.61]
[31.93, 30.56, 23.03, 0.35]
[31.83, 30.33, 22.09, 0.25]
[31.7, 30.59, 25.47, 1.44, 0.61]
[31.8, 31.27, 31.15, 31.11]
[31.84, 31.62, 31.5, 31.51]
[31.7, 30.03, 18.78, 0.21]
[31.81, 30.71, 25.78, 0.92, 0.81]
[31.63, 28.21, 1.76, 0.81]
[31.73, 30.32, 23.14, 0.17]
[32.01, 30.25, 19.04, 0.25]
[31.8, 30.78, 26.95, 2.67, 0.89, 0.19, 0.11]
[31.71, 30.56, 24.0, 0.46]
[31.87, 31.5, 31.39, 31.44]
[32.06, 31.42, 29.72, 20.97, 0.35]
[31.59, 30.06, 20.74, 0.25]
[31.91, 30.17, 18.46, 0.18]
[31.87, 30.1, 19.73, 0.26, 0.23]
[31.8, 30.56, 23.46, 0.31]
[31.46, 30.55, 26.78, 2.13, 0.57, 0.41]
[31.71, 30.69, 27.71, 5.49, 0.32, 0.18]
[31.8, 30.28, 22.69, 0.4]
[31.96, 30.9, 25.98, 0.88, 0.85]
[31.94, 31.51, 31.19, 31.22]
[31.4, 29.45, 16.01, 0.32, 0.22]
[31.44, 30.84, 30.49, 30.37]
[32.18, 31.79, 31.53, 31.43]
[31.57, 30.47, 26.52, 1.32, 0.83]
[32.09, 31.32, 30.6, 29.46, 24.3, 1.17]
[31.78, 31.15, 30.42, 30.28, 30.24]
[31.6, 30.2, 22.31, 0.34, 0.32]
[32.02, 31.21, 28.09, 4.15, 0.55, 0.16]
[31.61, 28.29, 2.88, 0.66, 0.3]
[31.99, 30.25, 20.36, 0.23]
[31.89, 30.78, 25.66, 0.52]
[32.13, 31.89, 31.76, 31.76]
[31.49, 29.97, 20.7, 0.23]
[31.57, 30.73, 27.51, 5.15, 0.25, 0.17]
[31.74, 29.86, 19.28, 0.22]
[32.15, 31.32, 29.18, 15.45, 0.2, 0.13]
[31.63, 30.64, 26.63, 1.62, 0.76, 0.75]
[31.81, 30.47, 25.1, 0.5]
[31.54, 29.3, 15.55, 0.12]
[31.66, 30.76, 26.99, 1.43, 0.73]
[31.34, 30.53, 27.11, 2.82, 0.59, 0.39]
[31.49, 29.44, 17.23, 0.24, 0.2]
[31.75, 30.32, 22.43, 0.25]
[31.81, 29.91, 18.27, 0.15]
[31.78, 29.4, 10.05, 0.31, 0.16]
[31.77, 31.09, 30.21, 29.72, 29.57]
[31.9, 30.62, 24.56, 0.35]
[32.0, 31.22, 28.26, 8.86, 0.34, 0.11]
[31.89, 31.65, 31.54]
[31.47, 30.51, 26.31, 0.96, 0.82]
[32.01, 30.95, 26.51, 0.91]
[31.68, 30.67, 28.39, 12.23, 0.21, 0.15]
[32.04, 31.75, 31.62, 31.56]
