[39.43, 39.18]
[39.57, 39.5]
[39.56, 39.55]
[39.47, 39.46]
[39.75, 39.75]
[39.52, 39.52]
[39.63, 39.5]
[39.64, 39.57]
[39.73, 39.71]
[39.72, 39.69]
[39.42, 39.25]
[39.57, 39.46]
[39.48, 39.25]
[39.33, 38.9, 38.9]
[39.54, 39.55]
[39.48, 39.45]
[39.59, 39.58]
[39.72, 39.62]
[39.45, 39.29]
[39.38, 39.19]
[39.3, 39.25]
[39.61, 39.6]
[39.47, 39.38]
[39.51, 39.5]
[39.54, 39.35]
[39.59, 39.49]
[39.72, 39.69]
[39.41, 39.16]
[39.37, 39.33]
[39.53, 39.43]
[39.72, 39.73]
[39.47, 39.44]
[39.45, 39.31]
[39.51, 39.38]
[39.5, 39.35]
[39.57, 39.55]
[39.57, 39.47]
[39.74, 39.73]
[39.43, 39.4]
[39.55, 39.51]
[39.57, 39.29]
[39.56, 39.42]
[39.54, 39.51]
[39.63, 39.42, 39.42]
[39.73, 39.7]
[39.67, 39.54]
[39.7, 39.66]
[39.52, 39.49]
[39.72, 39.72]
[39.57, 39.46]
[39.49, 39.46]
[39.47, 39.09]
[39.63, 39.55]
[39.61, 39.49]
[39.4, 39.16]
[39.67, 39.68]
[39.56, 39.5]
[39.4, 39.38]
[39.63, 39.58]
[39.63, 39.56]
[39.57, 39.52]
[39.56, 39.48]
[39.6, 39.6]
[39.51, 39.43]
[39.35, 38.96, 38.95]
[39.37, 39.26]
[39.42, 39.32]
[39.62, 39.55]
[39.51, 39.28]
[39.52, 39.25]
[39.76, 39.58]
[39.47, 39.47]
[39.41, 39.13]
[39.51, 39.45]
[39.61, 39.52]
[39.46, 39.14]
[39.48, 39.4]
[39.54, 39.49]
[39.65, 39.63]
[39.76, 39.71]
[39.49, 39.38]
[39.58, 39.51]
[39.49, 39.45, 39.39]
[39.52, 39.49]
[39.54, 39.51]
[39.73, 39.65]
[39.57, 39.34]
[39.52, 39.47]
[39.41, 39.27]
[39.45, 39.21]
[39.62, 39.52]
[39.38, 38.97, 38.97]
[39.62, 39.6]
[39.56, 39.54]
[39.55, 39.52]
[39.45, 39.13]
[39.49, 39.31]
[39.41, 39.4]
[39.4, 39.35]
[39.63, 39.59]
