[19.71, 15.34, 0.56, 0.56]
[18.83, 14.38, 0.73, 0.63, 0.54]
[19.28, 14.09, 0.35, 0.33]
[19.53, 16.53, 3.89, 0.38, 0.34]
[19.05, 14.85, 0.62, 0.5]
[19.52, 11.92, 0.24, 0.22]
[18.61, 14.97, 0.54, 0.54]
[19.14, 13.28, 0.32, 0.31]
[19.46, 14.22, 0.52, 0.52]
[18.62, 14.01, 0.8, 0.77, 0.65]
[19.01, 14.48, 0.29]
[19.29, 16.24, 3.03, 0.33, 0.29]
[18.98, 14.32, 0.72, 0.68]
[18.95, 13.97, 0.32]
[19.04, 16.13, 6.07, 0.25, 0.2]
[18.86, 15.96, 1.89, 0.59, 0.58]
[18.89, 14.36, 0.45, 0.39]
[17.53, 9.09, 0.27, 0.23]
[19.39, 17.23, 11.34, 0.39, 0.37]
[18.95, 13.55, 0.43, 0.43]
[18.5, 13.63, 0.47, 0.47]
[18.63, 14.0, 0.61, 0.48]
[19.61, 17.89, 10.34, 0.39, 0.37]
[18.63, 11.51, 0.25, 0.23]
[19.51, 15.92, 2.05, 0.46]
[19.41, 16.74, 8.29, 0.26, 0.24]
[18.82, 14.4, 0.5, 0.49]
[18.4, 11.24, 0.24, 0.22]
[18.16, 14.1, 0.49, 0.46]
[19.37, 15.91, 0.6, 0.6]
[18.9, 16.37, 6.24, 0.39, 0.34]
[18.74, 14.68, 0.99, 0.71]
[19.61, 16.05, 0.83, 0.64]
[19.25, 12.99, 0.29, 0.26]
[20.04, 16.09, 0.7]
[18.84, 13.14, 0.26]
[18.86, 15.06, 0.51, 0.5]
[19.53, 17.98, 13.45, 1.71, 0.63]
[19.48, 17.67, 9.98, 0.4, 0.39]
[19.61, 14.87, 0.79, 0.5]
[18.87, 13.08, 0.4, 0.4]
[18.64, 12.6, 0.36, 0.34]
[19.02, 14.29, 0.48, 0.44]
[18.96, 12.38, 0.31, 0.3]
[18.58, 13.66, 0.5, 0.5]
[18.8, 9.14, 0.26, 0.2]
[19.61, 17.52, 7.78, 0.52, 0.42]
[18.6, 15.59, 2.14, 0.62]
[19.03, 16.26, 8.11, 0.51, 0.48]
[19.37, 14.73, 0.53, 0.52]
[18.84, 9.8, 0.34, 0.27]
[18.88, 14.66, 0.51, 0.51]
[19.12, 14.65, 0.6, 0.6]
[19.65, 15.93, 0.82, 0.76]
[19.55, 14.92, 0.66, 0.66]
[18.4, 13.05, 0.82, 0.4]
[19.0, 12.29, 0.44, 0.44]
[19.0, 11.6, 0.32, 0.29]
[18.23, 14.48, 1.32, 0.42]
[19.25, 15.04, 1.19, 0.61]
[18.89, 14.88, 1.15, 0.55]
[19.71, 16.75, 5.33, 0.36, 0.31]
[18.79, 12.68, 0.27, 0.26]
[19.52, 16.58, 2.81, 0.47, 0.46]
[19.47, 14.14, 0.56, 0.56]
[19.03, 15.8, 2.72, 0.38, 0.26]
[19.2, 13.99, 0.41, 0.4]
[19.38, 15.25, 0.87, 0.56]
[19.23, 16.71, 2.88, 0.32, 0.21]
[19.17, 15.31, 0.63, 0.6]
[19.65, 13.24, 0.29, 0.27]
[18.45, 13.02, 0.35, 0.34]
[18.98, 14.95, 0.48, 0.48]
[18.89, 15.25, 1.6, 0.51]
[18.89, 13.07, 0.35, 0.34]
[18.91, 12.63, 0.34, 0.33]
[19.17, 15.56, 0.69, 0.6]
[18.81, 15.83, 3.19, 0.33, 0.25]
[18.34, 13.7, 0.57, 0.47]
[19.02, 14.44, 0.41, 0.4]
[19.45, 15.78, 1.73, 0.48]
[19.09, 16.06, 2.49, 0.38, 0.23]
[18.54, 14.01, 1.03, 0.74]
[18.52, 13.48, 0.64, 0.51]
[18.41, 11.7, 0.33, 0.29]
[18.84, 16.02, 0.97, 0.91]
[19.19, 17.04, 7.81, 0.38, 0.29]
[19.18, 14.83, 0.91, 0.66]
[19.44, 16.0, 1.39, 0.48]
[18.75, 15.36, 2.17, 0.39]
[19.5, 16.97, 3.99, 0.4, 0.28]
[19.8, 16.41, 2.58, 0.39, 0.29]
[19.88, 17.13, 1.61, 0.76, 0.76]
[18.25, 10.11, 0.31, 0.28]
[18.57, 13.49, 0.42]
[18.77, 13.19, 0.3, 0.3]
[18.94, 13.8, 0.43, 0.43]
[18.74, 12.57, 0.45, 0.45]
[19.52, 15.13, 0.64, 0.53, 0.46]
[18.48, 14.35, 0.69, 0.59]
