[35.9, 35.95]
[36.07, 34.99, 29.4, 0.92]
[35.72, 33.13, 11.95, 1.3, 0.2]
[35.71, 35.02, 34.48, 34.0]
[36.14, 33.87, 15.91, 0.24]
[35.67, 35.05, 31.91, 7.31, 0.72, 0.5]
[35.01, 33.07, 21.04, 0.26]
[35.96, 35.52, 35.29, 35.28]
[35.32, 33.52, 21.33, 0.24]
[35.8, 35.26, 34.46, 31.21, 4.0, 1.45, 0.44]
[35.78, 34.84, 34.25, 33.04, 29.08, 5.68, 1.11, 0.4]
[35.21, 32.17, 8.11, 0.95, 0.4]
[35.23, 32.39, 4.85, 1.07, 0.69]
[35.6, 35.15, 35.19]
[35.36, 33.06, 16.35, 0.31, 0.15]
[35.81, 35.31]
[35.81, 35.67, 35.55]
[35.25, 32.9, 14.59, 0.31, 0.21]
[35.28, 32.94, 18.11, 0.23]
[35.76, 34.45, 28.15, 0.84]
[35.77, 34.78, 30.62, 2.08, 1.83]
[35.16, 31.91, 4.82, 1.19, 0.88]
[35.66, 32.47, 7.85, 0.66, 0.46]
[35.61, 32.96, 13.2, 0.31, 0.2]
[35.48, 32.86, 14.21, 0.28]
[35.29, 34.53, 32.27, 13.98, 0.53, 0.32]
[35.82, 35.05, 31.35, 3.7, 0.97]
[35.32, 33.5, 19.79, 0.41]
[35.61, 34.35, 32.55, 22.51, 0.7]
[36.06, 35.33, 32.83, 14.23, 0.38]
[35.12, 34.16, 30.76, 5.11, 0.86, 0.58]
[35.52, 35.06, 35.11]
[35.33, 34.82, 34.04, 33.25, 32.84]
[34.86, 33.72, 27.71, 1.13]
[35.93, 35.16, 32.96, 15.56, 0.16]
[34.9, 33.06, 20.76, 0.3]
[35.85, 32.78, 7.27, 1.02, 0.2]
[35.77, 34.84, 30.26, 3.79, 1.34]
[35.27, 33.92, 27.1, 0.89]
[35.3, 33.11, 16.47, 0.34, 0.19]
[35.24, 33.49, 21.93, 0.24]
[35.58, 32.27, 3.66, 1.78, 1.35]
[35.76, 33.27, 10.87, 0.3]
[35.74, 33.31, 14.26, 0.41, 0.26]
[35.89, 34.92, 31.57, 3.52, 1.84, 1.76]
[35.51, 33.71, 17.85, 0.7, 0.45]
[36.06, 35.26, 34.46, 30.36, 1.28, 1.23]
[35.25, 33.28, 18.69, 0.19]
[35.84, 33.89, 20.02, 0.43]
[36.09, 35.2, 32.74, 12.9, 0.44, 0.3]
[35.19, 33.48, 19.87, 0.31]
[35.7, 35.26, 35.15, 35.05]
[35.78, 33.45, 15.43, 0.72, 0.35]
[35.95, 35.61, 35.39, 35.34]
[35.63, 35.18, 34.94]
[35.77, 33.47, 17.08, 0.62, 0.26]
[34.97, 32.62, 8.4, 0.56, 0.23]
[35.74, 33.84, 21.37, 0.61, 0.5]
[35.32, 34.3, 31.94, 12.73, 0.27, 0.09]
[35.98, 35.19, 32.69, 15.08, 0.09]
[35.55, 34.01, 26.6, 0.76]
[35.65, 34.25, 29.23, 0.68, 0.61]
[35.71, 34.16, 27.67, 0.69]
[35.87, 35.19, 34.44, 33.73, 33.14, 32.56, 32.5]
[36.08, 35.78, 35.55, 35.44]
[35.41, 32.68, 15.54, 0.28, 0.18]
[35.9, 35.36, 33.09, 5.78, 1.83, 0.42, 0.32]
[35.27, 33.36, 19.12, 0.31]
[35.58, 35.06, 33.08, 22.62, 0.85]
[36.06, 34.37, 22.14, 0.18]
[35.14, 34.19, 29.69, 1.9, 0.83]
[35.68, 35.51, 35.3]
[35.82, 34.92, 30.07, 2.17, 1.67]
[35.6, 35.05, 33.79, 27.52, 1.19, 1.05]
[35.54, 34.58, 31.79, 12.82, 0.21]
[35.34, 33.77, 26.89, 0.83]
[35.54, 34.84, 31.65, 8.46, 0.43, 0.32]
[35.29, 34.71, 33.39, 22.88, 0.29]
[35.12, 33.87, 26.69, 0.23]
[35.88, 34.92, 31.14, 3.33, 1.25, 0.77]
[35.71, 34.1, 24.27, 0.59]
[35.34, 33.39, 16.76, 0.55, 0.34]
[36.0, 35.23, 33.29, 19.19, 0.4]
[35.15, 33.1, 18.53, 0.08]
[35.14, 34.24, 29.86, 1.19]
[35.71, 34.97, 34.4, 32.05, 21.44, 0.95, 0.66]
[35.32, 33.31, 18.26, 0.37]
[35.84, 35.13, 33.02, 17.21, 0.52, 0.42]
[35.37, 33.89, 24.3, 0.54]
[35.39, 33.82, 22.26, 0.4]
[35.62, 33.44, 14.25, 0.58, 0.48]
[35.97, 35.79, 35.75]
[35.26, 32.47, 13.3, 0.44, 0.27]
[36.12, 34.8, 27.52, 0.42]
[35.53, 34.84, 31.23, 2.3, 1.1]
[35.38, 33.34, 20.9, 0.39]
[35.89, 35.71, 35.69, 35.59]
[35.05, 34.17, 29.99, 4.53, 0.88, 0.37]
[35.38, 33.19, 21.06, 0.43]
[35.06, 33.16, 16.22, 0.32, 0.2]
