[997, 872, 862, 856]
[997, 902, 864, 862, 860]
[997, 874]
[997, 935, 897, 894]
[997, 901, 884]
[997, 924, 905, 896, 895]
[997, 911, 873, 870]
[997, 959, 940, 939]
[997, 905, 867, 861]
[997, 863]
[997, 955, 933, 929]
[997, 888, 851, 846]
[997, 920, 905]
[997, 882, 866]
[997, 911, 900, 895]
[997, 904, 903]
[997, 910, 896, 893, 891]
[997, 893, 851]
[997, 887, 873, 872]
[997, 876, 867, 863, 860]
[997, 894, 886]
[997, 911, 893]
[997, 903, 887, 884]
[997, 894]
[997, 933, 929]
[997, 914, 895, 894]
[997, 885, 869]
[997, 910, 897, 893]
[997, 883, 857]
[997, 887]
[997, 914, 906]
[997, 898, 875, 874]
[997, 922]
[997, 923, 903]
[997, 882, 864]
[997, 919, 912, 898]
[997, 895, 875, 861, 860]
[997, 904, 898]
[997, 888, 855]
[997, 894, 874]
[997, 893, 879]
[997, 871, 841]
[997, 903, 862, 854]
[997, 902, 897]
[997, 917, 905, 902]
[997, 913, 911]
[997, 876, 870]
[997, 900, 868]
[997, 912, 901, 896]
[997, 890, 889]
[997, 902, 875]
[997, 883, 876]
[997, 905, 881, 875, 866]
[997, 891, 885]
[997, 898, 894, 892]
[997, 886]
[997, 898, 889]
[997, 839, 813]
[997, 884, 877]
[997, 914]
[997, 933, 910, 905, 901]
[997, 875, 874]
[997, 887, 868]
[997, 884, 872, 867]
[997, 923, 921]
[997, 886, 877, 875]
[997, 923, 916]
[997, 885, 884]
[997, 886, 880, 879, 878]
[997, 885, 878]
[997, 891, 875, 869, 867]
[997, 872]
[997, 895, 888]
[997, 918, 895, 888, 881, 878]
[997, 961, 944, 935, 910]
[997, 896, 885, 876]
[997, 905, 901]
[997, 897, 860]
[997, 894, 883, 879]
[997, 934, 912, 911]
[997, 921, 885]
[997, 890]
[997, 892, 872]
[997, 925, 915, 905]
[997, 928, 906, 890, 884]
[997, 880, 869]
[997, 888, 884]
[997, 878, 873, 871]
[997, 901, 899]
[997, 925, 913]
[997, 928, 910, 909]
[997, 883, 873, 871]
[997, 910, 883, 882, 874]
[997, 891, 874, 873]
[997, 920, 898, 891]
[997, 948, 931, 928]
[997, 877]
[997, 876, 858]
[997, 871]
[997, 932, 922]
