[997, 781, 775]
[997, 827, 807, 805]
[997, 837, 828, 822, 820, 819]
[997, 851, 841, 840]
[997, 781, 775, 772]
[997, 832, 800, 793, 791]
[997, 783, 737, 734, 731]
[997, 843, 838]
[997, 822, 817]
[997, 809, 763, 761]
[997, 816, 808]
[997, 812, 808]
[997, 849, 829]
[997, 955]
[997, 810, 777, 767, 763, 762, 761, 759]
[997, 843, 834]
[997, 795, 765]
[997, 855, 847]
[997, 776, 742, 733]
[997, 869]
[997, 851, 834, 831, 829]
[997, 875, 860]
[997, 796, 783, 781]
[997, 785, 759, 758]
[997, 822, 797, 796]
[997, 830, 797, 796]
[997, 868, 863]
[997, 801, 779, 775]
[997, 847, 844]
[997, 846, 825]
[997, 823, 796, 790, 789]
[997, 851, 834]
[997, 909]
[997, 863, 857]
[997, 835, 824]
[997, 808, 773]
[997, 799, 762, 747]
[997, 844, 832]
[997, 823, 799, 798]
[997, 835, 810, 809]
[997, 889, 887]
[997, 875, 867]
[997, 827, 818, 815]
[997, 864, 857]
[997, 807, 779, 776]
[997, 826, 811]
[997, 806, 779]
[997, 791, 755, 754]
[997, 793, 784]
[997, 815, 797, 794]
[997, 798, 761, 759]
[997, 812, 787]
[997, 789, 742, 735]
[997, 804, 757, 741, 735]
[997, 867, 863]
[997, 819, 800, 799]
[997, 820, 787, 781]
[997, 777, 744]
[997, 822, 799]
[997, 848, 836]
[997, 813, 807]
[997, 875, 857]
[997, 846, 836]
[997, 859, 855, 854]
[997, 835, 813, 810]
[997, 813, 783, 781]
[997, 824, 803, 802]
[997, 797, 770]
[997, 838, 821, 818]
[997, 802, 790, 783]
[997, 831, 816]
[997, 819, 803, 802]
[997, 791, 789]
[997, 894]
[997, 862, 857]
[997, 820, 805]
[997, 883, 868]
[997, 849, 848]
[997, 806, 786, 783, 782, 781]
[997, 868, 863]
[997, 808, 781, 780]
[997, 788, 750, 748]
[997, 843, 834, 832]
[997, 813, 792, 786]
[997, 824, 805, 802, 800]
[997, 836, 807, 803]
[997, 815, 774, 768, 765]
[997, 829, 793, 786, 783]
[997, 825, 822]
[997, 834, 829, 826]
[997, 814, 761, 759, 757]
[997, 848, 830]
[997, 775, 749]
[997, 811, 772, 768]
[997, 810, 795]
[997, 823, 814, 810]
[997, 832, 827]
[997, 816, 807, 804]
[997, 844, 828, 825]
[997, 802, 784, 783]
