[997, 889, 862]
[997, 868, 838]
[997, 855, 829]
[997, 863, 838]
[997, 866, 839]
[997, 847, 831]
[997, 844, 816]
[997, 851, 832]
[997, 869, 840]
[997, 882, 842]
[997, 851, 814]
[997, 910, 859, 821]
[997, 863, 834]
[997, 840, 825]
[997, 863, 842]
[997, 871, 839]
[997, 863, 820, 759]
[997, 871, 843]
[997, 888, 839, 804]
[997, 871, 841]
[997, 868, 843]
[997, 859, 826]
[997, 870, 843]
[997, 840, 813]
[997, 863, 837]
[997, 876, 849]
[997, 842, 811]
[997, 867, 832]
[997, 869, 847]
[997, 843, 804]
[997, 876, 845]
[997, 892, 866]
[997, 890, 845, 796, 760]
[997, 876, 858]
[997, 905, 846, 800, 726]
[997, 862, 830]
[997, 835, 812]
[997, 906, 880]
[997, 850, 825]
[997, 866, 825, 706]
[997, 854, 816]
[997, 916, 848, 736, 718]
[997, 880, 831, 762]
[997, 889, 852]
[997, 883, 872]
[997, 866, 840, 834]
[997, 862, 821, 728, 713]
[997, 848, 832]
[997, 863, 833]
[997, 844, 820]
[997, 888, 848]
[997, 872, 837]
[997, 864, 839]
[997, 865, 840]
[997, 876, 837]
[997, 879, 862]
[997, 844, 826]
[997, 857, 821]
[997, 873, 838]
[997, 875, 843]
[997, 877, 848, 846, 845, 843]
[997, 904, 860, 766, 763]
[997, 860, 823]
[997, 838, 815]
[997, 865, 845]
[997, 863, 833]
[997, 837, 814]
[997, 890, 858]
[997, 861, 834]
[997, 888, 868]
[997, 885, 841, 770, 716, 708]
[997, 856, 822]
[997, 856, 815, 758]
[997, 874, 825, 752]
[997, 853, 821]
[997, 893, 858]
[997, 900, 861]
[997, 830, 812]
[997, 864, 836]
[997, 843, 813]
[997, 829, 806]
[997, 876, 846]
[997, 880, 831, 761, 711]
[997, 902, 848, 808, 748]
[997, 911, 871]
[997, 876, 843]
[997, 846, 819]
[997, 891, 873]
[997, 877, 843]
[997, 819, 799]
[997, 851, 827]
[997, 871, 842]
[997, 885, 857, 856, 855, 852]
[997, 834, 820]
[997, 843, 811]
[997, 873, 842]
[997, 921, 897, 896]
[997, 887, 865]
[997, 898, 849, 798, 699]
[997, 846, 826]
