[997, 957, 941]
[997, 925]
[997, 948]
[997, 967, 949]
[997, 921]
[997, 950, 933]
[997, 966, 965]
[997, 938, 932, 924]
[997, 944, 924]
[997, 967, 952, 947, 944]
[997, 924, 919]
[997, 942]
[997, 911]
[997, 929]
[997, 915]
[997, 922]
[997, 928]
[997, 961]
[997, 940, 936]
[997, 934]
[997, 914]
[997, 931, 928]
[997, 928, 927]
[997, 930]
[997, 958, 935]
[997, 954, 948, 947]
[997, 959, 946]
[997, 959, 958]
[997, 981]
[997, 942, 931]
[997, 952, 930]
[997, 957, 950]
[997, 965, 963]
[997, 923, 919]
[997, 941, 935]
[997, 939]
[997, 970]
[997, 936, 928]
[997, 950, 934]
[997, 962, 956]
[997, 948]
[997, 948]
[997, 927, 926]
[997, 951, 933, 926]
[997, 966, 960]
[997, 952]
[997, 958, 957]
[997, 938, 926]
[997, 960, 957, 954]
[997, 951]
[997, 960, 959]
[997, 952, 950]
[997, 941]
[997, 967, 963, 960]
[997, 963, 953, 949]
[997, 942, 928]
[997, 968, 957, 949, 939]
[997, 937]
[997, 953]
[997, 939]
[997, 945, 936, 935]
[997, 943]
[997, 961, 933]
[997, 928]
[997, 943]
[997, 963, 946]
[997, 975, 962]
[997, 943]
[997, 939, 928]
[997, 951, 950]
[997, 906]
[997, 951, 949]
[997, 947, 941]
[997, 964, 949, 945]
[997, 938]
[997, 936]
[997, 948]
[997, 954, 952]
[997, 939, 930]
[997, 951, 949]
[997, 936, 935]
[997, 950, 934]
[997, 978, 969, 959, 958]
[997, 945]
[997, 975, 966, 959]
[997, 926]
[997, 939, 937]
[997, 944, 933, 931]
[997, 937, 934]
[997, 955]
[997, 952]
[997, 952]
[997, 917]
[997, 974, 951]
[997, 949, 943]
[997, 960, 946, 945]
[997, 961]
[997, 937, 925]
[997, 921, 919]
[997, 949, 945]
