[997, 934, 912, 908, 903]
[997, 934, 919]
[997, 912, 898]
[997, 919, 893, 878]
[997, 919]
[997, 929, 909]
[997, 887]
[997, 910, 889]
[997, 906]
[997, 923, 890]
[997, 887, 880]
[997, 936]
[997, 904, 893, 875]
[997, 899, 897]
[997, 910, 901, 897]
[997, 917, 903]
[997, 930, 912, 910]
[997, 929, 920, 916]
[997, 926, 913, 912]
[997, 893, 887]
[997, 889, 884]
[997, 938, 925, 923]
[997, 913, 873, 872]
[997, 928, 915]
[997, 918, 892, 891]
[997, 880, 868]
[997, 916, 908]
[997, 926, 910, 904, 899]
[997, 965, 961]
[997, 909, 887, 886]
[997, 911, 887, 886, 883, 879]
[997, 909, 900]
[997, 919, 900]
[997, 914, 897, 896]
[997, 903, 894]
[997, 904, 900]
[997, 918, 903, 890, 883]
[997, 865, 855, 854]
[997, 938, 928]
[997, 875, 851, 843, 836]
[997, 911]
[997, 892, 876]
[997, 910, 877]
[997, 912, 902]
[997, 897, 861]
[997, 921, 899, 896, 892]
[997, 866, 852]
[997, 884]
[997, 911, 888]
[997, 925, 901]
[997, 915, 901, 892]
[997, 887]
[997, 876, 851]
[997, 915, 895, 886]
[997, 926, 915, 914]
[997, 908]
[997, 930, 918]
[997, 905, 900]
[997, 912, 907, 903, 901, 900]
[997, 912, 891]
[997, 898]
[997, 899, 890]
[997, 916, 906]
[997, 891, 888]
[997, 898, 894]
[997, 899, 896]
[997, 888, 881]
[997, 942, 926, 920, 915]
[997, 912, 900]
[997, 891, 877, 872]
[997, 898, 882]
[997, 902]
[997, 914, 911]
[997, 911, 901]
[997, 904, 885]
[997, 898, 888, 887]
[997, 948, 917, 907]
[997, 920, 907]
[997, 906, 896]
[997, 927, 903]
[997, 922, 904, 894]
[997, 909, 893, 888]
[997, 890, 883]
[997, 926, 912, 911]
[997, 926, 907, 885]
[997, 938, 917, 904, 899, 898]
[997, 927, 901, 895]
[997, 917, 915, 913]
[997, 921]
[997, 901, 868]
[997, 908]
[997, 916, 902, 900]
[997, 938, 931, 927]
[997, 910, 897, 895]
[997, 898, 885, 883]
[997, 901, 893, 891]
[997, 924, 892, 888]
[997, 911, 898]
[997, 862]
[997, 903]
