[997, 965, 964]
[997, 972, 969]
[997, 974]
[997, 978, 975]
[997, 965]
[997, 982, 975]
[997, 973]
[997]
[997, 995]
[997, 993, 986]
[997, 972]
[997, 988]
[997, 968, 962]
[997, 967]
[997, 989]
[997, 952]
[997, 989]
[997, 990]
[997, 953]
[997, 977, 967]
[997, 965]
[997, 984]
[997, 966]
[997, 969]
[997, 983, 972]
[997, 981, 967, 966]
[997, 960]
[997, 987, 983]
[997, 995, 993, 985, 983]
[997, 965]
[997, 962]
[997, 976, 967]
[997, 992]
[997, 965, 964]
[997, 971]
[997, 971]
[997, 970]
[997, 960]
[997, 955]
[997, 977]
[997, 968]
[997, 971]
[997, 964]
[997, 961]
[997, 981]
[997, 963]
[997, 981, 973]
[997, 988, 973]
[997, 961]
[997, 982]
[997, 986, 975]
[997, 967]
[997, 967]
[997, 973]
[997, 949]
[997]
[997, 950]
[997, 975, 973]
[997, 970]
[997, 987, 979]
[997, 971, 961]
[997, 966, 958]
[997, 955]
[997, 966, 965]
[997, 982]
[997, 956]
[997, 985]
[997, 954]
[997, 985, 984]
[997, 983]
[997, 966]
[997, 992]
[997, 946]
[997, 957]
[997, 949]
[997, 968, 960]
[997, 971]
[997, 982, 977]
[997, 964]
[997, 946]
[997, 965]
[997, 968, 965]
[997, 953, 946]
[997]
[997, 945]
[997, 971, 959]
[997, 956]
[997, 965]
[997, 960]
[997, 984]
[997, 969]
[997, 948]
[997, 970, 969, 968]
[997, 966]
[997, 986, 983, 979]
[997, 977]
[997, 957]
[997, 961]
[997, 981]
[997, 986, 984]
