[497, 458]
[497, 427, 416]
[497, 401, 388]
[497, 436]
[497, 436, 413]
[497, 445, 429]
[497, 437, 424]
[497, 444, 442]
[497, 419, 412]
[497, 465, 464]
[497, 442, 430]
[497, 426, 423, 421]
[497, 422, 416]
[497, 437, 422]
[497, 446, 439, 438]
[497, 436, 424, 423]
[497, 433]
[497, 423, 416]
[497, 449, 448]
[497, 439]
[497, 450, 443]
[497, 436]
[497, 441, 417]
[497, 459, 455]
[497, 447, 445]
[497, 423, 422]
[497, 451, 440, 438]
[497, 422]
[497, 426, 425]
[497, 416, 409, 406]
[497, 442, 429]
[497, 432, 429]
[497, 425, 423]
[497, 445, 437, 435]
[497, 457, 445, 436]
[497, 426, 403]
[497, 422, 415]
[497, 452]
[497, 437]
[497, 440, 419, 416]
[497, 435, 434]
[497, 455, 447]
[497, 428, 425]
[497, 415, 406]
[497, 428, 416, 410]
[497, 425]
[497, 426]
[497, 449, 442]
[497, 433, 425, 423]
[497, 431, 429]
[497, 428, 423]
[497, 425, 420]
[497, 440, 439]
[497, 431]
[497, 429, 417, 413]
[497, 429, 422]
[497, 430, 429]
[497, 438, 437]
[497, 431, 422]
[497, 439, 431]
[497, 436, 424]
[497, 435, 421]
[497, 450, 449]
[497, 437, 427]
[497, 437, 429, 427]
[497, 427, 426]
[497, 403, 396]
[497, 459, 454]
[497, 436, 428, 427]
[497, 434, 426]
[497, 433]
[497, 436, 430, 426]
[497, 433, 428]
[497, 420, 402, 399]
[497, 427, 406]
[497, 413, 411]
[497, 455, 453]
[497, 460, 458]
[497, 436, 412, 409, 402]
[497, 410, 400]
[497, 422, 421]
[497, 426, 425]
[497, 417, 401]
[497, 438]
[497, 430, 419]
[497, 428]
[497, 436, 429, 424]
[497, 441, 437]
[497, 445]
[497, 440, 430, 423, 419]
[497, 441, 432, 431]
[497, 436, 426, 419]
[497, 453, 432, 430, 428]
[497, 452]
[497, 421, 420]
[497, 430, 420]
[497, 426, 412]
[497, 443]
[497, 425, 418]
[497, 432, 414]
