[675, 373, 267, 228, 117]
[590, 237, 79]
[566, 99, 89]
[647, 331, 296, 271]
[627, 382, 236, 231, 186]
[670, 93]
[595, 58, 58]
[667, 524, 416, 336]
[565, 232, 115]
[531, 54]
[457, 43]
[644, 232, 140]
[641, 292, 233, 195]
[553, 101, 86]
[693, 510, 409, 379]
[567, 40]
[605, 215, 155]
[659, 471, 360, 356, 351]
[592, 399, 318, 141]
[565, 40, 39]
[509, 23]
[527, 53]
[708, 295, 231, 109]
[544, 44]
[540, 40]
[608, 229, 122, 71]
[625, 184, 132]
[629, 257, 101]
[577, 305, 84]
[586, 262, 52]
[422, 13]
[674, 478, 369, 356, 352, 351]
[638, 304, 186, 104]
[510, 67, 67]
[647, 436, 364]
[577, 388, 202]
[606, 481, 326, 239, 148]
[614, 193, 149]
[658, 312, 223]
[625, 383, 293, 278]
[365, 84]
[544, 390, 338, 320, 270]
[618, 367, 152]
[538, 239, 50]
[607, 39]
[647, 479, 305, 237, 216, 181]
[534, 79]
[667, 519, 386, 376, 344]
[566, 31]
[591, 297, 180]
[652, 60]
[568, 78, 67]
[573, 233, 73]
[578, 287, 78]
[580, 96]
[635, 348, 294]
[633, 438, 399]
[561, 266, 184, 154, 97]
[617, 376, 339]
[628, 78]
[630, 226, 170, 78]
[656, 340, 180, 93]
[535, 174, 74]
[392, 53]
[624, 43]
[673, 461, 300, 278]
[656, 165, 101]
[576, 127, 124, 71]
[631, 488, 286, 248]
[420, 29]
[525, 14]
[343, 47]
[519, 42]
[597, 28]
[567, 92]
[622, 462, 406, 235]
[571, 269, 140]
[538, 272, 138]
[621, 80, 80]
[485, 27]
[545, 22, 22]
[646, 74]
[624, 307, 184]
[596, 298, 251, 246]
[616, 33]
[618, 122, 94]
[631, 400, 94]
[682, 565, 430, 312, 308, 258]
[600, 216, 170]
[691, 186, 113, 80]
[640, 429, 354, 151]
[591, 480, 405, 343, 332]
[515, 68]
[633, 196, 98]
[641, 374, 191]
[463, 64]
[319, 21]
[624, 238, 95]
[643, 111]
[485, 56]
