[790, 259, 182, 145, 116]
[829, 418, 279, 210, 209]
[609, 33, 33]
[747, 280, 210, 198]
[607, 24, 24]
[649, 166, 79, 53]
[854, 526, 408, 354, 347, 316]
[709, 348, 319]
[730, 222, 175]
[693, 192, 146]
[766, 332, 254, 177]
[781, 268, 81, 74]
[735, 371, 324, 320]
[704, 185, 152, 46]
[480, 177, 150]
[743, 297, 254]
[762, 467, 420, 411]
[821, 559, 507]
[703, 260, 66]
[66, 21]
[772, 402, 342, 333]
[810, 389, 237, 53]
[655, 129, 66]
[682, 400, 375, 372]
[668, 279, 213, 178, 172]
[779, 486, 429, 422]
[710, 347, 265, 258, 247]
[774, 340, 113, 108, 81]
[683, 46, 32]
[522, 136, 41, 40, 19]
[744, 405, 351, 343]
[841, 556, 513]
[753, 335, 294, 286]
[719, 472, 458, 456, 452]
[844, 527, 500, 494]
[675, 57, 40]
[750, 427, 360, 357, 352]
[744, 379, 347, 330]
[607, 25, 25]
[716, 83, 33]
[715, 260, 140, 135, 70]
[693, 207, 196]
[724, 291, 225, 209]
[725, 302, 266]
[753, 474, 453]
[577, 140, 122]
[654, 36, 23]
[617, 128, 74]
[824, 467, 410, 402, 393]
[573, 68, 65]
[752, 261, 201, 152]
[6, 4]
[636, 201, 74]
[373, 10]
[835, 430, 306, 280]
[845, 469, 337, 300, 251, 215]
[475, 43, 42]
[668, 173, 132, 116]
[800, 115, 46]
[670, 294, 264, 247]
[799, 416, 381, 377]
[650, 81, 72]
[630, 127, 80]
[701, 231, 205, 189]
[552, 81, 61]
[332, 42]
[706, 197, 130, 116]
[877, 455, 249, 99, 82]
[756, 49, 44]
[149, 9]
[613, 179, 46]
[507, 17, 17]
[586, 111, 72]
[366, 10]
[824, 444, 310, 301]
[738, 130, 24]
[538, 163, 160, 153]
[536, 7, 7]
[854, 603, 588, 579]
[811, 297, 70]
[652, 142, 65]
[54, 4]
[739, 280, 228, 186, 145]
[683, 227, 183, 163, 161]
[678, 167, 88]
[291, 48]
[701, 158, 123, 119, 59]
[746, 261, 101, 74]
[594, 121, 50]
[808, 406, 289, 232, 230]
[683, 321, 161, 134, 102]
[752, 268, 230, 207]
[506, 19]
[473, 38]
[736, 398, 336, 319]
[797, 407, 371, 366]
[710, 171, 57]
[648, 236, 170, 166]
[811, 362, 258, 227]
[656, 105, 32]
