[623, 32, 32]
[684, 22, 22]
[637, 137, 87]
[615, 18, 18]
[634, 30, 30]
[650, 28, 28]
[623, 41, 41]
[595, 31, 31]
[593, 22, 22]
[484, 21, 21]
[627, 18, 18]
[569, 19, 19]
[478, 22, 22]
[594, 104, 98]
[609, 39, 39]
[677, 20, 20]
[698, 95, 79]
[575, 28, 28, 2]
[564, 15, 15]
[598, 39, 39, 2]
[523, 9, 9]
[644, 17, 17]
[669, 18, 18]
[661, 266, 195, 193]
[630, 122, 54, 54, 2]
[612, 30, 30, 2]
[663, 21, 21]
[631, 38, 38]
[552, 43, 43]
[646, 17, 17]
[635, 16, 16]
[582, 20, 20]
[662, 13, 13]
[627, 25, 25]
[633, 22, 22]
[553, 32, 32, 2]
[624, 29, 29]
[630, 29, 29]
[523, 11, 11]
[440, 39, 39]
[584, 42, 42]
[670, 44, 44]
[613, 79, 26]
[450, 23, 23]
[665, 113, 47]
[557, 18, 18]
[590, 25, 25]
[41, 11]
[634, 21, 21]
[623, 51, 42]
[489, 16, 16]
[649, 102, 102]
[538, 32, 32]
[575, 26, 26, 2]
[598, 25, 25]
[618, 43, 43]
[605, 56, 56]
[638, 19, 19]
[537, 23, 23]
[630, 14, 14, 2]
[478, 23, 23]
[486, 20, 20]
[677, 55, 55]
[600, 25, 25]
[617, 41, 41]
[568, 10, 10]
[518, 12, 12, 2]
[584, 23, 23]
[638, 34, 34]
[529, 17, 17]
[572, 34, 34, 2]
[583, 15, 15]
[569, 21, 21]
[634, 24, 24]
[598, 17, 11]
[697, 28, 28]
[609, 29, 29]
[617, 71, 66]
[595, 221, 58, 58, 2]
[613, 38, 38]
[516, 11, 11]
[655, 75, 75]
[505, 18, 18]
[670, 93, 93]
[560, 16, 16, 2]
[634, 100, 92]
[539, 14, 14]
[611, 42, 42, 37, 2]
[595, 36, 36]
[647, 46, 46]
[557, 48, 48, 2]
[523, 17, 17, 2]
[624, 42, 42]
[532, 44, 36, 34, 3]
[591, 73, 73, 5, 2]
[435, 11, 11]
[604, 31, 31]
[624, 25, 25]
[659, 51, 51]
[529, 25, 25, 2]
