[324, 24]
[667, 245, 171, 121]
[600, 59]
[643, 258, 198, 96]
[607, 47]
[534, 52]
[655, 305, 117, 62]
[630, 28]
[623, 341, 235]
[507, 71, 71]
[519, 30]
[557, 62, 62]
[364, 39]
[640, 469, 276, 207]
[577, 29]
[644, 100, 93]
[675, 343, 77]
[606, 65, 57]
[566, 33]
[414, 24]
[679, 285, 52]
[629, 157, 47]
[673, 328, 173, 152]
[536, 23]
[659, 490, 399]
[622, 44]
[595, 63]
[317, 9]
[622, 246, 160]
[674, 154, 71]
[664, 400, 104]
[636, 108, 42]
[646, 352, 267, 174]
[642, 324, 174, 142]
[545, 21]
[478, 13]
[609, 241, 103, 102]
[436, 26]
[601, 349, 290, 200, 81]
[611, 162, 147]
[682, 423, 145]
[646, 34]
[671, 340, 162]
[528, 97, 49]
[652, 178, 150, 113]
[615, 80, 46]
[608, 207, 106]
[603, 61]
[483, 45, 37]
[620, 225, 111, 73]
[684, 86, 68]
[646, 396, 87, 79]
[383, 36]
[450, 33]
[422, 20]
[637, 423, 379]
[625, 118, 116, 81]
[675, 294, 35]
[650, 66, 66]
[641, 84, 42]
[548, 130]
[499, 97, 64]
[635, 100, 80]
[634, 204, 121]
[559, 74, 49]
[586, 38, 38]
[533, 35]
[607, 86]
[554, 57]
[582, 72, 72]
[670, 328, 79]
[591, 214, 62]
[587, 43]
[745, 580, 521, 513]
[585, 49, 48, 30]
[475, 29, 29]
[656, 385, 76]
[517, 32]
[447, 60, 40]
[591, 279, 122, 67]
[615, 241, 63]
[610, 60]
[623, 41]
[582, 246, 168]
[620, 59]
[632, 50]
[597, 302, 54]
[592, 118, 65]
[610, 402, 344, 337, 335]
[599, 139, 69]
[670, 340, 177, 94, 89]
[479, 12]
[546, 97, 46]
[591, 92]
[624, 342, 102]
[652, 370, 210, 115]
[619, 438, 390]
[518, 118, 108, 99]
[605, 215, 185, 95]
[612, 202, 59]
