[305, 69]
[202, 85]
[161, 62]
[390, 119, 85]
[307, 45]
[169, 105]
[315, 109]
[246, 125]
[254, 150, 116]
[221, 38]
[188, 30]
[292, 217, 90]
[269, 48]
[321, 146, 88]
[139, 139]
[394, 182, 105]
[121, 55]
[303, 56, 46]
[220, 71]
[46, 46]
[287, 27]
[265, 34]
[273, 90]
[231, 107, 56]
[213, 82]
[274, 57]
[274, 58]
[300, 81]
[154, 39]
[312, 49]
[265, 126, 104]
[309, 45]
[362, 82]
[54, 53, 42]
[155, 39]
[182, 47]
[340, 48]
[115, 87]
[421, 124, 81]
[320, 39]
[189, 59]
[349, 68]
[214, 48]
[410, 94]
[133, 131, 91]
[263, 106]
[409, 22]
[287, 67]
[260, 203, 198]
[309, 60]
[166, 63]
[284, 147, 134]
[268, 133]
[141, 141]
[344, 187, 107, 107]
[298, 42]
[328, 138]
[230, 179]
[80]
[337, 136]
[325, 209, 89]
[122, 59]
[171, 102, 89]
[206, 146, 53]
[311, 23]
[342, 50]
[273, 111, 103, 56]
[304, 134, 134]
[352, 37]
[130]
[320, 56, 56]
[289, 83]
[348, 178]
[159, 93]
[381, 26]
[195, 91]
[238, 46]
[196, 45]
[238, 75]
[225, 61]
[188, 99]
[269, 48, 34]
[342, 69]
[266, 100]
[135, 117]
[113, 48]
[395, 32, 32]
[263, 114, 79]
[325, 46]
[230, 111]
[249, 52]
[254, 71]
[258, 62]
[303, 40]
[249, 129, 75]
[381, 234, 112, 73]
[62, 48]
[212, 207, 144]
[373, 58]
[319, 66]
