[213, 47]
[453, 70]
[539, 42]
[492, 251, 211, 176]
[428, 83]
[503, 38, 38]
[344, 65]
[357, 28]
[435, 109]
[493, 75]
[373, 142, 61]
[394, 69]
[480, 47]
[471, 147]
[435, 56]
[518, 196, 145]
[426, 102, 40]
[436, 163, 87]
[387, 40]
[447, 31]
[382, 22]
[395, 143, 102]
[380, 97, 74]
[385, 71, 67]
[443, 80, 76]
[442, 72, 44]
[427, 41]
[313, 30]
[536, 149, 52]
[405, 108]
[374, 51]
[479, 86, 71]
[329, 23]
[440, 103]
[459, 235, 111]
[489, 374, 317, 252, 231]
[400, 53]
[551, 290, 148]
[410, 81]
[411, 34]
[439, 26]
[263, 56, 56]
[407, 33]
[378, 49]
[526, 70, 70]
[493, 262, 132]
[540, 217, 40]
[365, 52, 41]
[453, 108, 88]
[370, 62]
[512, 179, 116]
[564, 165, 125]
[397, 39]
[504, 371, 210, 198, 121, 115]
[423, 105]
[472, 54]
[521, 150, 104]
[434, 37]
[403, 14]
[377, 58]
[483, 89]
[465, 77]
[396, 83, 47]
[515, 186, 182, 163]
[397, 53]
[291, 52]
[378, 155, 81]
[496, 59]
[471, 75]
[408, 51]
[473, 49]
[329, 43]
[364, 33]
[411, 124]
[489, 71]
[475, 406, 395, 391, 349]
[500, 110, 91]
[414, 58]
[438, 98, 37]
[461, 62]
[429, 73]
[378, 337, 168]
[431, 125, 103]
[351, 82]
[453, 43]
[523, 78]
[499, 39]
[423, 229, 110]
[488, 187, 122]
[371, 17]
[459, 183, 146]
[433, 27]
[193, 53]
[441, 120, 69]
[385, 68, 41]
[420, 275, 126]
[438, 71]
[415, 65]
[332, 47]
[430, 95, 52]
