[294, 104, 55]
[343, 81, 53]
[211, 51]
[285, 22]
[318, 19]
[358, 272, 168, 123]
[336, 51]
[305, 106, 48]
[365, 188, 124, 35]
[309, 9, 9]
[351, 183, 116, 108]
[292, 155, 142, 65]
[130, 22]
[294, 126, 55]
[333, 139, 98]
[352, 142, 31]
[268, 74, 23]
[206, 40, 37]
[339, 145, 125]
[306, 108, 61, 30]
[306, 18]
[240, 12]
[191, 13]
[275, 18]
[332, 132, 100, 47]
[359, 229, 203, 197]
[332, 133, 129]
[356, 161, 52]
[313, 29, 29]
[302, 115, 79, 77, 45]
[279, 149, 130, 128, 126]
[289, 23]
[313, 88, 23]
[326, 33, 33]
[291, 20]
[283, 13]
[261, 47]
[339, 44]
[340, 132, 59]
[250, 18]
[223, 36, 35]
[301, 45, 38]
[223, 19]
[253, 9]
[346, 64, 46]
[284, 142, 102]
[332, 140, 37]
[329, 94, 92]
[273, 65]
[331, 35, 31]
[309, 16]
[36, 16]
[164, 10]
[331, 137, 78]
[336, 30, 24]
[203, 6]
[367, 172, 132, 131]
[346, 65, 60]
[336, 52]
[29, 27]
[248, 22]
[285, 71, 39]
[319, 30]
[360, 160, 22]
[290, 18]
[318, 52]
[258, 15]
[342, 139, 102, 54]
[313, 29]
[338, 53, 53]
[308, 22]
[348, 182, 50]
[334, 116, 43]
[306, 21, 21]
[337, 176, 114]
[256, 83, 66]
[291, 84, 65]
[352, 212, 95]
[260, 24]
[344, 127, 121]
[310, 88, 85]
[354, 135, 88]
[309, 156, 143, 138]
[334, 157, 49]
[281, 150, 74]
[291, 24]
[330, 236, 144]
[273, 61, 27]
[269, 104, 52]
[305, 16]
[342, 165, 153]
[265, 46, 40]
[343, 117, 58]
[286, 34, 31]
[299, 71]
[340, 43, 36]
[298, 160, 63]
[366, 245, 201, 200]
[327, 114, 37]
[389, 284, 109, 65]
