[327, 45, 45]
[418, 339, 328]
[280, 57]
[340, 230, 184]
[228, 22]
[285, 180, 94]
[290, 84]
[304]
[223, 221]
[95, 92, 88]
[325, 95]
[253, 157]
[326, 155, 85]
[326, 87]
[156, 142]
[377, 41]
[303, 207]
[238, 177]
[336, 60]
[352, 252, 119]
[357, 69]
[421, 357]
[407, 75]
[329, 54]
[277, 136, 55]
[278, 232, 69, 69]
[402, 98]
[279, 240, 148]
[280, 278, 267, 167, 162]
[346, 67]
[320, 45]
[377, 196, 44]
[102, 58]
[381, 118, 106]
[295, 55]
[310, 86]
[360, 88]
[336, 39]
[397, 85]
[341, 117]
[370, 90]
[325, 159]
[330, 43]
[305, 62]
[276, 105]
[288, 27]
[356, 244, 102]
[361, 307, 144]
[332, 41]
[109, 63]
[355, 317, 84]
[371, 59]
[325, 37]
[308, 45]
[372, 52]
[203]
[367, 45]
[373, 221, 217]
[347, 191]
[205, 138, 76]
[318, 158, 61]
[433, 225, 180]
[335, 65]
[386, 119, 100]
[246, 81]
[315, 40]
[269, 194]
[308, 21]
[214, 66, 66]
[306, 102]
[330, 83]
[142, 112]
[341, 57]
[381, 55]
[393, 43]
[348, 220, 73]
[337, 76]
[306, 172, 70]
[356, 40]
[407, 56]
[327, 99]
[428, 124, 97]
[407, 198, 108]
[161]
[437, 84]
[375, 258, 93]
[407, 57]
[403, 101]
[338, 56]
[141, 103]
[352, 39]
[340, 28]
[411, 199, 197, 177]
[316, 37]
[337, 255, 244, 158]
[234, 28]
[334, 64]
[337, 34]
[249, 107]
[212, 89, 65]
