[619, 48, 48]
[634, 23, 23]
[698, 29, 29]
[664, 62, 45]
[556, 34, 34]
[758, 67, 33]
[685, 37, 37]
[687, 68, 68]
[637, 38, 38]
[615, 27, 27]
[600, 36, 36]
[683, 335, 61, 61]
[640, 23, 23]
[700, 20, 20]
[646, 31, 31]
[580, 29, 29]
[559, 14, 14, 2]
[677, 62, 62]
[655, 296, 200, 195]
[648, 45, 45]
[664, 32, 32]
[671, 32, 32]
[710, 50, 50]
[672, 25, 25]
[699, 31, 31]
[645, 58, 58]
[626, 33, 33]
[706, 138, 47]
[679, 146, 93]
[592, 22, 22]
[632, 31, 31]
[617, 30, 30]
[680, 278, 140, 60, 52]
[651, 32, 32]
[618, 263, 89, 88, 3]
[635, 92, 75]
[611, 14, 14]
[551, 136, 64]
[605, 12, 12]
[613, 20, 20, 2]
[615, 11, 11]
[547, 52, 42, 27, 2]
[477, 17, 17, 2]
[486, 12, 12]
[623, 47, 47]
[678, 265, 118, 72]
[667, 48, 46, 46, 2]
[753, 134, 73]
[579, 16, 16]
[702, 100, 39]
[592, 47, 47]
[697, 169, 78]
[677, 30, 30]
[649, 39, 39]
[654, 45, 31]
[602, 23, 23]
[736, 103, 70]
[634, 40, 39]
[632, 59, 59]
[697, 189, 138]
[708, 157, 131, 118, 117, 104]
[559, 65, 65, 5, 2]
[666, 76, 76]
[711, 64, 64]
[680, 28, 28]
[696, 86, 86]
[695, 65, 65]
[651, 76, 60]
[633, 29, 29]
[596, 20, 20]
[698, 218, 70, 70, 17, 2]
[708, 150, 48]
[577, 29, 29, 2]
[509, 18, 18, 2]
[617, 47, 47]
[647, 96, 96]
[617, 85, 85]
[666, 27, 27]
[668, 11, 11]
[633, 38, 38]
[699, 33, 33]
[670, 47, 47]
[645, 155, 72, 72, 2]
[605, 243, 64, 64, 2]
[629, 214, 53]
[522, 22, 22]
[633, 18, 18]
[642, 43, 43]
[654, 40, 40]
[655, 12, 12]
[694, 20, 20]
[658, 43, 43]
[656, 154, 153, 151, 148, 134]
[685, 33, 33]
[692, 18, 18]
[656, 74, 74]
[524, 158, 157, 154]
[429, 13, 13]
[708, 319, 209, 208, 3]
[624, 16, 16]
