[452, 266, 80]
[400, 38]
[317, 58]
[485, 405, 167]
[522, 41]
[491, 372, 214]
[410, 78, 78]
[459, 239, 217, 86]
[565, 319, 83]
[499, 366, 268, 209, 124]
[496, 191, 118]
[431, 68]
[548, 97]
[498, 87]
[516, 133]
[453, 23]
[447, 24]
[403, 108]
[459, 165, 135]
[469, 45]
[519, 63]
[433, 116, 74]
[517, 85, 73]
[537, 98]
[523, 380, 104]
[512, 331, 307, 306]
[451, 306, 182]
[379, 81, 81]
[357, 126]
[505, 256, 70]
[555, 342, 106]
[525, 345, 274]
[382, 253, 244]
[564, 166, 123]
[457, 169, 76]
[470, 77]
[323, 63]
[512, 157, 140]
[524, 302, 114]
[440, 304, 206]
[399, 63]
[381, 94]
[487, 72, 48]
[496, 371, 322, 146]
[415, 120, 109]
[408, 66]
[334, 34, 25]
[519, 245, 135]
[482, 253, 244, 184]
[470, 227]
[412, 123, 123]
[448, 258, 251]
[391, 50]
[549, 454, 443, 427]
[481, 327, 265, 199]
[461, 231, 100]
[510, 407, 267, 181, 82]
[471, 32]
[391, 93]
[519, 57]
[533, 311, 111, 111]
[435, 69]
[490, 376, 63]
[434, 22]
[447, 91]
[496, 225, 91]
[501, 421, 379]
[428, 23]
[569, 229, 84]
[478, 143, 142]
[460, 23]
[517, 99, 98]
[523, 112, 57]
[487, 342, 216, 189]
[428, 105]
[488, 67]
[372, 66]
[468, 254, 243]
[554, 200, 113]
[520, 297, 292]
[452, 38, 38]
[538, 359, 273]
[462, 354, 322, 136, 136]
[361, 32]
[474, 371, 309, 237]
[411, 36]
[464, 149, 72]
[576, 300, 165, 158]
[510, 201, 80]
[499, 84]
[473, 171]
[476, 121]
[539, 66]
[497, 415, 120]
[490, 159, 88]
[473, 360, 155, 142]
[302, 29]
[513, 342, 102]
[508, 85, 45]
[520, 323, 308]
