[683, 191, 119, 58]
[707, 428, 139, 138, 133]
[513, 17]
[690, 512, 362, 346]
[665, 389, 330]
[646, 477, 410, 356, 353]
[673, 433, 178, 144]
[632, 548, 481, 480]
[703, 435, 255, 218]
[642, 55]
[664, 547, 483, 468]
[696, 420, 236, 117]
[657, 438, 372]
[620, 303, 121]
[709, 516, 492, 470]
[511, 59, 59]
[659, 349, 290, 278, 265]
[713, 388, 43]
[652, 357, 215, 199]
[693, 249, 211, 171, 87]
[669, 293, 252]
[666, 329, 141]
[629, 428, 339, 323]
[582, 40]
[680, 531, 524]
[638, 304, 173, 92]
[676, 379, 145]
[697, 508, 476, 465]
[645, 314, 53]
[537, 31]
[714, 584, 554]
[660, 403, 264, 254]
[452, 67]
[642, 340, 71]
[692, 376, 150]
[663, 413, 382, 153]
[660, 359, 265, 93, 66]
[694, 499, 479]
[691, 333, 68]
[676, 335, 129]
[618, 183, 61]
[638, 301, 34]
[728, 444, 289, 230]
[613, 125, 61]
[623, 340, 293, 284]
[596, 100, 49]
[688, 170, 85]
[707, 449, 213]
[624, 421, 368, 360]
[548, 59, 52]
[647, 280, 42]
[684, 216, 142]
[717, 516, 435, 423, 353]
[639, 201, 141]
[622, 110, 89, 78]
[440, 12]
[682, 331, 234]
[599, 14, 14]
[600, 143, 58]
[506, 31]
[671, 527, 431, 381, 335]
[620, 131, 131]
[636, 289, 95]
[711, 382, 259, 220]
[627, 387, 379]
[656, 293, 179, 114]
[654, 486, 462]
[610, 90, 69]
[659, 298, 273, 269, 266]
[643, 168, 111]
[692, 374, 313, 215, 208]
[622, 29]
[638, 189, 84]
[644, 421, 310, 275, 108, 103]
[604, 486, 392, 363, 99]
[647, 250, 203, 142]
[587, 94, 88]
[696, 467, 166]
[661, 335, 273, 183]
[671, 537, 442, 432]
[691, 455, 131]
[533, 36]
[689, 352, 116]
[668, 492, 422, 372]
[681, 534, 432, 284, 249]
[662, 230, 49]
[650, 114, 55]
[633, 112, 49, 40]
[628, 98, 51]
[669, 475, 435]
[646, 521, 455, 452]
[649, 212, 73, 56]
[643, 376, 162, 159, 56]
[674, 305, 113, 113]
[690, 426, 324, 184]
[689, 604, 536, 529]
[555, 18]
[662, 233, 25]
[551, 21]
[685, 569, 518]
