[707, 41, 41]
[823, 459, 401, 393]
[660, 183, 155, 124, 99, 95]
[741, 532, 506, 503]
[719, 108, 86, 46]
[765, 373, 276, 266, 254]
[812, 333, 103, 83, 51]
[588, 164, 140]
[612, 22, 22]
[830, 482, 345, 341]
[637, 182, 167]
[627, 19, 19]
[883, 671, 637]
[149, 33]
[784, 351, 254, 214, 202, 198, 196, 191]
[827, 601, 584]
[769, 225, 32]
[781, 589, 578]
[808, 317, 218, 168]
[536, 179]
[829, 550, 517, 513, 505]
[634, 287, 246]
[729, 177, 97, 61]
[754, 216, 91, 79]
[750, 380, 306, 303]
[852, 560, 496, 491]
[815, 656, 647]
[840, 353, 291, 277]
[527, 111, 88]
[778, 485, 449]
[773, 310, 237, 204, 195]
[838, 630, 602]
[316, 37]
[817, 625, 612]
[807, 596, 585]
[824, 489, 428]
[810, 411, 303, 262]
[811, 589, 566]
[878, 651, 611, 602]
[818, 517, 469, 464]
[433, 61, 50]
[538, 205, 183]
[665, 216, 208, 201]
[765, 556, 545]
[804, 387, 317, 310]
[841, 578, 550]
[719, 208, 42]
[763, 259, 86, 64]
[665, 110, 42]
[740, 264, 210, 202]
[882, 586, 510, 494]
[833, 553, 506]
[836, 392, 256, 221]
[810, 428, 318, 267, 222]
[883, 707, 700]
[787, 371, 337, 334]
[727, 255, 109, 43]
[805, 252, 28]
[707, 340, 273]
[664, 364, 328]
[700, 105, 96]
[844, 670, 646]
[801, 549, 531]
[849, 689, 685, 682]
[733, 312, 241, 234]
[825, 498, 435, 431]
[873, 594, 553, 551]
[800, 348, 287]
[618, 181, 98, 62]
[699, 173, 129, 81]
[804, 511, 486]
[654, 191, 138, 133]
[654, 27, 27]
[339, 13]
[781, 560, 552]
[717, 207, 164]
[506, 202, 123]
[544, 45, 43]
[793, 349, 314, 307, 304, 296]
[835, 653, 642]
[846, 502, 438, 435]
[789, 297, 123, 107]
[682, 280, 257, 255]
[798, 461, 420, 398]
[756, 349, 306, 298, 281]
[762, 327, 237, 226]
[801, 428, 296, 279, 271]
[852, 615, 558, 543, 530]
[478, 6, 6]
[565, 121, 114, 78]
[820, 400, 220, 217, 212]
[790, 581, 552]
[817, 249, 33]
[804, 364, 166, 117]
[781, 406, 374]
[842, 566, 541, 529]
[582, 58, 58]
[621, 137, 93, 75]
[890, 669, 635, 626]
[815, 462, 423, 418]
