[686, 545, 462, 438, 411]
[685, 546, 504]
[661, 464, 414]
[714, 540, 464, 350]
[471, 79]
[695, 542, 465]
[534, 68]
[640, 360, 175]
[497, 37]
[688, 418, 102]
[631, 218, 159]
[753, 635]
[652, 372, 311, 66]
[634, 107, 90]
[676, 379, 310, 299]
[660, 409, 342]
[672, 542, 464, 461]
[546, 296, 258, 245]
[665, 541, 506, 502]
[680, 301, 216]
[639, 178, 53]
[662, 503, 422, 379]
[677, 490, 191, 185]
[638, 315, 165]
[602, 362, 96, 96]
[629, 218, 52]
[565, 156, 40]
[500, 299, 200, 147, 82]
[704, 638, 632]
[643, 360, 240, 228]
[631, 278, 118, 114, 109, 55]
[621, 390, 362]
[569, 316, 231]
[647, 364, 276, 266]
[611, 303, 191]
[684, 483, 464]
[666, 403, 355, 290, 209]
[723, 212, 143, 141]
[664, 533, 499]
[697, 403, 317, 297, 139]
[447, 43]
[682, 289, 114]
[665, 469, 324]
[712, 522, 471]
[668, 438, 97]
[675, 394, 162, 156, 93]
[668, 191, 38]
[634, 164]
[659, 395, 133]
[676, 439, 192]
[605, 338, 280, 151]
[667, 147]
[703, 298, 75]
[665, 433, 336, 268]
[696, 537, 500, 496]
[442, 38]
[636, 426, 362]
[616, 217, 107]
[610, 358, 347, 284, 278, 245]
[625, 338, 121]
[617, 77]
[701, 484, 451]
[643, 361, 326]
[657, 279, 224]
[656, 327, 305]
[468, 81, 76]
[599, 151, 74]
[702, 586, 538, 526, 446]
[572, 230, 114]
[629, 339, 256, 157]
[610, 219, 40]
[527, 77]
[715, 557, 540]
[599, 421, 368]
[655, 385, 307]
[672, 420, 400, 394]
[709, 623, 491, 447]
[644, 442, 391]
[551, 144, 63]
[627, 438, 284]
[690, 487, 423, 348]
[700, 474, 413, 374]
[616, 190, 46]
[683, 513, 457, 456]
[702, 468, 392, 189]
[668, 509, 443, 362, 336, 327]
[669, 483, 381, 345]
[457, 179, 161, 102]
[483, 75]
[642, 316, 49]
[466, 44]
[680, 384, 319, 300]
[701, 554, 541, 531]
[567, 240, 84, 41]
[661, 292, 218, 193]
[607, 245, 170, 144]
[720, 529, 356, 343]
[538, 247, 86]
[632, 93]
[456, 60]
