[159, 14]
[362, 174, 84]
[342, 96, 29]
[271, 15]
[375, 217, 73]
[312, 125, 30]
[348, 229, 187]
[290, 112, 109]
[344, 19, 19]
[327, 271, 264]
[316, 180, 78]
[344, 156, 146, 89]
[348, 110, 51]
[365, 254, 208]
[274, 129, 93, 66]
[358, 209, 182, 178]
[249, 35]
[342, 75, 22]
[274, 134, 128]
[257, 13]
[365, 260, 217]
[242, 22]
[379, 232, 137]
[313, 231, 219]
[299, 176, 173]
[328, 104, 64]
[373, 257, 218, 213]
[323, 46]
[313, 28, 28]
[351, 120, 117, 97]
[340, 174, 30]
[321, 91, 54]
[354, 105, 81]
[361, 257, 201, 195]
[360, 253, 235, 195]
[356, 182, 52]
[321, 98, 20]
[256, 60]
[318, 21]
[358, 247, 94, 53]
[296, 96, 61]
[286, 197, 179]
[366, 202, 193]
[322, 53, 35]
[362, 201, 146, 58]
[347, 28]
[325, 61]
[359, 242, 229]
[372, 225, 190, 185]
[347, 255, 250]
[391, 162, 103]
[351, 98, 57]
[288, 156, 153]
[355, 64]
[369, 195, 96, 42]
[362, 211, 190]
[318, 98, 81]
[338, 83, 64]
[363, 115, 32]
[372, 237, 217]
[360, 239, 207]
[375, 278, 211]
[360, 270, 267]
[327, 143, 81]
[349, 108, 67, 44]
[360, 76, 76]
[367, 73, 39]
[385, 319, 310]
[353, 157, 89, 83]
[340, 177, 103]
[293, 25]
[375, 192, 166, 148]
[358, 164, 158]
[380, 167, 85, 40]
[351, 201, 50]
[339, 44, 44]
[335, 157, 149]
[208, 116, 114]
[361, 209, 113, 104, 31]
[334, 80, 80]
[341, 60, 44]
[337, 49, 44]
[391, 139, 48]
[238, 12]
[361, 172, 103]
[325, 17]
[371, 258, 245, 214]
[357, 235, 222]
[206, 34]
[330, 191, 162, 131, 108]
[371, 251, 221, 219]
[329, 231, 204, 181]
[392, 287, 133, 122, 107]
[195, 12]
[357, 54, 51]
[353, 164, 31]
[373, 150, 28]
[305, 32]
[348, 144, 99]
[373, 196, 28]
