[3.44, 0.59, 0.54]
[3.38, 0.58]
[2.02, 0.99]
[2.76, 2.18]
[3.31, 2.4, 1.99]
[1.2, 0.92]
[1.29]
[3.26, 2.51, 2.28]
[3.09, 1.11, 1.08]
[2.65, 2.18, 1.48]
[2.41, 1.45, 0.75]
[2.73, 1.72, 1.26]
[3.55, 2.74, 2.56]
[2.76, 0.73, 0.72]
[3.09, 2.16, 1.79, 1.23]
[2.08, 1.18, 0.95]
[5.07, 0.94, 0.48]
[1.47, 0.44]
[3.33, 2.94, 2.26, 2.03, 1.67]
[4.13, 0.62, 0.43]
[2.05, 1.44, 1.33, 0.71, 0.64]
[3.96, 1.14, 0.54]
[3.11, 1.84, 0.92]
[4.38, 2.9, 2.64, 1.26]
[4.12, 0.76, 0.61]
[2.3, 1.24, 1.2]
[2.4, 1.14, 0.97, 0.75, 0.48]
[1.48, 0.36]
[2.56, 2.18, 1.17, 0.61]
[2.38, 1.78, 1.36]
[0.76]
[3.03, 1.84, 1.41]
[6.41, 4.85, 4.2, 3.52, 3.28]
[3.61, 1.09, 1.07, 0.78]
[1.56, 0.65]
[1.58, 0.93, 0.46]
[2.75, 1.94, 1.73, 1.24]
[2.98, 1.29, 1.02]
[1.88, 0.93]
[2.16, 0.54, 0.49]
[2.69, 0.41]
[3.16, 1.71, 0.6, 0.54]
[3.76, 3.03, 2.37]
[3.62, 0.91]
[1.85, 0.89, 0.8]
[4.02, 1.09, 0.41]
[2.16, 0.74, 0.72, 0.62, 0.45]
[1.3]
[1.08, 0.81]
[1.58]
[4.18, 3.26, 3.15]
[2.78, 0.47]
[2.72, 1.25, 0.54]
[4.17, 1.68, 0.51]
[2.93, 2.57, 2.52]
[2.24, 0.47]
[3.66, 1.24, 0.77, 0.38]
[1.74, 0.71, 0.64]
[1.51, 0.79, 0.51, 0.44]
[2.39, 1.36, 1.16]
[2.91, 0.87, 0.63]
[3.01, 2.08]
[1.69, 0.65]
[1.62, 0.16]
[2.67, 1.31, 0.52]
[2.01, 1.2, 0.82]
[3.39, 1.24, 1.08]
[2.09, 1.91, 1.91]
[2.11, 1.33, 0.58]
[2.75, 2.31, 2.18]
[3.66, 1.73, 1.37]
[4.82, 3.1, 2.81]
[1.79, 1.38, 0.68]
[3.3, 0.68, 0.68]
[3.2, 1.76, 0.44]
[3.45, 2.28]
[4.32, 3.1, 1.67, 0.56]
[2.6, 2.26]
[3.34, 2.34, 1.85, 1.78, 1.7, 1.52]
[2.16, 0.59]
[3.01, 0.68, 0.56]
[1.33, 0.79]
[1.19, 0.55]
[3.79, 1.86, 1.61]
[3.92, 3.71, 3.12, 2.82]
[3.33, 2.46]
[3.44, 1.34, 0.63]
[3.4, 2.24, 1.94]
[2.78, 0.66]
[3.75, 3.61, 3.55]
[4.55, 3.92, 3.33, 3.3]
[5.58, 4.8, 4.41]
[2.48, 1.86, 1.11, 1.0, 0.83]
[1.14, 0.69, 0.49]
[5.38, 3.09, 1.58]
[1.72, 1.32]
[2.51, 1.43, 0.76]
[2.57, 0.27]
[2.07, 1.82, 0.72, 0.65]
[4.13, 2.5, 2.29, 2.09]
