[25.79, 23.41, 22.84]
[3.15, 0.75, 0.75]
[26.85, 25.73, 25.61]
[6.24, 3.08]
[26.59, 23.72, 23.68]
[17.0, 10.33]
[24.77, 19.59, 19.47]
[25.94, 23.76, 23.69]
[25.67, 23.28, 22.89]
[25.96, 18.26, 17.14]
[26.58, 24.98, 24.93]
[23.4, 14.83, 13.63]
[21.41, 12.55, 11.71, 11.57]
[23.09, 18.79, 18.55]
[15.38, 0.98, 0.8, 0.52, 0.27]
[21.97, 4.13, 3.44, 3.4]
[27.24, 25.23, 25.21]
[27.17, 24.62, 24.58]
[24.52, 20.06, 19.74]
[27.46, 24.9, 24.73]
[24.74, 20.14, 19.19]
[27.44, 24.44, 24.16, 23.88]
[24.09, 18.44, 18.01]
[25.39, 20.75, 20.08, 19.97]
[28.32, 27.0]
[12.83, 0.71, 0.59]
[18.51, 1.6, 0.91, 0.81, 0.73, 0.68]
[25.76, 23.61, 23.01]
[23.29, 20.38, 20.24]
[19.32, 8.02, 7.62]
[24.18, 16.92, 15.78, 15.49]
[26.97, 25.37, 25.05]
[29.34, 28.41, 28.38]
[27.92, 25.83, 25.72]
[23.23, 14.43, 14.04]
[25.58, 23.34, 23.34]
[25.17, 21.29, 21.26]
[22.48, 10.43, 9.14, 9.02]
[27.02, 24.11, 24.06]
[24.84, 20.99, 20.68]
[26.88, 21.6, 21.45]
[27.22, 24.13, 23.79]
[25.7, 24.35, 24.0]
[29.68, 28.3]
[25.04, 23.54, 23.21]
[24.49, 18.93, 18.33]
[26.31, 22.73, 22.7]
[28.85, 27.08, 26.81]
[23.68, 19.38, 19.04]
[25.64, 22.41, 22.13]
[19.05, 14.2, 13.67, 13.51]
[18.27, 14.86]
[0.52, 0.39]
[26.78, 25.4]
[29.82, 27.67, 27.58]
[25.77, 21.66, 21.02]
[12.25, 1.66, 1.36]
[18.49, 5.36, 5.19]
[29.14, 28.76, 28.63]
[23.77, 18.35, 18.26]
[10.64, 0.12, 0.12]
[19.95, 14.83, 14.77]
[21.26, 14.43, 14.15]
[24.25, 21.67, 20.34, 20.25, 20.07]
[31.26, 29.79, 29.7]
[27.71, 25.47, 25.46]
[25.39, 22.42, 21.69, 21.53]
[24.52, 17.63, 15.79]
[16.74, 2.94, 2.12]
[27.77, 26.81, 26.65]
[25.48, 23.2, 23.08]
[15.87, 3.96, 3.61, 3.51]
[23.06, 18.02, 17.36, 17.1]
[19.52, 14.24, 13.9]
[27.01, 24.9, 24.52]
[19.99, 8.53, 6.85, 6.69]
[20.65, 15.03]
[9.51, 0.08, 0.08]
[26.34, 24.23, 24.05, 23.96]
[26.0, 23.16, 22.7]
[8.61, 0.73, 0.64, 0.63]
[26.41, 26.02, 25.91]
[23.27, 19.13, 19.06]
[19.76, 16.2, 15.92]
[27.07, 25.79, 25.78]
[14.85, 10.78]
[24.26, 21.44, 21.34]
[24.97, 24.52, 24.36]
[22.49, 16.79, 16.09]
[27.07, 25.43, 25.2, 24.86]
[29.4, 27.29, 27.13]
[22.07, 17.87, 17.74]
[27.24, 24.32, 24.2]
[21.31, 15.56, 15.34]
[9.29, 0.2, 0.14, 0.11]
[24.57, 19.8, 18.9, 18.77]
[26.11, 21.37, 21.23]
[27.2, 24.16]
[28.22, 26.81, 26.81]
[27.38, 25.9, 25.77]
