[10.68, 8.07, 8.04]
[8.14, 0.71, 0.43]
[12.31, 6.43, 4.91, 4.44]
[12.41, 11.98]
[11.43, 10.75, 10.71]
[10.7, 5.82, 4.57, 4.34]
[11.21, 7.64, 7.57]
[13.78, 11.13, 10.58, 10.49]
[12.42, 11.35, 11.25]
[11.33, 6.29, 4.6, 3.69]
[9.76, 8.56, 8.53, 8.45]
[9.66, 5.39, 1.9, 0.53]
[11.71, 8.87, 6.7, 6.63]
[7.96, 0.27]
[9.52, 4.13, 2.84, 2.69]
[12.84, 7.21, 6.29, 6.08]
[11.2, 10.49, 10.48]
[12.53, 11.51, 11.45]
[11.3, 4.23, 1.96, 1.19]
[9.98, 4.91, 4.8, 4.7]
[13.56, 12.33, 12.31]
[11.54, 7.03, 6.12]
[9.52, 3.36, 0.91]
[13.46, 13.02, 12.84, 12.62]
[12.8, 11.62, 11.39]
[12.1, 11.52, 10.9]
[9.6, 9.31, 9.22]
[11.58, 10.18, 9.69, 9.6]
[12.18, 10.89, 10.83]
[11.58, 9.61, 9.04, 9.0, 8.87]
[13.1, 12.39, 12.3]
[7.03, 0.71, 0.48]
[11.1, 6.06, 4.16, 3.47, 3.21]
[12.4, 10.81, 10.45]
[8.96, 6.83, 5.56]
[13.61, 12.12, 11.67]
[14.46, 12.86, 12.55]
[10.03, 9.15, 8.96, 8.84]
[12.95, 12.63]
[15.08, 13.78, 13.04]
[10.48, 8.66, 8.07, 7.08]
[5.65, 0.2]
[6.91, 0.47, 0.44]
[12.47, 10.2, 9.86, 9.84]
[9.07, 4.78, 3.57, 3.46]
[10.28, 7.68, 6.39, 5.32]
[12.1, 8.28, 8.1, 7.68]
[9.16, 2.77, 1.56]
[11.04, 9.64, 8.88, 8.78]
[13.6, 11.07, 10.72]
[13.29, 12.72]
[8.91, 0.63, 0.59]
[12.65, 8.9, 8.65]
[9.05, 4.17, 3.26, 2.86, 1.81, 1.75]
[12.41, 11.49, 10.98, 10.85]
[15.2, 13.84, 13.59, 13.41]
[11.87, 11.5]
[10.24, 3.59, 1.98, 1.06, 0.95]
[13.73, 12.63, 12.48, 12.32]
[14.96, 14.54, 14.31, 14.29]
[15.7, 14.86, 14.46]
[10.89, 9.46, 8.76, 8.04, 8.0, 7.71]
[15.7, 15.09, 14.86]
[13.31, 10.81, 10.78]
[10.76, 8.08, 7.97, 7.79]
[12.12, 10.15, 10.13]
[13.13, 11.93, 11.29]
[13.93, 10.22, 9.48, 9.43]
[4.77, 0.14]
[11.14, 9.16, 8.52]
[10.69, 7.31, 6.3, 5.38]
[11.22, 10.13]
[11.48, 10.47, 10.29]
[14.95, 13.56, 13.05, 12.68]
[11.57, 8.38, 7.8, 7.64]
[12.45, 10.68, 10.04]
[13.96, 12.86, 12.13, 10.9, 10.87]
[15.76, 13.92, 13.89]
[4.72, 0.32, 0.32]
[12.14, 4.38, 2.03, 1.43]
[12.07, 7.84, 6.69, 6.46]
[11.5, 10.04]
[10.98, 8.97, 8.81, 8.56]
[11.48, 9.31, 8.79]
[9.99, 8.08, 7.08, 6.82, 6.76]
[9.28, 8.04, 7.83]
[14.69, 14.11, 14.02]
[8.63, 4.23, 1.89, 0.76]
[11.47, 10.16, 9.99]
[11.55, 3.43, 2.23, 2.22]
[13.28, 10.37, 9.8]
[8.93, 0.38, 0.32]
[10.37, 6.33, 5.81, 5.35]
[8.96, 7.93, 7.48, 7.28]
[10.42, 5.35, 1.77, 0.89]
[13.07, 10.99, 10.64]
[10.01, 9.39, 9.19, 9.14]
[11.93, 8.69, 8.49]
[11.57, 9.81, 9.69]
[12.49, 9.37, 7.82, 7.51]
