[9.79, 0.65, 0.45, 0.39, 0.05]
[9.71, 0.18, 0.17]
[13.76, 6.73, 3.52, 1.18]
[13.07, 8.06, 4.25, 4.16]
[13.01, 4.44, 2.55, 2.66, 1.84, 1.37]
[12.36, 2.23, 0.75, 0.45]
[15.54, 4.02, 2.37, 2.3]
[14.79, 2.87, 0.9, 0.52]
[12.1, 1.51, 1.04]
[16.13, 12.12, 8.58, 5.94, 5.13, 5.04]
[14.97, 2.89, 1.63, 0.88]
[19.24, 6.72, 5.11, 4.7, 4.63, 4.4]
[8.38, 0.36, 0.36]
[10.88, 0.67, 0.55]
[8.72, 0.33, 0.32]
[12.08, 0.43, 0.38]
[12.03, 0.48, 0.2, 0.13, 0.05]
[11.56, 9.27, 6.43, 1.45, 1.46]
[4.07, 0.18, 0.17]
[12.94, 1.85, 0.71, 0.51]
[11.76, 0.19, 0.18]
[11.66, 1.31, 1.0, 1.0]
[8.09, 0.74, 0.47, 0.43, 0.05]
[10.26, 7.88, 4.58, 2.8, 2.71, 2.58, 2.42, 1.27]
[13.33, 5.53, 1.18, 0.84]
[7.72, 0.15, 0.13]
[10.41, 0.25, 0.23]
[10.65, 3.28, 1.76, 1.74, 1.81]
[10.64, 0.26, 0.19]
[11.64, 0.37, 0.3]
[13.45, 8.38, 2.56, 1.06]
[10.47, 4.39, 1.95, 1.66]
[15.61, 3.7, 0.65, 0.67]
[9.99, 0.16, 0.15]
[10.83, 3.13, 1.31, 0.82, 0.67]
[13.01, 0.39, 0.37, 0.36]
[13.41, 4.62, 0.27, 0.26]
[11.76, 10.44, 8.97, 7.05, 6.4, 6.02, 5.92]
[13.58, 2.56, 0.8, 0.48, 0.42]
[11.62, 9.05, 1.97, 0.54, 0.5]
[13.25, 5.81, 4.75, 4.18]
[13.62, 5.38, 3.44, 2.58, 0.46]
[13.65, 4.94, 1.81, 1.58]
[10.61, 0.73, 0.47]
[8.57, 6.29, 3.28, 0.99]
[11.06, 0.19, 0.18]
[11.96, 1.18, 0.53]
[13.33, 4.18, 1.75, 1.85]
[12.01, 0.75, 0.37, 0.35]
[10.56, 4.99, 4.25, 3.17, 1.84, 1.0, 0.93]
[12.29, 0.19, 0.19]
[11.37, 2.41, 0.64, 0.61, 0.05]
[8.03, 0.17, 0.16]
[10.23, 0.61, 0.45]
[12.65, 0.42, 0.39]
[13.38, 1.22, 0.36]
[10.83, 0.65, 0.47]
[10.42, 5.03, 1.23, 0.73]
[12.19, 2.33, 0.53, 0.52]
[9.68, 1.92, 1.19, 0.76, 0.77]
[12.81, 6.65, 3.79, 3.34, 3.06]
[12.03, 0.18, 0.17]
[10.21, 0.2, 0.19]
[13.01, 5.52, 0.72, 0.49]
[14.01, 2.03, 0.31, 0.28, 0.05]
[12.87, 3.78, 0.39, 0.35]
[10.11, 6.45, 3.7, 3.49]
[15.47, 1.6, 0.68, 0.58]
[10.36, 2.1, 0.45, 0.46, 0.05]
[11.18, 1.85, 0.43, 0.39, 0.05]
[11.46, 5.19, 2.01, 0.93]
[10.4, 0.18, 0.17]
[14.23, 1.31, 0.73, 0.51]
[13.86, 3.98, 1.14, 1.2]
[9.28, 0.56, 0.56, 0.5, 0.4]
[12.78, 4.24, 1.52, 1.33, 0.82]
[10.42, 0.48, 0.4]
[11.48, 0.63, 0.22]
[12.83, 0.35, 0.35]
[10.56, 0.37, 0.37]
[12.86, 8.45, 1.3, 0.62]
[13.61, 6.59, 5.44, 2.22, 1.71, 0.87, 0.83]
[11.87, 0.57, 0.48]
[12.25, 1.41, 0.66]
[12.89, 5.27, 2.88, 2.18, 2.31]
[6.07, 0.11, 0.1]
[11.55, 2.03, 0.52, 0.52, 0.05]
[14.23, 2.1, 0.48]
[13.48, 0.39, 0.35, 0.28]
[11.3, 7.75, 5.43, 3.28, 1.57, 0.87]
[11.38, 5.76, 2.6, 2.02]
[10.09, 7.37, 1.75, 0.61]
[11.33, 0.24, 0.24]
[9.29, 4.25, 2.16, 1.48, 1.47]
[13.67, 4.16, 0.32, 0.31]
[12.6, 7.34, 4.01, 3.41, 3.33, 3.28]
[12.41, 1.09, 0.63]
[11.02, 0.29, 0.29]
[12.86, 8.05, 4.15, 1.66, 0.64]
[11.82, 2.44, 1.59, 1.28]
