[5.31, 4.68]
[4.44, 3.98]
[5.06, 3.86, 2.86, 2.56]
[7.2, 6.1, 5.48, 5.21]
[2.46, 0.35]
[5.85, 5.34]
[5.48, 2.24, 0.94]
[10.04, 8.15, 7.6]
[4.65, 3.93, 1.3, 0.48]
[6.23, 1.98, 1.72, 1.34]
[6.64, 3.33, 3.11]
[5.82, 4.72, 4.61]
[4.92, 1.09, 0.75]
[6.38, 4.75, 3.57, 3.5]
[5.25, 3.73, 3.49]
[4.89, 4.74, 4.72, 4.67]
[6.79, 5.9, 5.89, 5.88]
[6.83, 3.37, 2.48, 1.51]
[4.28, 2.43, 2.16, 1.2, 1.1]
[8.03, 6.12, 5.75]
[5.13, 1.51, 0.96]
[3.93, 1.46, 0.51]
[5.37, 3.65, 3.46]
[5.28, 4.13, 3.82, 3.8]
[4.88, 2.52, 0.72]
[6.79, 2.96, 1.66, 1.5, 1.02]
[0.97, 0.35]
[4.5, 2.26, 0.36]
[5.18, 2.8, 1.85]
[5.59, 4.15, 2.37, 2.11, 1.9]
[7.15, 6.17, 6.13]
[5.29, 1.98, 0.49]
[4.81, 3.26, 2.01, 1.95]
[5.38, 3.85, 2.53, 1.7]
[6.12, 5.49, 4.97, 4.38]
[9.3, 6.84, 6.01]
[7.34, 5.35, 4.86, 4.83]
[3.82, 2.82, 2.44]
[6.37, 4.72, 3.62, 3.27]
[6.06, 3.08, 1.52, 0.95, 0.72]
[2.55, 0.5, 0.46]
[6.81, 5.37, 5.28]
[5.79, 3.91, 1.93, 1.23]
[2.92, 1.84, 1.5, 1.23, 1.16]
[4.15, 1.26, 1.0]
[3.56, 0.31]
[5.6, 0.62]
[5.25, 4.29, 3.35, 2.72, 2.52]
[5.69, 2.92, 1.35, 1.08]
[4.46, 2.55, 1.31, 1.05]
[4.77, 0.82, 0.47]
[1.32, 0.22]
[6.37, 5.49, 5.46, 5.37]
[5.68, 5.28, 5.27]
[4.88, 3.49, 2.33, 1.38]
[5.3, 4.64, 4.62]
[5.81, 2.39, 1.86]
[5.34, 0.33, 0.27]
[7.07, 4.68, 3.75, 3.7]
[0.31, 0.13]
[4.21, 1.51, 0.75, 0.73, 0.58]
[3.61, 0.91, 0.7]
[6.52, 3.95, 3.63, 3.0, 2.64]
[4.95, 3.98, 3.75]
[4.17, 3.04, 2.71]
[5.72, 3.53, 1.98, 1.58]
[3.03, 0.61, 0.4, 0.39]
[5.28, 3.14, 1.74, 0.5]
[4.94, 0.35]
[4.5, 1.49, 0.66]
[5.64, 1.46, 0.72]
[5.45, 2.59, 0.51]
[6.64, 3.54, 1.74, 1.29, 1.2, 0.78]
[7.56, 5.51, 4.75, 4.55]
[5.04, 0.41]
[3.62, 3.15, 2.45, 2.4]
[4.3, 0.44, 0.44]
[4.39, 3.44, 2.54, 1.89]
[6.41, 1.78, 1.01]
[5.54, 0.65, 0.63]
[3.64, 1.1]
[5.84, 3.78, 2.15, 1.34]
[2.55]
[7.36, 3.8, 3.17, 3.0]
[5.8, 3.92, 3.58, 3.09, 1.42, 0.9]
[4.48, 0.41]
[5.45, 4.81, 4.74, 4.54]
[7.29, 7.07, 7.02]
[4.05, 0.74, 0.47]
[4.33, 3.35, 3.29, 3.28]
[6.63, 5.28, 4.86]
[5.03, 3.52, 2.13, 2.11]
[5.49, 1.37, 0.63]
[6.9, 1.3, 1.06]
[4.93, 3.67, 3.26, 2.68, 2.63, 2.28]
[6.81, 6.46]
[4.58, 4.32]
[6.97, 6.11, 6.0, 5.83]
[6.54, 0.36]
[9.4, 7.86, 7.21, 7.0]
