[11.77, 7.18, 4.93]
[12.26, 11.16, 10.99]
[11.53, 9.29, 8.62]
[11.29, 8.37, 8.08, 8.0]
[9.53, 7.07]
[11.28, 8.59, 7.32, 6.71, 6.58]
[14.16, 10.44, 9.38, 8.99]
[12.82, 9.67, 7.38, 7.28]
[13.89, 11.48, 11.07]
[12.71, 11.14, 10.7]
[13.7, 12.76, 12.74]
[9.5, 4.85, 3.77]
[13.32, 10.79, 10.53]
[4.67, 0.16, 0.16]
[10.7, 8.79, 8.52]
[9.79, 5.51, 4.2, 3.81]
[12.08, 2.14, 0.24]
[9.49, 4.54, 2.92, 1.81]
[10.37, 4.52, 2.11]
[12.65, 11.79, 11.33]
[9.54, 3.87, 0.92, 0.9]
[10.14, 7.27, 6.78, 6.72]
[10.69, 9.94, 9.06, 8.83]
[11.95, 5.33, 4.76, 4.54]
[12.4, 8.84, 5.52, 4.51, 3.24, 1.77, 1.74]
[9.46, 3.94, 3.03, 2.39, 2.24]
[12.4, 11.16, 10.09, 10.02]
[11.41, 9.09, 8.7]
[13.09, 11.76, 11.64]
[9.85, 1.12, 0.27]
[12.78, 6.05, 3.16, 2.27]
[11.14, 4.29, 1.73, 1.23, 1.2]
[9.68, 7.42, 6.62, 6.23, 6.02]
[13.91, 12.45, 11.96]
[12.5, 11.8, 11.62]
[10.39, 9.68, 9.16, 9.14]
[13.39, 11.86, 11.8]
[12.6, 8.85, 8.22, 8.0]
[12.11, 10.33, 9.88]
[10.06, 6.04, 5.34]
[12.79, 8.84, 8.3]
[13.26, 8.36, 7.72, 7.21]
[13.81, 11.87, 11.35]
[11.58, 7.06, 4.86, 4.33, 4.32]
[12.78, 7.17, 6.28, 5.96]
[9.43, 6.68, 5.49, 4.41, 4.34]
[11.96, 9.54, 8.41, 7.99, 7.9, 7.85]
[0.04, 0.03]
[9.92, 2.96, 0.81, 0.62]
[11.78, 9.67, 7.89, 7.79, 7.46, 7.25]
[10.01, 3.78, 1.34, 0.58]
[12.33, 10.27, 9.61, 9.6]
[10.29, 7.47, 4.75, 4.22, 4.18]
[12.21, 10.49, 9.52, 9.19, 8.63, 8.6]
[13.8, 11.9, 11.52, 11.06]
[11.73, 10.03, 9.76, 9.44]
[10.24, 2.51, 0.55]
[12.62, 10.47, 9.07, 8.97]
[14.01, 10.72, 10.65]
[12.85, 9.89, 7.87]
[16.54, 13.89, 13.36, 12.79, 12.64, 12.59]
[11.34, 9.19, 8.88, 8.59]
[15.07, 13.39, 12.89, 12.76, 12.71]
[12.85, 4.6, 2.88, 2.14]
[12.72, 11.39, 10.94, 10.67, 10.65]
[12.89, 11.37, 11.14]
[14.55, 12.1, 11.57, 11.14]
[13.19, 8.75, 7.7, 6.85, 6.61]
[12.5, 8.57, 6.84]
[10.9, 9.06, 8.56, 8.4]
[9.54, 5.04, 3.12, 2.94]
[12.64, 7.04, 5.77]
[10.62, 9.05, 8.61, 8.34]
[14.52, 12.97, 12.14, 12.05]
[11.69, 4.68, 2.96, 2.83]
[7.41, 0.24]
[11.17, 8.17, 7.42, 5.4]
[6.48, 3.32, 2.24, 2.14]
[8.5, 0.25]
[8.41, 0.2, 0.18]
[12.03, 10.08, 9.44]
[12.2, 8.57, 7.77]
[15.14, 13.42, 12.44, 12.38]
[12.85, 11.81, 11.67]
[12.61, 4.0, 2.09, 1.87]
[11.53, 7.42, 6.85]
[10.36, 7.45, 6.83, 5.04]
[11.78, 5.77, 3.69, 3.48, 3.25]
[11.28, 7.34, 6.06, 5.97]
[12.68, 12.09, 11.89, 11.88, 11.84]
[16.96, 16.57]
[13.31, 11.36, 11.24, 11.18]
[12.51, 10.62, 10.05, 9.96]
[14.08, 8.87, 4.57, 3.63, 3.25]
[9.95, 8.32, 7.36, 7.29, 6.99, 6.76, 6.52]
[11.81, 8.3, 7.28, 6.94]
[11.5, 8.42, 7.79, 7.59, 7.43]
[10.62, 7.63, 7.55, 7.42]
[13.12, 11.64, 11.02]
[12.58, 8.48, 6.47, 5.96]
