[16.36, 13.31, 12.86, 12.68]
[13.99, 10.8, 10.57]
[19.1, 16.81, 15.26, 15.24]
[11.87, 1.47, 1.14]
[8.82, 1.34, 1.23]
[6.2, 0.36]
[12.91, 0.32, 0.31]
[17.86, 16.64, 16.54]
[17.8, 15.53, 15.47]
[18.86, 17.41]
[11.01, 3.28, 2.08]
[19.42, 18.54]
[18.95, 13.02, 12.57]
[16.88, 11.98, 11.48, 11.28]
[18.74, 16.34, 13.82]
[15.65, 8.23, 7.94]
[17.59, 16.49, 16.46]
[18.35, 16.25, 15.42]
[12.24, 7.2, 7.1]
[17.35, 15.83, 15.3, 14.83]
[19.42, 14.92, 13.59, 13.48]
[14.72, 2.49, 1.33]
[20.35, 17.64, 16.98]
[15.59, 12.15, 11.5]
[21.58, 20.33]
[23.17, 21.67, 21.33]
[19.0, 14.47, 13.77, 13.64]
[16.48, 10.92, 8.22, 8.14]
[13.62, 5.43, 4.93, 4.26]
[11.76, 6.84, 6.81]
[15.06, 6.63, 4.08, 3.82]
[18.47, 4.12, 1.88, 0.82]
[20.95, 18.26, 17.52]
[18.66, 16.29, 15.83, 15.76]
[13.18, 3.54, 3.02, 2.6]
[8.49, 0.17, 0.16]
[15.94, 12.87, 12.49, 12.46, 12.35]
[18.42, 12.85, 12.29]
[17.81, 15.86, 14.28]
[16.86, 14.76, 12.7, 11.67]
[16.75, 14.6, 14.56, 14.45, 14.05]
[15.78, 11.31, 8.62]
[14.09, 6.99, 5.82]
[21.85, 20.47, 19.72, 19.66]
[16.54, 11.4, 9.8, 9.46]
[15.16, 14.02, 13.94]
[12.91, 1.68, 0.84, 0.74]
[19.87, 17.79, 17.47]
[14.21, 4.88, 3.8, 2.86]
[11.71, 3.57, 2.41]
[7.09, 0.23]
[20.64, 18.68, 18.62]
[17.39, 13.84, 12.97, 12.76]
[15.32, 7.16, 4.37, 4.18, 3.42]
[3.65, 0.18]
[16.17, 13.84]
[20.8, 18.77, 18.18]
[15.53, 12.53, 12.34, 12.24, 12.11]
[16.41, 9.79, 8.41]
[18.6, 16.85, 16.84]
[17.77, 15.56, 13.12]
[14.42, 4.12, 1.75]
[17.82, 14.61, 12.89, 12.63, 12.48]
[17.58, 16.33]
[15.09, 11.24, 8.26, 8.01, 7.78]
[19.27, 15.65, 14.5]
[16.08, 6.32, 4.68, 3.72]
[19.21, 18.27, 18.24]
[12.35, 3.56, 2.44]
[14.45, 13.24]
[17.92, 16.68, 16.24]
[15.97, 6.53, 4.27, 3.83]
[18.14, 15.23, 15.15]
[21.51, 19.97, 19.56]
[20.29, 17.9, 17.87]
[17.37, 16.56, 16.02]
[16.79, 10.05, 8.5, 7.47]
[16.35, 11.91, 11.17]
[20.88, 19.39, 19.21]
[19.35, 18.71]
[15.96, 8.8, 8.06]
[23.22, 20.37, 19.09]
[17.0, 13.34, 13.03]
[19.51, 16.46, 15.88]
[18.9, 12.53, 11.58]
[21.75, 20.2, 19.77]
[18.0, 17.22]
[16.86, 15.32]
[12.23, 9.06, 7.39, 6.14]
[13.69, 5.65, 4.33]
[19.42, 15.59, 15.2, 15.04]
[18.28, 15.28]
[20.08, 17.09, 16.36]
[17.79, 14.19, 13.95]
[20.42, 19.18]
[17.61, 16.72]
[21.65, 18.5, 18.26, 17.9]
[11.23, 4.96, 4.45, 4.35]
[19.67, 18.04, 17.8]
[16.37, 13.99, 12.5, 12.01, 11.94]
