[689, 632, 621, 615]
[744, 707, 704]
[628, 523, 475, 469, 449, 447, 443, 437]
[557, 259, 223, 156]
[693, 637, 611]
[687, 632, 606, 584, 574]
[552, 425, 188, 100]
[646, 441, 376, 371]
[629, 182, 80]
[672, 552, 456, 447, 437]
[599, 499, 410, 339, 211, 122]
[681, 582, 499, 476, 467, 461, 460]
[687, 625, 570, 567]
[631, 529, 492, 463, 457, 429]
[644, 562, 494, 436, 341, 326]
[652, 485, 432, 414, 407]
[610, 426, 395, 388]
[576, 393, 349, 345]
[696, 521, 460, 429, 407, 375, 363]
[686, 613, 569, 563]
[673, 623, 588, 586, 578]
[648, 509, 462, 457]
[669, 506, 466, 428, 416]
[655, 552, 502, 424, 420]
[673, 602, 573]
[628, 434, 400, 375, 326]
[628, 562, 536, 528]
[586, 461, 380, 281, 235]
[670, 565, 492, 453, 450, 448]
[620, 566, 525, 512]
[670, 570, 539]
[537, 68, 68]
[539, 20, 20]
[660, 564, 470]
[699, 661, 631, 597, 575, 574]
[551, 535, 512, 439, 257, 221, 187, 181]
[704, 645, 596]
[685, 610, 583, 509, 493]
[606, 522, 480, 392, 377]
[625, 568, 524, 481, 405, 378, 309, 303]
[717, 665, 656]
[631, 539, 487, 468, 464]
[689, 642, 627, 618]
[740, 682, 676]
[601, 463, 332, 228, 143, 135]
[639, 479, 439, 425]
[589, 71, 71]
[641, 599, 587]
[578, 314, 257, 250, 226, 198, 186]
[629, 593, 590, 583]
[661, 602, 574, 488, 442, 434, 422]
[616, 484, 354, 334, 284]
[615, 445, 397, 348, 344]
[603, 522, 481]
[627, 506, 475, 467]
[636, 438, 199, 199]
[689, 612, 572, 554]
[595, 528, 462, 410, 383, 382]
[661, 635, 618, 597]
[656, 564, 526, 446, 419, 398]
[694, 604, 569, 530, 516, 505, 490, 487]
[663, 553, 527, 506, 498, 465, 376, 230]
[583, 449, 308, 279, 264]
[619, 500, 438, 433]
[604, 43, 43]
[652, 388, 210, 193]
[690, 595, 572]
[643, 560, 528, 419, 363, 357, 322, 310]
[639, 574, 505, 476, 463]
[612, 545, 523, 450, 407]
[692, 620, 602]
[650, 544, 517, 499, 493]
[700, 549, 520, 516]
[722, 681, 669]
[639, 546, 495, 381, 301, 174, 121]
[625, 568, 508, 469, 462]
[718, 684, 681]
[606, 523, 461, 454]
[677, 566, 514, 464, 441, 349, 334]
[601, 407, 309, 250, 155]
[658, 399, 343, 338]
[730, 693, 683, 672]
[607, 505, 312, 300, 296, 286]
[606, 438, 344, 281, 174, 172]
[700, 651, 627, 626]
[543, 257, 250]
[659, 589, 505, 418, 401, 394]
[581, 266, 217, 118, 87]
[701, 629, 612]
[672, 599, 520, 316, 271, 202, 191]
[629, 474, 396, 371, 368]
[683, 598, 458, 382, 366]
[625, 468, 433, 419]
[566, 226, 149, 126]
[513, 25, 25]
[606, 379, 172, 172]
[562, 326, 272, 239, 231]
[630, 517, 393, 378, 312, 284, 204, 126]
[714, 676, 672]
[548, 474, 402, 294, 243, 220]
