[267]
[359, 300, 269, 266]
[326, 288]
[431, 418]
[371, 318, 277, 235]
[331, 265]
[272, 263, 216, 78]
[73]
[408, 343]
[398, 349]
[235, 231]
[385, 346, 323, 305]
[363, 361]
[448]
[374, 345, 330, 288]
[360, 341]
[382, 365, 364, 351]
[372]
[362, 318, 312]
[325, 197]
[359, 280, 209, 134]
[318, 228]
[336, 315, 193, 192]
[308]
[306, 262]
[305, 254]
[329, 315]
[382, 288]
[353, 337]
[304, 250]
[511, 497, 485]
[288]
[383, 382]
[487, 471]
[356, 306]
[171, 170]
[327, 277, 263]
[357, 321, 320]
[341, 303, 294]
[195]
[344, 337]
[383, 345]
[385, 366, 317]
[183, 76, 72]
[437, 416, 406]
[335, 234, 226]
[346, 337]
[318, 282]
[390, 338, 333]
[326, 163, 99]
[253, 249]
[302, 239, 151]
[270, 266]
[336, 285, 229]
[326, 301, 253]
[381, 331]
[256, 240]
[242, 228]
[246]
[319, 314, 290, 284]
[359, 356, 340, 335]
[385, 380]
[296, 107]
[254, 242, 240, 212, 207]
[400, 397]
[320, 229, 93]
[275, 234]
[339, 321, 304]
[376, 295]
[368, 298, 198, 193]
[369]
[313, 310, 295]
[313, 274, 164]
[342]
[372, 351, 348, 336]
[372, 343]
[282, 264]
[227, 90]
[362, 349]
[368, 338]
[478, 476, 470]
[332, 320]
[339, 262, 249]
[401, 389]
[319, 222, 144]
[379, 356, 349, 348]
[382, 370]
[378, 349]
[409, 168, 168]
[392, 386]
[432]
[279, 263]
[254]
[283, 282, 247, 241]
[451, 446]
[381, 372, 337, 309]
[282, 278]
[426, 373, 345]
[234, 165]
[291, 289]
