[409, 377]
[480, 452]
[468, 435, 430, 407]
[498, 446, 350, 349, 328]
[476, 404]
[400, 345, 273, 245]
[480, 409, 396, 342]
[446, 377, 363, 327]
[533, 498, 486]
[452, 380, 307]
[533, 516]
[481, 381, 328, 250, 212]
[387, 369]
[635, 633]
[511, 497]
[446]
[568, 552]
[422, 365, 330, 267, 235]
[525, 496]
[502, 481, 446]
[389, 349]
[457, 390, 357, 311]
[444, 441]
[366, 335]
[464, 442]
[448, 443, 437, 352]
[417, 382]
[462, 444, 439]
[477, 452]
[599, 585, 584]
[362, 176, 93]
[420, 409, 400]
[481, 450, 444, 413]
[574, 561]
[484, 437, 419]
[463, 436]
[301, 286, 266, 261, 246]
[564, 518, 513]
[451, 165, 145]
[513, 471, 469]
[531, 518, 515]
[445, 428, 409]
[490, 371, 278, 277]
[531, 523]
[514, 499]
[504, 487, 469]
[481, 369, 281]
[585, 550]
[523, 501, 472]
[440, 407, 345, 147]
[490, 467]
[508, 487]
[576]
[519, 517]
[478, 460]
[544]
[460, 435, 412, 411]
[407, 403]
[484, 432, 415, 378, 375]
[472, 456, 432]
[479, 448, 444]
[327, 310]
[463, 428]
[513, 498]
[531, 516, 499]
[497, 483]
[474, 410, 364]
[330, 271]
[502, 488]
[482, 481]
[487, 461, 430]
[407, 292, 206, 199]
[506, 476, 474]
[573, 570]
[434, 403, 361, 354]
[407, 326, 325, 315, 285]
[443, 396]
[608, 587]
[445, 414]
[490, 465, 464]
[402, 375, 367, 354, 271, 268]
[477, 473, 469]
[412, 382, 351]
[423, 349, 247, 235, 211]
[549, 544]
[435, 423, 410, 388, 386]
[477, 453]
[442, 404, 399]
[504, 484, 479]
[676, 672]
[509, 503]
[332, 65, 41]
[565]
[531, 502]
[354, 333]
[411]
[482, 352, 141, 141]
[586, 583]
[575, 565, 563]
[462, 450, 427]
