[660, 640]
[741, 722, 719]
[643, 627]
[659, 639]
[636, 582, 573]
[684, 660]
[684, 654]
[649, 598, 591]
[669, 585, 558, 551, 537]
[677, 669, 664]
[707, 701]
[649, 635]
[663, 641, 629]
[642, 619, 617]
[684, 671, 670, 666]
[671, 638, 618]
[624, 591, 583, 579]
[640, 521, 508]
[663, 628, 608, 603]
[645, 600, 595]
[737, 716, 713, 708]
[656, 646]
[622, 591, 581]
[635, 610, 608]
[634, 598, 580, 579]
[638, 576, 569, 562, 535]
[662, 638]
[721, 702, 700, 697]
[671, 638, 632]
[709, 705]
[633, 583, 576]
[686, 579, 564]
[601, 452, 429, 407]
[642, 610, 592, 589]
[689, 670]
[590, 501, 387, 378, 376]
[779, 776]
[577, 512, 509]
[709, 702]
[532, 493, 469]
[683, 660, 650]
[700, 689]
[688, 667, 663]
[696, 677, 671]
[716, 698]
[608, 543, 542]
[593, 488, 457]
[647, 593, 591]
[682, 651, 642]
[613, 560, 549]
[572, 550, 528, 521]
[615, 578, 565]
[656, 641, 640]
[674, 617]
[624, 552, 545, 544]
[531, 361, 281, 275]
[609, 579, 558]
[763, 749, 746, 740]
[641, 560, 551]
[667, 608, 601]
[702, 636, 633]
[637, 605]
[625, 575, 568]
[603, 503, 489, 485]
[644, 598, 580]
[644, 545, 531]
[672, 619, 606, 602]
[610, 606]
[685, 668, 659]
[615, 504, 478]
[683, 670]
[632, 626, 625]
[739, 723, 722]
[718, 677, 668]
[497, 278, 186]
[686, 670]
[650, 610, 586]
[632, 597]
[712, 700]
[648, 633]
[609, 557, 540, 536]
[616, 540, 533]
[677, 617, 598]
[644, 601, 600]
[642, 600, 598]
[718, 688, 683]
[633, 515, 497]
[689, 656, 648, 647]
[699, 666, 655]
[595, 559, 558, 555]
[657, 614, 605]
[636, 598, 597, 594]
[581, 324, 291, 285, 263]
[596, 564, 557]
[736, 716]
[683, 674, 667]
[700, 684, 673]
[625, 591, 587]
[607, 548]
[605, 575, 567]
