[867, 857]
[883, 878]
[847, 818]
[786, 650, 637]
[841, 830]
[847, 821, 818]
[890]
[852, 843]
[884, 883]
[840, 818]
[787, 691, 679]
[715, 463, 443]
[836, 829]
[853, 839]
[829, 793, 791]
[859, 851]
[886, 883]
[882]
[888, 882]
[815, 738, 735]
[866, 850]
[843, 802, 798]
[810, 778]
[897, 893]
[752, 549, 516]
[862, 845]
[767, 667, 663]
[873, 868]
[878, 865]
[844, 828]
[845, 804]
[797, 724, 718, 717, 714]
[430, 167]
[839, 790, 785]
[840, 809]
[832, 823]
[834, 809, 807]
[603, 489]
[878, 877]
[876, 871]
[821, 800]
[831, 801, 798]
[878, 872]
[584, 258, 254, 248]
[847, 816]
[861, 845]
[840, 819, 816]
[824, 805, 804]
[879, 875]
[844, 821]
[839, 837]
[739, 592, 580]
[831, 786]
[832, 789]
[857, 850]
[836, 833]
[872, 861]
[874, 858, 855]
[834, 779]
[815, 743, 740]
[851, 819]
[845, 827]
[854, 839]
[906]
[856]
[804, 718, 713]
[804, 713, 712]
[896, 893]
[822, 747, 732]
[748, 590, 572]
[729, 525, 518]
[850, 819]
[808, 789, 783]
[832, 798]
[833, 756]
[813, 783]
[836, 811, 805]
[861, 842]
[805, 726, 719]
[770, 667]
[875, 866, 865]
[716, 480, 461]
[858, 840]
[840, 818, 817, 816, 813]
[782, 658, 640]
[846, 806, 793]
[872, 841, 840]
[834, 805]
[822, 788, 779]
[873, 866, 862]
[853, 826, 823]
[844, 837]
[731, 536, 522]
[849, 814, 811]
[845, 825, 820]
[817, 787]
[823, 819, 815]
[878, 865]
[752, 613, 605]
[393, 13]
