[631, 604]
[660, 653, 650]
[644, 602, 585]
[583, 501, 484]
[674, 641, 633]
[648, 613]
[634, 602, 591]
[654, 582, 561, 560]
[591, 538, 534]
[685, 660, 647]
[659, 632, 627]
[682, 644]
[674, 670]
[649, 629, 615]
[610, 571, 548, 546]
[632, 618, 613]
[698, 682]
[702, 672]
[671, 624, 622]
[639, 617, 612]
[650, 620]
[590, 516]
[574, 494, 491]
[543, 513]
[621, 574, 562]
[700, 695]
[705, 701]
[629, 578, 565]
[621, 584]
[622, 575, 559]
[693, 663, 661]
[655, 612, 610]
[694, 682]
[621, 561, 550, 549]
[648, 603, 577]
[631, 594]
[634, 612]
[703, 692]
[676, 666]
[621, 589, 582]
[674, 653, 649, 646]
[641, 633, 623]
[722, 705, 700]
[732, 710]
[676, 673]
[622, 578, 577]
[670, 655]
[866, 864]
[703, 681, 676]
[630, 573, 564, 554, 523]
[583, 568]
[592, 547, 546]
[575, 528]
[631, 597, 574]
[639, 616]
[698, 656]
[671, 669]
[692, 666, 660]
[664, 604]
[703, 685, 678]
[646, 616, 612]
[659, 650]
[691, 674, 665]
[639, 581, 565]
[584, 527, 524]
[689, 677, 668]
[646, 606, 604]
[611, 580, 577]
[693, 651, 649]
[694, 673]
[669, 648]
[599, 517, 504]
[657, 577, 569]
[624, 583, 574]
[660, 623, 612]
[674, 631]
[697, 683]
[686, 677]
[670, 646]
[657, 641, 607]
[680, 616, 612]
[595, 519, 479]
[634, 601]
[766, 760]
[661, 634, 631]
[635, 615, 608]
[747, 733]
[644, 617, 616, 615]
[314, 169, 104, 64]
[579, 529]
[666, 630]
[690, 659, 642]
[653, 623, 622]
[596, 569]
[664, 626]
[627, 603]
[706, 679]
[706, 678, 667]
[609, 603, 600]
[681, 679]
