[332, 260, 235, 232]
[329, 319, 316]
[364, 360, 356]
[394, 387]
[348, 307]
[338, 249, 191, 189]
[358, 346]
[385]
[353, 340]
[348, 331, 327]
[355, 351, 348]
[379, 365, 361]
[365, 351]
[345, 315]
[433]
[372, 348]
[363, 321, 315]
[371, 362]
[324, 212, 190, 144, 138]
[397, 387]
[391, 378, 373, 367]
[378, 371]
[352, 349]
[377, 368]
[400]
[385, 374, 370]
[366, 342, 333, 322]
[300, 237, 222]
[296, 242, 239, 237]
[359, 336]
[374, 360, 355, 352]
[336, 302]
[352, 350, 347]
[356, 348]
[367, 361]
[381, 368]
[373, 357, 355]
[395, 380]
[368, 357, 355]
[304, 100, 87]
[410, 409]
[370, 368, 367]
[421, 418]
[372, 368]
[415, 401]
[375, 354]
[344, 339]
[349, 328, 320]
[100, 69]
[389, 387]
[398, 380]
[386, 379]
[395, 392, 390]
[399, 393]
[362, 339, 338]
[399, 394]
[369, 353]
[376, 374, 373]
[361, 346, 333, 327]
[385, 373]
[404, 399]
[383, 379, 371]
[388, 383]
[317, 247, 242]
[411]
[395, 377]
[376, 354, 346, 342]
[332, 296, 289, 286]
[377, 358]
[363, 351]
[394, 378]
[362, 355, 348]
[359, 348]
[371, 331, 320, 317]
[403, 399]
[345, 330]
[403, 400]
[362, 303, 297]
[334, 303, 294]
[348, 343, 340, 338]
[356, 328, 326, 322]
[378, 337, 329]
[338, 333, 331]
[405, 385]
[344, 232, 204, 194]
[375, 369]
[444]
[372, 371]
[361, 329]
[389, 388]
[380, 370]
[338, 322, 302, 298]
[372, 361]
[412, 409]
[343, 298, 293, 291]
[377, 353]
[375, 367]
[312, 213, 200]
[403, 392]
[360, 319, 307]
