[798, 690, 620, 575, 504, 502, 500]
[725, 444, 305, 85]
[779, 727, 520, 45]
[749, 413, 92, 81]
[805, 705, 429, 72, 72]
[778, 511, 62]
[788, 601, 454, 41]
[800, 705, 636, 474, 358, 169, 97]
[778, 589, 100, 100]
[734, 647, 516, 78]
[784, 654, 479, 66]
[794, 658, 459, 290, 129]
[787, 655, 388, 36]
[778, 718, 640, 564, 494, 111, 110, 73]
[804, 610, 26, 26]
[786, 755, 681, 480, 102, 102]
[808, 581, 172, 73, 57]
[760, 658, 485, 410, 239, 98]
[769, 540, 38]
[808, 654, 57, 57]
[776, 723, 656, 626, 621, 615]
[761, 582, 168, 56]
[796, 671, 405, 273, 96]
[778, 689, 440, 30]
[773, 630, 575, 410, 367, 262, 148, 47]
[780, 614, 523, 445, 149, 90, 87, 46]
[763, 661, 499, 354, 88]
[794, 753, 684, 678, 662, 661]
[740, 666, 662]
[801, 781, 761, 730]
[765, 674, 283, 65]
[762, 662, 377, 58]
[736, 699, 673]
[739, 564, 416, 99]
[779, 543, 45, 45]
[789, 669, 399, 30]
[776, 567, 77]
[771, 692, 675, 629, 627, 626]
[801, 636, 508, 77]
[787, 639, 501, 214, 89]
[772, 730, 643, 641]
[754, 693, 587, 502, 487, 481]
[807, 592, 307, 171, 105]
[746, 682, 632, 524, 474, 455, 444, 416, 400, 344, 276, 275]
[783, 426, 75]
[731, 638, 524, 455, 119, 37]
[767, 649, 464, 165, 84]
[769, 750, 698, 658, 626, 608]
[771, 719, 713, 706]
[733, 654, 583, 373, 44, 44]
[833, 759, 680, 598, 543, 501, 495, 475, 473]
[803, 719, 281, 139, 135]
[780, 579, 46, 46]
[775, 583, 77]
[822, 717, 324, 129, 128]
[811, 575, 34, 34]
[761, 633, 319, 78]
[781, 579, 179, 90, 78]
[793, 723, 659, 653]
[794, 687, 196, 41]
[782, 676, 550, 205, 112, 59]
[798, 703, 312, 68]
[732, 687, 652, 651]
[779, 548, 81, 40]
[729, 665, 364, 59]
[775, 684, 396, 169, 48]
[798, 636, 201, 91]
[796, 620, 44, 44]
[807, 733, 700, 621, 588]
[793, 692, 445, 304, 65]
[745, 618, 302, 186, 74, 74]
[792, 670, 329, 77, 77]
[769, 642, 415, 50]
[787, 706, 665, 652, 634, 632]
[791, 676, 272, 234, 189, 166, 108, 70]
[737, 672, 618, 579, 524, 413, 403, 401]
[783, 616, 465, 36]
[783, 748, 686, 683, 682]
[777, 696, 430, 146]
[753, 720, 719]
[830, 754, 707]
[773, 600, 391, 291, 263]
[811, 624, 89, 89]
[807, 761, 752]
[809, 755, 701, 637, 635]
[796, 705, 582, 487, 334, 172, 167]
[756, 631, 532, 489, 463, 454, 428, 409, 335]
[771, 706, 484, 36]
[805, 684, 294, 210, 89, 61]
[814, 692, 589, 478, 354, 112]
[773, 617, 194, 67]
[802, 703, 653, 578, 411, 125, 79]
[754, 697, 642]
[772, 592, 53, 53]
[766, 468, 141, 65]
[781, 742, 718, 693]
[765, 664, 145, 145]
[784, 636, 490, 175, 58]
[777, 644, 397, 83]
[763, 653, 140, 78]
