[982, 970, 969]
[975, 957, 954]
[977, 969]
[967, 953, 950]
[975, 963, 958]
[972, 958, 955]
[981, 969, 965]
[973, 963]
[979, 971]
[978, 964, 963]
[973, 961, 959]
[965, 959]
[973, 968, 965]
[971, 958]
[977, 954, 950]
[974, 963, 960]
[980, 974]
[977, 963, 961]
[980, 964, 961]
[978, 955, 950]
[977, 954, 949]
[971, 962, 958, 956]
[974, 958]
[979, 971, 964, 961]
[962, 940]
[969, 961, 951, 945]
[969, 953, 952]
[971, 964]
[977, 964, 960]
[982, 951]
[971, 959, 957]
[979, 957, 948]
[978, 970]
[972, 962, 958, 956]
[971, 961]
[982, 962]
[980, 970, 967]
[977, 968]
[970, 962, 960]
[976, 960, 956, 947]
[978, 973]
[971, 948, 944]
[980, 956, 950]
[972, 951, 950, 947]
[972, 959, 956]
[976, 963, 960]
[981, 971]
[963, 952, 947]
[975, 962, 959]
[971, 957, 951, 949]
[980, 958, 956]
[973, 956, 950]
[969, 954, 952]
[966, 952, 949, 947]
[971, 954, 953, 947]
[976, 961, 958, 956]
[971, 964]
[977, 963]
[978, 968, 965]
[967, 955]
[974, 950, 941, 938]
[965, 947, 930]
[978, 968, 964]
[977, 965, 960, 956]
[978, 955, 952]
[974, 973]
[973, 953]
[972, 959, 957]
[975, 964]
[975, 957, 955]
[978, 962]
[967, 959]
[972, 965, 963]
[977, 968, 966]
[972, 963]
[976, 962]
[971, 960, 959]
[972, 958, 957]
[977, 960]
[969, 959]
[966, 952, 950]
[978, 954]
[976, 961, 954, 952]
[972, 947, 941, 939]
[976, 943, 930]
[963, 950, 941]
[970, 950, 944, 939]
[982, 962, 959]
[970, 954]
[981, 973, 970]
[974, 959]
[984, 965]
[978, 954, 950]
[973, 947, 938, 934]
[971, 954, 951]
[967, 960]
[978, 968]
[983, 973]
[970, 947, 944]
[978, 970, 968]
