[995, 948, 373, 2]
[995, 947, 354, 2]
[995, 965, 907, 337, 2]
[995, 976, 970]
[995, 946, 499, 3]
[995, 974, 953, 929, 918, 905, 904]
[995, 968, 939, 886, 317, 2]
[995, 954, 634, 7]
[995, 976, 966, 964, 957]
[995, 968, 929, 528, 3]
[995, 958, 803, 230, 3, 2]
[995, 966, 920, 482, 4]
[995, 968, 915, 320, 3]
[995, 961, 645, 26, 8, 3, 2]
[995, 939, 366, 2]
[995, 954, 605, 9]
[995, 969, 930, 591, 8]
[995, 974, 968, 964]
[995, 968, 945, 930, 921, 919]
[995, 964, 853, 325, 3]
[995, 974, 964, 960]
[995, 963, 838, 319, 2]
[995, 940, 337, 2]
[995, 962, 853, 335, 3]
[995, 956, 566, 3]
[995, 979, 971, 968]
[995, 965, 901, 347, 2]
[995, 963, 896, 363, 2]
[995, 944, 400, 2]
[995, 959, 713, 60, 9, 4, 2]
[995, 978, 974]
[995, 966, 928, 565, 11, 4]
[995, 951, 633, 7]
[995, 955, 614, 7]
[995, 978, 971, 960, 955, 954]
[995, 946, 413, 2]
[995, 966, 929, 531, 3]
[995, 945, 389, 3]
[995, 933, 373, 2]
[995, 965, 902, 344, 2]
[995, 979, 969, 960]
[995, 968, 934, 784, 218, 4, 2]
[995, 967, 877, 377, 2]
[995, 962, 835, 264, 3, 2]
[995, 964, 868, 383, 2]
[995, 961, 843, 338, 2]
[995, 954, 505, 4, 4]
[995, 980, 972, 963, 959]
[995, 959, 894, 374, 2]
[995, 965, 909, 369, 2]
[995, 950, 572, 8]
[995, 964, 660, 13, 10]
[995, 972, 931, 571, 4]
[995, 963, 786, 233, 2]
[995, 947, 386, 3]
[994, 971, 958, 941, 938]
[995, 953, 435, 2]
[995, 963, 713, 63, 10, 10, 2]
[995, 943, 418, 4]
[995, 969, 934, 705, 111, 5, 2]
[995, 965, 852, 357, 2]
[995, 946, 453, 3]
[995, 951, 540, 5]
[995, 951, 693, 17, 8]
[995, 950, 528, 4]
[995, 936, 345, 2]
[995, 962, 713, 52, 11, 5, 2]
[995, 963, 934, 906, 875, 697, 164, 9, 2]
[995, 969, 960, 957, 952]
[995, 968, 923, 365, 1]
[995, 956, 654, 7]
[995, 955, 500, 4]
[995, 963, 878, 372, 2]
[995, 953, 497, 3]
[995, 974, 944, 922, 903, 891]
[995, 963, 749, 127, 5, 2]
[995, 973, 960, 956, 955, 953]
[995, 977]
[995, 965, 841, 290, 3, 2]
[995, 949, 567, 6]
[995, 957, 839, 289, 2]
[995, 960, 816, 242, 2]
[995, 962, 863, 305, 2]
[995, 959, 714, 59, 12, 6]
[995, 950, 446, 5]
[995, 957, 740, 69, 12, 5, 2]
[995, 981, 974]
[995, 952, 612, 6]
[995, 976, 957, 953, 950]
[995, 953, 563, 4]
[994, 952, 566, 6]
[995, 963, 906, 328, 2]
[994, 958, 792, 223, 4, 2]
[995, 974, 957, 956]
[995, 944, 350, 2]
[995, 982, 980]
[995, 978, 973, 972]
[995, 977, 966, 963]
[995, 957, 622, 9, 7]
[995, 946, 362, 2]
