[995]
[995]
[995]
[995]
[995]
[995]
[995]
[995, 994]
[995]
[995]
[995]
[995]
[995]
[995]
[995]
[995]
[995]
[995]
[995]
[995]
[995, 992]
[995]
[995]
[995]
[995]
[995]
[995]
[995]
[995]
[995]
[995]
[995]
[995, 993]
[995]
[995]
[995]
[995]
[995]
[995]
[995]
[995]
[995]
[994]
[995]
[995]
[995]
[995]
[995]
[995]
[995]
[995]
[995]
[995, 992]
[995]
[995]
[995]
[995]
[995]
[995]
[995]
[995]
[995]
[995]
[995]
[995, 993]
[995]
[995]
[995]
[995]
[995]
[995]
[995]
[995]
[995]
[995]
[994]
[995]
[995]
[995]
[995]
[995]
[995]
[995]
[995]
[995]
[995]
[995]
[995]
[995]
[995]
[995]
[995]
[995]
[995]
[995, 992]
[995]
[995]
[995]
[995]
[995]
