[495, 492]
[495, 494]
[495]
[495]
[495]
[495, 494]
[494]
[495]
[495, 494]
[495, 494]
[495]
[495, 494]
[495, 492]
[495]
[495]
[495]
[495]
[495, 494]
[495]
[495, 491]
[495]
[495, 494]
[495]
[495, 493, 491]
[495]
[494]
[495]
[495, 492]
[495, 494]
[495, 494]
[495, 494]
[495, 494, 492]
[495, 494]
[495]
[495]
[495]
[495]
[495]
[495]
[495]
[495]
[495]
[495]
[495]
[495]
[495]
[495]
[495]
[495, 494]
[495, 492]
[495]
[495]
[495]
[495]
[495]
[495]
[495]
[495]
[495]
[495]
[495]
[495]
[495]
[495]
[495]
[495]
[495]
[495]
[495]
[495]
[495]
[495]
[495]
[495]
[495]
[495]
[495]
[495]
[495]
[495]
[495]
[495]
[495]
[495, 494, 492]
[495, 493]
[495]
[495]
[495]
[495]
[495]
[495]
[495]
[495, 494]
[495]
[495]
[495, 494]
[495]
[495]
[495]
[495]
