[995, 994]
[995]
[995]
[995]
[995]
[995]
[995]
[995, 994, 993]
[995]
[995]
[995]
[995]
[995]
[995]
[995]
[995]
[995]
[995, 994]
[995]
[995, 994]
[995]
[995]
[995]
[995]
[995]
[995]
[995]
[995]
[995]
[995]
[995, 994]
[995]
[995]
[995, 993]
[995]
[995]
[995]
[995]
[995]
[995]
[995]
[995]
[995]
[995]
[995]
[995]
[995, 994]
[995]
[995]
[995]
[995, 994]
[995, 993]
[995]
[995]
[995]
[995]
[995]
[995]
[995]
[995, 994]
[995]
[995]
[995]
[995]
[995]
[995]
[995]
[995]
[995]
[995]
[995]
[995]
[995]
[995]
[995]
[995]
[995, 994]
[995]
[995]
[995]
[995]
[995]
[995]
[995]
[995]
[995]
[995]
[995]
[995]
[995]
[995]
[995]
[995]
[995, 994]
[995]
[995]
[995]
[995]
[995]
[995]
