[995, 935, 900, 875, 847, 845, 844]
[995, 871, 834, 791]
[995, 951, 834, 720]
[995, 854, 781, 778]
[995, 935, 809, 718, 717]
[995, 845, 722]
[995, 902, 817, 714]
[995, 937, 892, 822, 779, 742, 724]
[995, 886, 749, 715]
[995, 948, 885, 771]
[995, 915, 816, 724]
[995, 916, 836, 765, 735]
[995, 915, 793, 700]
[995, 954, 900, 861, 816, 720, 715, 709]
[995, 873, 692, 669]
[995, 972, 930, 838, 737, 736]
[995, 880, 753, 744, 730]
[995, 934, 861, 827, 747, 724]
[995, 871, 753]
[995, 895, 759, 758]
[995, 958, 921, 909, 907, 905]
[995, 911, 805, 796]
[995, 924, 812, 756, 733]
[995, 934, 789, 672]
[995, 909, 869, 809, 786, 748, 717, 708]
[995, 901, 846, 792, 714, 705, 702, 696]
[995, 940, 852, 787, 711]
[995, 966, 938, 935, 928, 927]
[995, 959, 957]
[995, 978, 967, 953]
[995, 925, 769, 683]
[995, 933, 788, 710]
[995, 978, 970]
[995, 907, 828, 746]
[995, 846, 671, 633]
[995, 928, 782, 687]
[995, 861, 733]
[995, 961, 950, 931, 929, 928]
[995, 896, 807, 684]
[995, 924, 861, 772, 755]
[995, 964, 922, 920]
[995, 949, 896, 858, 848, 847]
[995, 887, 782, 760, 756]
[995, 959, 926, 880, 860, 847, 841, 833, 823, 806, 798, 797]
[995, 816, 692]
[995, 938, 894, 852, 750, 741]
[995, 919, 828, 762, 751]
[995, 980, 955, 942, 930, 927]
[995, 963, 956, 954]
[995, 951, 912, 834, 753, 751]
[995, 942, 898, 851, 826, 809, 805, 802, 800]
[995, 932, 777, 729, 723]
[995, 870, 723, 687]
[995, 889, 759]
[995, 928, 761, 698, 697]
[995, 842, 676, 635]
[995, 918, 779, 733]
[995, 860, 722, 670, 665]
[995, 959, 925, 921]
[995, 917, 750, 715]
[995, 937, 867, 741, 724, 717]
[995, 929, 785, 731]
[995, 971, 961, 960]
[995, 868, 735, 734]
[995, 941, 806, 741]
[995, 928, 804, 740, 723]
[995, 893, 743, 682]
[995, 868, 689, 673]
[995, 953, 933, 907, 895]
[995, 927, 808, 753, 715]
[995, 914, 796, 762, 742, 741]
[995, 918, 765, 703, 702]
[995, 917, 810, 716]
[995, 954, 934, 926, 917, 915]
[995, 913, 758, 722, 705, 698, 685, 679]
[995, 955, 932, 907, 882, 845, 841, 839]
[995, 898, 819, 711]
[995, 964, 938, 935, 934]
[995, 938, 823, 746]
[995, 974, 973]
[995, 950, 922]
[995, 909, 826, 791, 784]
[995, 869, 712, 697]
[995, 968, 962]
[995, 956, 927, 898, 896]
[995, 942, 879, 834, 772, 709, 707]
[995, 929, 899, 875, 866, 859, 843, 835, 816]
[995, 937, 824, 724]
[995, 914, 763, 710, 687, 678]
[995, 929, 870, 817, 763, 714]
[995, 895, 745, 698]
[995, 948, 912, 873, 788, 736, 724]
[995, 965, 946]
[995, 894, 748, 708]
[995, 845, 750, 743]
[995, 972, 957, 947]
[995, 926, 787, 785]
[995, 924, 856, 770, 755]
[995, 914, 813, 743]
[995, 918, 774, 752]
