[995, 984, 983]
[995, 980, 978]
[995, 987]
[995, 984, 982]
[995, 985, 982]
[995, 982, 980]
[995, 984, 982]
[995, 988]
[995, 987]
[995, 984, 983]
[995, 985, 984]
[995, 990]
[995, 990, 988]
[995, 984]
[995, 976, 974]
[995, 985, 983]
[995, 989]
[995, 985, 984]
[995, 981, 979]
[995, 973, 970]
[995, 974, 971]
[995, 988, 985, 984]
[995, 981]
[995, 988, 983, 981]
[995, 980]
[995, 987, 980, 977]
[995, 982, 981]
[995, 990]
[995, 984, 982]
[995, 974]
[995, 985, 984]
[995, 978, 973]
[995, 988]
[995, 986, 983, 982]
[995, 986]
[995, 980]
[995, 986, 984]
[995, 988]
[995, 988, 987]
[995, 982, 979, 976]
[995, 990]
[995, 981, 980]
[995, 975, 971]
[995, 979, 978, 977]
[995, 983, 981]
[995, 984, 982]
[995, 986]
[995, 984, 983]
[995, 983, 981]
[995, 981, 977, 976]
[995, 977, 976]
[995, 981, 977]
[995, 981, 980]
[995, 982, 979, 978]
[995, 980, 979, 975]
[995, 982, 981, 980]
[995, 991]
[995, 984]
[995, 985, 983]
[995, 985]
[995, 975, 969, 967]
[995, 978, 967]
[995, 985, 983]
[995, 986, 982, 980]
[995, 976, 974]
[995, 994]
[995, 982]
[995, 983, 982]
[995, 988]
[995, 981, 980]
[995, 980]
[995, 990]
[995, 990, 989]
[995, 988, 987]
[995, 988]
[995, 985]
[995, 984, 983]
[995, 984, 983]
[995, 984]
[995, 987]
[995, 983, 982]
[995, 978]
[995, 982, 978, 977]
[995, 977, 972, 971]
[995, 972, 963]
[995, 985, 981]
[995, 979, 975, 972]
[995, 980, 979]
[995, 983]
[995, 988, 986]
[995, 985]
[995, 980]
[995, 979, 977]
[995, 972, 967, 965]
[995, 982, 980]
[995, 989]
[995, 987]
[995, 989]
[995, 976, 975]
[995, 988, 987]
