[995, 950, 378, 74]
[995, 948, 366, 78]
[995, 966, 910, 352, 72]
[995, 976, 971]
[995, 950, 509, 99]
[995, 974, 954, 933, 924, 914, 913]
[995, 968, 941, 891, 331, 81]
[995, 956, 641, 143]
[995, 977, 968, 966, 960]
[995, 969, 931, 533, 96]
[995, 959, 805, 274, 108, 107]
[995, 968, 924, 491, 113]
[995, 969, 919, 340, 67]
[995, 961, 654, 173, 160, 128, 127]
[995, 941, 374, 71]
[995, 957, 610, 149]
[995, 970, 933, 597, 152]
[995, 974, 968, 965]
[995, 969, 946, 932, 926, 924]
[995, 964, 857, 344, 75]
[995, 976, 967, 964]
[995, 964, 842, 350, 88]
[995, 942, 348, 70]
[995, 962, 853, 354, 77]
[995, 956, 572, 128]
[995, 979, 972, 970]
[995, 966, 905, 355, 81]
[995, 964, 900, 383, 84]
[995, 945, 406, 67]
[995, 961, 717, 206, 168, 138, 135]
[995, 979, 975]
[995, 968, 931, 574, 132, 130]
[995, 952, 641, 156]
[995, 955, 616, 123]
[995, 979, 973, 965, 962, 961]
[995, 947, 418, 72]
[995, 968, 933, 540, 106]
[995, 946, 402, 82]
[995, 936, 386, 77]
[995, 966, 906, 362, 86]
[995, 980, 972, 966]
[995, 968, 935, 788, 275, 117, 113]
[995, 967, 878, 390, 89]
[995, 963, 836, 303, 109, 108]
[995, 966, 874, 395, 84]
[995, 963, 846, 368, 97]
[995, 955, 515, 106, 105]
[995, 980, 973, 965, 962]
[995, 962, 900, 385, 61]
[995, 965, 914, 381, 76]
[995, 952, 575, 122]
[995, 965, 665, 161, 158]
[995, 973, 936, 583, 137]
[995, 963, 793, 277, 110]
[995, 949, 395, 78]
[995, 973, 960, 946, 944]
[995, 953, 438, 61]
[995, 963, 719, 204, 160, 148, 128]
[995, 947, 430, 85]
[995, 970, 935, 710, 203, 126, 118]
[995, 965, 857, 378, 95]
[995, 948, 460, 82]
[995, 952, 548, 114]
[995, 954, 697, 186, 182]
[995, 950, 531, 106]
[995, 937, 359, 74]
[995, 962, 716, 190, 151, 128, 123]
[995, 965, 937, 909, 879, 706, 229, 117, 109]
[995, 971, 962, 959, 956]
[995, 968, 927, 381, 70]
[995, 957, 657, 167]
[995, 956, 507, 104]
[995, 964, 881, 380, 72]
[995, 955, 503, 97]
[995, 975, 950, 928, 911, 901]
[995, 963, 751, 221, 136, 126]
[995, 974, 962, 959, 958, 957]
[995, 978]
[995, 965, 844, 317, 105, 104]
[995, 953, 575, 124]
[995, 959, 843, 321, 95]
[995, 961, 819, 282, 92]
[995, 963, 866, 327, 71]
[995, 960, 719, 198, 165, 137]
[995, 953, 454, 89]
[995, 958, 748, 215, 168, 148, 139]
[995, 981, 975]
[995, 953, 617, 133]
[995, 977, 960, 956, 954]
[995, 954, 568, 131]
[995, 954, 573, 118]
[995, 963, 907, 343, 81]
[995, 960, 797, 275, 108, 105]
[995, 974, 959, 958]
[995, 944, 364, 67]
[995, 983, 981]
[995, 978, 974, 973]
[995, 977, 967, 965]
[995, 958, 626, 123, 122]
[995, 947, 372, 70]
