[495, 492]
[495, 494]
[495]
[495]
[495]
[495, 494]
[495]
[495]
[495, 494]
[495, 494]
[495]
[495, 494]
[495, 493]
[495]
[495]
[495]
[495]
[495, 494]
[495]
[495, 492]
[495]
[495, 494]
[495]
[495, 493, 492]
[495]
[495]
[495]
[495, 493]
[495, 494]
[495, 494]
[495, 494]
[495, 494, 493]
[495, 494]
[495]
[495]
[495]
[495]
[495]
[495]
[495]
[495]
[495]
[495]
[495]
[495]
[495]
[495]
[495]
[495, 494]
[495, 493]
[495]
[495]
[495]
[495]
[495]
[495]
[495]
[495]
[495]
[495]
[495]
[495]
[495]
[495]
[495]
[495]
[495]
[495]
[495]
[495]
[495]
[495]
[495]
[495]
[495]
[495]
[495]
[495]
[495]
[495]
[495]
[495]
[495]
[495, 494, 493]
[495, 494]
[495]
[495]
[495]
[495]
[495]
[495]
[495]
[495, 494]
[495]
[495]
[495, 494]
[495]
[495]
[495]
[495]
