[982, 974]
[979, 972]
[980, 973]
[972, 961, 959]
[983, 960, 939]
[980, 978]
[972, 968, 962]
[975, 966]
[979, 976]
[982, 976, 974]
[976, 967]
[982, 969, 966]
[980, 970]
[969, 962]
[973, 969, 962]
[970, 964]
[972, 959, 955]
[976, 967, 956]
[973, 958, 956]
[985, 976, 971]
[973, 966]
[974, 969]
[978, 975]
[971, 959, 955]
[981, 973]
[989, 978]
[970, 967, 965]
[967, 966]
[976]
[976, 971]
[978, 969, 967]
[976, 967, 964]
[976, 965]
[976, 963]
[974, 969]
[980, 971]
[974, 964, 962]
[973, 963, 961]
[975, 969]
[969, 961]
[979, 967, 965]
[972, 966, 964]
[980, 977]
[981, 970]
[970, 960]
[975, 969, 967]
[976, 966, 962]
[978, 973]
[974, 964, 962]
[970, 963, 962]
[978, 973]
[975, 971]
[978, 974, 967]
[977, 965, 964, 962]
[969, 963]
[975, 964, 962]
[979, 972]
[982, 975]
[977, 960]
[978, 964, 951]
[978, 969, 965]
[976, 967, 965]
[987, 978]
[977, 969, 967]
[968, 943, 930, 925]
[980, 963, 960]
[985, 981, 979]
[982, 972, 966]
[977, 960, 958]
[974, 970]
[980, 970, 968]
[981, 971]
[969, 958]
[980, 977]
[981, 977, 975]
[981, 974, 970]
[979, 973]
[977, 968, 966]
[977, 967, 962, 961]
[962, 941, 932]
[974, 968]
[970, 965]
[975, 968]
[973, 971]
[984, 982]
[978, 975]
[971, 964]
[980, 969, 967]
[981, 971, 968]
[977, 976]
[976, 968]
[972, 958, 951]
[968, 959]
[978, 969]
[971, 966]
[982, 968]
[979, 966, 963]
[971, 965]
[978, 971]
[980, 976]
