[997, 989]
[997, 986, 977]
[997, 990, 985]
[997, 989, 988]
[997, 977, 969, 967, 966]
[997, 987]
[997, 984, 976, 974, 973]
[997, 993]
[997, 996]
[997, 986]
[997, 980, 979, 977]
[996, 983, 982, 979]
[997, 987, 977, 975, 974]
[997, 990, 989]
[997, 989, 983, 980]
[997, 987, 986, 984]
[997, 986, 981, 976]
[997, 995]
[997, 985]
[997, 985, 979, 975]
[997, 994]
[997, 990, 988, 986]
[997, 980, 971]
[997, 980, 973]
[997, 995]
[997, 987, 986, 983]
[997, 992]
[997, 980, 978, 975]
[997, 969, 929, 484, 6]
[997, 988, 987]
[997, 990, 987]
[997, 981, 975]
[997, 993]
[997, 988, 984]
[997, 990]
[997, 977, 971, 970, 967]
[997, 979, 972]
[997, 985, 982]
[997, 987, 986, 984]
[997, 986, 985, 983]
[997, 995]
[997, 990]
[997, 985]
[997, 985, 981]
[997, 990, 980]
[997, 992]
[997, 982, 970, 947, 928, 923, 920, 919]
[997, 993]
[997, 985, 983, 981, 978]
[997, 992, 988]
[997, 982, 977]
[996, 981, 968, 959]
[996, 991]
[997, 985]
[997, 990]
[997, 985, 973]
[997, 991]
[997, 980, 959, 954, 952]
[997, 989]
[997, 979, 956, 934, 928]
[997, 989, 986, 981, 974]
[997, 985, 977, 976, 975, 973]
[997, 989]
[997, 992, 990, 988]
[996, 987]
[997, 981, 976]
[996, 991]
[997, 993, 992, 989]
[997, 985]
[997, 977, 964, 958]
[997, 980, 972, 959]
[997, 989, 985, 982]
[997, 989, 983, 981]
[997, 988]
[997, 988]
[997, 990]
[997, 986, 982]
[997, 988]
[997, 977, 970, 955, 944, 943]
[997, 991, 987]
[997, 993]
[997, 986, 983, 981, 979, 978]
[997, 986, 977, 976, 973]
[997, 990]
[997, 989, 984]
[997, 978, 960, 957]
[997, 991, 989, 983]
[997, 992]
[997, 992, 980]
[997, 981, 971, 964, 962, 960]
[997, 994]
[997, 982, 977, 973, 972]
[997, 992, 989]
[997, 987, 983]
[997, 991, 983, 982]
[996, 990]
[997, 996]
[997, 985, 982, 977, 973]
[997, 983, 972]
[997, 989, 988]
