[765, 705, 411, 107, 66]
[799, 771, 738, 733, 727]
[782, 726, 656, 496, 237, 229]
[769, 695, 621, 614]
[794, 704, 684, 661, 649]
[786, 737, 723]
[748, 687, 645, 619, 582]
[783, 765, 739, 726]
[775, 738, 693, 595, 551, 493, 478, 441, 438, 430, 423, 311, 304, 303, 288]
[771, 697, 676, 669, 665, 663]
[771, 697, 563, 407, 47]
[759, 701, 679, 664]
[776, 715, 650, 617, 578, 568]
[755, 712, 634, 601]
[793, 774, 773]
[763, 713, 560, 490, 432, 276, 42]
[761, 710, 677, 590, 516, 377, 305, 141, 141]
[740, 636, 420, 93, 79]
[785, 777]
[807, 740, 727, 706, 696, 643, 639]
[758, 617, 375, 119]
[763, 685, 647, 638, 631]
[786, 557, 383, 71, 36]
[801, 800]
[764, 648, 163, 115]
[765, 672, 546, 171, 57]
[811, 746, 613, 602]
[732, 695, 655, 627, 624]
[820, 758, 693, 667, 656]
[754, 705, 642, 473, 383, 142]
[785, 694, 115, 48, 43]
[791, 725, 689, 681]
[809, 785, 769]
[775, 703, 690, 672, 666]
[778, 473, 123, 92]
[780, 625, 551, 269, 176, 122]
[748, 712, 646, 638, 546, 543]
[774, 712, 697, 649, 624]
[788, 683, 564, 392, 124]
[768, 751, 705, 696, 691]
[816, 789, 774, 733, 732, 718, 717]
[765, 684, 624, 547, 528, 516, 446, 434, 420, 390, 380, 359]
[741, 680, 654, 589, 584, 536]
[820, 766, 746, 720, 715, 714]
[779, 735, 674, 673, 662, 644]
[834, 748, 366, 48]
[800, 759, 676, 658, 657]
[793, 745, 543, 201, 106]
[793, 747, 675, 650, 649]
[793, 767, 742, 718]
[792, 753, 739, 735, 732]
[810, 743, 738]
[829, 771, 743, 734, 710, 674, 673, 669]
[810, 744, 705, 671, 650, 614, 612]
[825, 772, 770, 767, 757]
[740, 697, 555, 522, 509, 462, 187, 115]
[789, 746, 706, 703, 701]
[827, 784, 644, 597]
[781, 734, 641, 614]
[804, 753, 741, 722, 697]
[777, 726, 641, 551, 395, 309]
[807, 760, 721, 695]
[780, 730, 713]
[778, 676, 613, 584, 583, 577, 543]
[808, 799]
[784, 668, 324, 82]
[783, 747, 627, 448, 163, 158, 88, 50]
[822, 789, 714, 669, 632, 623, 582, 578, 562]
[821, 728, 688, 686, 683, 677]
[787, 732, 539, 458, 200, 36]
[736, 702, 689, 681]
[786, 747, 653, 361, 281, 221]
[809, 789]
[805, 753, 728]
[801, 740, 672, 584]
[808, 797, 788]
[789, 707, 574, 520, 359, 134, 128]
[792, 759, 750, 724, 710]
[768, 748, 681, 625, 557, 546, 535]
[805, 722, 502, 417, 113]
[806, 699, 513, 111, 77]
[781, 753, 715, 700]
[767, 732]
[805, 775, 743, 740]
[761, 740, 692]
[764, 721, 529, 502, 367, 150, 92]
[741, 689, 648, 647, 637]
[794, 725, 677, 665]
[800, 761, 723, 650, 593, 547, 526]
[801, 782, 751, 675, 643, 629, 602]
[807, 740, 704, 681]
[759, 698, 610, 391, 79]
[806, 772, 710, 670, 571, 563, 556]
[795, 658, 477, 106, 53]
[779, 680, 417, 136, 89]
[752, 676, 614, 576, 572, 567]
[808, 778, 747, 745, 738]
[791, 659, 474, 94, 93, 44]
[803, 771, 707, 695, 679]
[768, 684, 590, 387, 93]
