[497]
[497]
[497]
[497]
[497]
[497, 496]
[497]
[497]
[497]
[497]
[497]
[497, 496, 494]
[497]
[497]
[496]
[497]
[497, 494]
[497, 496]
[497]
[497]
[497]
[497]
[497]
[497]
[497]
[497, 496]
[497]
[497]
[497]
[497]
[497]
[497]
[497]
[497]
[497]
[497]
[497]
[497]
[497, 496]
[497]
[497]
[497]
[497]
[497]
[497]
[497]
[497]
[497]
[497]
[497]
[497]
[496, 494]
[497]
[497]
[497]
[497]
[497, 496]
[497]
[497]
[497]
[497]
[497]
[497]
[497, 496]
[497, 496]
[497]
[497]
[497]
[497]
[497]
[497]
[497]
[497]
[497, 496]
[497]
[496]
[497]
[497]
[497]
[497]
[497]
[497]
[497]
[497]
[497]
[497, 495]
[497, 496]
[497]
[497]
[497]
[497]
[497]
[497]
[497, 496]
[497]
[497]
[497]
[497]
[497]
[497]
