[15.04, 14.54]
[23.82, 23.15, 23.09]
[13.05, 12.73]
[13.05, 12.63]
[12.03, 10.71, 10.56]
[17.32, 16.66]
[16.02, 15.31]
[12.72, 11.66, 11.49]
[13.95, 11.95, 11.34, 11.14, 10.81]
[18.29, 18.05, 17.93]
[19.78, 19.57]
[12.29, 12.05]
[14.56, 14.08, 13.83]
[14.04, 13.46, 13.42]
[16.89, 16.57, 16.53, 16.46]
[13.76, 13.05, 12.57]
[12.39, 11.69, 11.47, 11.38]
[13.51, 10.78, 10.45]
[11.96, 11.21, 10.81, 10.69]
[12.92, 11.94, 11.83]
[22.57, 22.04, 21.93, 21.77]
[13.47, 13.23]
[10.89, 10.28, 10.04]
[11.25, 10.66, 10.63]
[12.79, 12.07, 11.65, 11.63]
[11.82, 10.49, 10.28, 10.11, 9.61]
[12.48, 12.02]
[19.88, 19.34, 19.31, 19.22]
[14.85, 14.22, 14.07]
[20.34, 20.22]
[11.97, 10.84, 10.71]
[14.0, 11.49, 11.13]
[10.0, 6.47, 5.86, 5.42]
[12.55, 11.84, 11.45, 11.37]
[15.13, 14.76]
[8.48, 6.45, 4.52, 4.38, 4.36]
[31.66, 31.56]
[9.69, 8.34, 8.28]
[19.29, 19.1]
[7.37, 6.65, 6.23]
[15.35, 14.67, 14.47]
[18.41, 18.06]
[18.22, 17.67, 17.52]
[15.48, 15.08, 14.94]
[18.74, 18.24]
[10.8, 9.35, 9.33]
[11.39, 8.79, 8.19]
[12.95, 11.62, 11.6]
[15.47, 14.74, 14.57]
[11.27, 9.97, 9.7]
[11.02, 10.57, 10.06, 9.92]
[12.16, 11.19, 10.85]
[13.08, 12.79, 12.78]
[13.39, 12.07]
[12.22, 10.56, 10.44, 10.44]
[7.77, 3.89, 2.61, 2.53]
[10.27, 9.66, 9.27]
[20.67, 20.34, 20.33, 20.2]
[11.31, 9.61, 9.44]
[15.01, 13.62, 13.42]
[15.8, 14.3, 14.23]
[13.13, 12.49]
[12.43, 11.44, 11.29]
[11.42, 9.2, 8.92, 8.84]
[13.73, 12.5, 12.08]
[12.99, 10.61, 10.3]
[13.64, 12.29, 12.04, 11.93]
[10.59, 10.5]
[15.68, 15.35, 15.1]
[12.56, 9.9, 9.32]
[15.63, 15.33]
[11.97, 11.82, 11.8]
[22.66, 22.13, 22.11]
[19.28, 18.24, 17.96]
[6.51, 2.23, 1.42]
[18.31, 17.9]
[12.79, 11.85, 11.35]
[11.53, 10.79]
[17.36, 17.0]
[12.6, 12.38]
[10.72, 9.64, 9.31, 9.23]
[12.09, 10.44, 10.31]
[14.9, 13.23, 12.81]
[12.28, 11.5, 11.49]
[13.39, 12.58, 12.53]
[17.32, 16.55, 16.42]
[11.78, 9.13, 8.84]
[17.25, 16.34, 16.08, 16.08]
[16.32, 15.52, 15.28]
[10.74, 10.01, 9.99, 9.94]
[13.89, 12.91, 12.69]
[12.62, 11.74, 11.7, 11.66]
[10.03, 3.93, 3.39, 3.22, 2.93]
[10.59, 9.98, 9.81]
[24.49, 23.92]
[17.38, 17.17, 16.99]
[18.43, 17.91, 17.73]
[12.65, 11.86, 11.77]
[9.99, 8.91]
[10.48, 9.96, 9.82]
