[34.97, 34.67]
[42.91, 42.81]
[30.6, 29.96]
[24.58, 21.57, 21.19]
[29.7, 29.47]
[30.26, 29.73, 29.67]
[40.1]
[32.77, 32.56]
[42.95, 42.95]
[32.42, 31.94]
[23.32, 21.01, 20.62]
[21.32, 12.97, 12.3]
[29.17, 29.03]
[32.02, 31.66]
[28.39, 27.92, 27.85]
[39.67, 39.47]
[42.73, 42.58]
[41.72]
[40.87, 40.77]
[26.1, 24.27, 24.18]
[31.19, 30.95]
[28.64, 27.54, 27.43]
[27.9, 27.2]
[44.15, 44.06]
[20.44, 15.43, 14.58]
[35.56, 35.23]
[25.62, 23.52, 23.42]
[37.41, 37.24]
[40.17, 39.81]
[31.69, 31.3]
[33.34, 32.42]
[29.2, 27.52, 27.29, 27.26, 27.15]
[7.54, 1.48]
[29.47, 28.42, 28.27]
[34.3, 33.72]
[28.51, 28.4]
[33.15, 32.57, 32.49]
[18.79, 15.16]
[36.11, 36.1]
[39.7, 39.54]
[25.96, 25.64]
[30.38, 29.77, 29.66]
[42.13, 42.04]
[13.86, 4.15, 4.04, 3.92]
[30.44, 29.87]
[36.98, 36.8]
[29.25, 28.82, 28.73]
[26.02, 25.72, 25.72]
[41.91, 41.94]
[31.05, 30.57]
[31.27, 31.25]
[23.41, 19.91, 19.52]
[30.7, 29.71]
[33.04, 32.6]
[30.77, 30.61]
[29.51, 29.43]
[37.77, 37.56]
[38.07, 37.86, 37.79]
[34.32, 33.38]
[31.54, 30.4, 30.26]
[35.03, 34.81]
[29.07, 28.64]
[32.7, 32.46]
[49.19]
[33.43]
[28.32, 26.39, 26.23]
[31.61, 29.41, 29.39]
[44.92, 44.85]
[26.6, 24.9, 24.45]
[22.74, 18.26, 17.71]
[22.66, 16.17, 15.94]
[34.03, 33.51]
[26.59, 26.17, 25.99]
[33.46, 32.88]
[29.32, 27.82]
[25.57, 25.1]
[28.2, 27.65, 27.53]
[35.75, 35.34]
[29.44, 27.6, 27.39]
[25.19, 23.08]
[36.77, 36.61, 36.59]
[21.27, 13.71, 13.09]
[31.79, 31.38]
[29.44, 28.91, 28.89, 28.88, 28.79]
[24.62, 21.84, 21.28]
[30.4, 29.84, 29.43]
[37.05, 36.47, 36.46]
[31.77, 31.09]
[28.33, 27.6, 27.29]
[37.56, 37.43, 37.34]
[34.19, 33.61, 33.53]
[31.29, 31.11]
[21.51, 16.09, 15.65]
[30.6, 30.09, 29.98]
[29.4, 28.92, 28.71]
[29.91, 29.26]
[27.26, 27.23, 27.12]
[39.77, 39.54]
[22.09, 18.89, 18.68]
[5.48, 0.07]
