[16.77, 16.1, 15.87, 15.69]
[24.05, 23.74, 23.62]
[13.17, 10.84, 9.77, 9.57, 8.93, 8.87, 8.74, 8.57]
[7.95, 2.35, 1.87, 1.22]
[17.94, 16.96, 16.43]
[17.39, 16.64, 15.88, 15.06, 14.82]
[7.49, 4.83, 1.31, 0.85]
[13.75, 7.91, 6.4, 6.3]
[12.63, 1.23, 0.46]
[13.75, 10.99, 8.52, 8.3, 8.04]
[9.86, 7.63, 5.84, 4.34, 1.85, 0.97]
[14.91, 12.58, 10.49, 9.95, 9.69, 9.5, 9.48]
[18.11, 16.71, 15.19, 15.14]
[11.41, 9.54, 8.9, 8.19, 8.04, 7.38]
[12.66, 10.9, 9.23, 7.49, 5.07, 4.81]
[13.74, 9.41, 8.21, 7.69, 7.52]
[11.27, 7.24, 6.78, 6.61]
[9.01, 5.49, 4.8, 4.73]
[15.0, 11.14, 9.75, 8.74, 7.96, 7.06, 6.72]
[16.71, 15.22, 13.93, 13.75]
[15.52, 14.84, 14.04, 14.0, 13.7]
[14.61, 10.84, 9.64, 9.49]
[14.04, 9.94, 8.94, 7.88, 7.57]
[12.67, 10.41, 9.22, 7.26, 7.17]
[14.85, 13.33, 12.74]
[12.73, 7.84, 7.17, 6.36, 5.18]
[13.31, 11.94, 11.59, 11.36]
[8.7, 6.38, 4.84, 2.86, 2.2]
[13.91, 11.36, 9.22, 8.17, 8.11, 8.07]
[13.19, 12.4, 11.3, 11.01]
[17.1, 14.58, 13.85]
[6.98, 0.49, 0.49]
[7.22, 0.16, 0.16]
[13.42, 11.37, 8.96]
[15.35, 14.91, 13.94, 13.02, 12.31, 12.29]
[7.09, 7.22, 6.64, 4.91, 2.06, 1.66, 1.32, 1.26]
[20.35, 19.42, 17.59]
[14.59, 13.08, 12.5, 10.22, 9.84]
[11.81, 10.27, 9.26, 6.82, 6.46]
[10.52, 9.55, 8.56, 7.41, 5.73, 5.1, 3.76, 3.66]
[20.46, 19.38, 19.13]
[13.35, 11.39, 10.21, 9.73, 9.6]
[18.28, 17.88, 17.55, 17.25]
[22.18, 20.91, 20.73]
[9.91, 6.92, 3.95, 1.95, 1.09, 1.02]
[12.08, 8.23, 7.34, 7.0]
[8.98, 0.55, 0.49]
[13.85, 13.48, 13.3]
[8.99, 3.45, 2.69, 2.56, 2.16, 1.73, 1.61]
[12.32, 11.85, 11.79, 11.66]
[13.92, 13.04, 12.35, 9.58, 8.26, 8.03, 7.74]
[11.87, 8.43, 5.25, 4.78, 3.7]
[10.76, 7.12, 6.11, 5.04, 4.95]
[11.72, 10.31, 9.44]
[12.14, 9.53, 8.92, 8.71]
[11.08, 5.98, 1.84, 1.89]
[16.5, 14.72, 13.7, 13.15]
[10.63, 9.52, 8.02, 6.77, 6.09, 6.07]
[14.55, 14.65, 14.28, 13.58]
[13.52, 11.56, 10.28, 8.08, 7.38, 6.89]
[15.7, 13.9, 13.06, 11.71, 11.24, 10.96, 10.43, 10.36]
[12.99, 10.6, 10.05, 9.45, 9.2, 8.07, 5.57, 2.65]
[9.65, 6.84, 3.98, 3.55, 3.27]
[12.07, 9.03, 7.89, 7.79]
[9.91, 0.35, 0.35]
[11.72, 4.94, 2.08, 1.86]
[16.02, 13.88, 13.39]
[13.05, 11.56, 10.49, 7.33, 5.91, 5.65, 4.93, 4.67]
[13.83, 12.74, 10.75, 9.95, 9.6]
[12.87, 11.53, 11.13, 8.77, 7.69]
[17.47, 16.08, 15.58]
[13.73, 11.25, 10.64, 10.16, 9.98]
[19.06, 14.88, 14.06, 13.93]
[23.05, 22.34, 21.78]
[11.51, 9.72, 8.48, 5.58, 3.43, 1.53, 1.13]
[12.38, 11.62, 9.9, 8.99, 8.81]
[19.29, 19.15, 19.1]
[13.56, 11.82, 10.08, 9.89]
[14.05, 11.72, 10.18, 8.6, 7.76, 5.58, 5.28]
[9.91, 5.6, 3.59, 2.45, 1.23]
[13.43, 6.61, 5.57, 5.47]
[21.47, 21.28, 20.96, 20.54]
[9.81, 8.0, 3.67, 3.5, 3.41, 3.26]
[9.67, 6.06, 4.22, 2.87, 1.43, 1.4]
[16.88, 16.14, 15.55, 15.53]
[11.22, 3.36, 3.28]
[14.55, 13.21, 10.69, 8.05, 7.61, 7.4]
[9.07, 2.36, 1.74, 0.81, 0.64]
[17.19, 15.63, 15.28]
[12.74, 11.36, 8.82, 3.92, 3.03, 1.94, 1.83]
[11.64, 8.05, 6.26, 5.74, 5.68]
[13.63, 11.79, 8.08, 6.13, 5.76]
[12.63, 8.81, 8.19, 7.84]
[9.02, 1.87, 1.01, 0.84]
[7.73, 0.18, 0.17]
[10.61, 4.77, 1.59, 1.64]
[9.16, 4.43, 3.4, 2.85, 2.71]
[10.73, 8.39, 5.57, 5.26, 3.75, 3.15, 1.75, 0.91]
[19.17, 19.0, 18.85]
[7.71, 6.5, 4.98, 2.84, 2.16, 1.88]
