[1.6]
[3.06, 2.35, 2.08, 2.05]
[3.11, 2.72]
[4.7, 4.53]
[3.1, 2.33, 1.91, 1.58]
[2.92, 2.27]
[1.87, 1.72, 1.16, 0.55]
[0.5]
[3.47, 2.8]
[3.85, 3.31]
[1.54, 1.5]
[3.16, 2.74, 2.46, 2.3]
[3.42, 3.4]
[6.08]
[3.45, 3.04, 2.82, 2.4]
[3.13, 2.94]
[3.69, 3.47, 3.45, 3.29]
[3.43]
[3.85, 3.33, 3.24]
[2.28, 1.27]
[3.49, 2.29, 1.48, 0.99]
[1.97, 1.43]
[2.59, 2.25, 1.31, 1.29]
[1.84]
[2.46, 2.0]
[2.5, 2.08]
[2.85, 2.67]
[3.67, 2.63]
[3.34, 3.15]
[2.36, 1.89]
[9.82, 9.4, 9.13]
[1.93]
[3.94, 3.93]
[6.74, 6.45]
[3.23, 2.7]
[0.81, 0.79]
[2.47, 2.0, 1.86]
[2.99, 2.56, 2.55]
[2.61, 2.22, 2.13]
[0.96]
[2.97, 2.9]
[3.71, 3.29]
[3.29, 3.01, 2.49]
[0.95, 0.62, 0.58]
[4.82, 4.51, 4.35]
[2.58, 1.61, 1.54]
[3.6, 3.46]
[1.97, 1.63]
[3.65, 3.07, 3.0]
[2.05, 0.82, 0.54]
[1.26, 1.22]
[2.09, 1.47, 0.9]
[1.83, 1.77]
[2.4, 1.82, 1.32]
[2.34, 2.06, 1.66]
[4.04, 3.44]
[1.49, 1.4]
[1.4, 1.31]
[1.33]
[2.59, 2.51, 2.24, 2.18]
[2.92, 2.87, 2.71, 2.65]
[5.24, 5.13]
[1.72, 0.67]
[1.8, 1.66, 1.62, 1.37, 1.33]
[3.59, 3.55]
[1.87, 1.11, 0.56]
[1.6, 1.32]
[2.55, 2.35, 2.2]
[3.22, 2.39]
[3.26, 2.34, 1.5, 1.45]
[2.86]
[2.45, 2.4, 2.22]
[2.13, 1.73, 1.07]
[2.77]
[3.25, 2.99, 2.95, 2.84]
[3.45, 3.13]
[1.75, 1.61]
[1.14, 0.6]
[3.19, 3.06]
[3.18, 2.88]
[6.81, 6.74, 6.64]
[2.83, 2.69]
[2.43, 1.67, 1.58]
[5.24, 5.04]
[2.87, 1.49, 0.92]
[3.98, 3.61, 3.47, 3.44]
[3.55, 3.41]
[3.05, 2.74]
[3.61, 1.42, 1.36]
[4.37, 4.27]
[5.34]
[2.33, 2.18]
[1.48]
[1.9, 1.84, 1.56, 1.52]
[6.42, 6.35]
[3.9, 3.72, 3.2, 2.9]
[1.85, 1.82]
[5.31, 4.41, 3.92]
[1.21, 0.83]
[1.81, 1.79]
