[11.32, 10.82]
[12.56, 12.4, 12.34]
[12.89, 11.94, 11.56]
[9.37, 7.85, 7.52]
[15.77, 15.06, 14.83]
[13.36, 12.55]
[11.87, 11.11, 10.85]
[12.4, 10.9, 10.44, 10.42]
[10.82, 9.63, 9.55]
[15.45, 14.91, 14.64]
[13.99, 13.4, 13.29]
[16.87, 16.06]
[17.66, 17.54]
[12.5, 12.11, 11.8]
[11.04, 10.25, 9.73, 9.69]
[12.81, 12.44, 12.3]
[15.24, 14.9]
[14.22, 13.57]
[15.23, 14.23, 14.19]
[13.51, 13.03, 12.93]
[12.28, 11.59]
[10.22, 8.7]
[8.47, 7.0, 6.97]
[7.53, 7.05]
[10.65, 9.66, 9.42]
[18.76, 18.61]
[18.68, 18.57]
[11.19, 10.09, 9.81]
[11.56, 10.71]
[10.71, 9.83, 9.55]
[16.51, 15.9, 15.84]
[12.33, 11.51, 11.47]
[16.96, 16.72]
[10.94, 9.65, 9.42, 9.41]
[12.76, 11.66, 11.14]
[12.35, 11.64]
[13.3, 12.75]
[19.67, 19.44]
[15.14, 14.91]
[11.48, 10.84, 10.7]
[15.97, 15.48, 15.39, 15.31]
[12.24, 12.1, 11.86]
[19.69, 19.23, 19.11]
[21.85, 21.27]
[16.05, 15.99]
[11.07, 10.14, 10.13]
[14.84, 14.56]
[41.49, 41.41]
[18.08, 17.52, 17.37]
[11.41, 10.07, 9.83, 9.51, 9.0]
[9.52, 9.26]
[10.82, 9.81, 9.79]
[9.18, 8.3]
[10.46, 9.74, 9.33]
[11.78, 11.34]
[16.09, 15.06]
[14.6, 14.56]
[20.4, 19.67, 19.56]
[13.85, 12.56]
[17.06, 16.68, 16.49]
[12.83, 12.14, 12.07]
[14.39, 14.19]
[17.38, 16.92, 16.71]
[11.81, 10.46, 10.15]
[9.18, 8.08, 8.04]
[15.06, 14.75, 14.55]
[12.44, 11.62, 11.58]
[10.74, 10.1, 10.06]
[15.84, 14.81, 14.76]
[17.54, 16.98]
[14.12, 13.65]
[8.92, 7.32, 7.06]
[13.87, 12.04, 11.83]
[12.44, 11.61, 11.39]
[13.77, 12.8, 12.54]
[17.03, 15.91]
[17.24, 16.92]
[15.92, 15.69]
[14.21, 13.75]
[11.9, 11.46, 10.64]
[16.32, 14.59, 14.51]
[9.82, 8.14, 7.38]
[12.85, 12.1]
[24.96, 24.75]
[14.83, 14.16, 14.1]
[13.48, 13.05, 12.88]
[21.25, 20.88]
[12.95, 12.54, 12.51, 12.5]
[3.28, 0.99, 0.54, 0.36]
[9.87, 8.9]
[13.16, 12.42]
[15.45, 14.65, 14.32]
[12.72, 12.16, 12.15]
[9.97, 9.43]
[14.08, 13.36]
[12.3, 11.83]
[18.19, 17.54]
[17.19, 16.48, 16.19]
[12.1, 11.98, 11.92]
[15.17, 15.14]
