[4.24, 3.89]
[5.92, 5.5]
[5.74, 5.14, 4.99, 4.72]
[6.04, 5.02, 3.58, 3.55, 3.26]
[4.98, 3.87]
[3.64, 2.9, 2.11, 1.88]
[5.54, 4.48, 4.23, 3.46]
[5.61, 4.49, 4.19, 3.72]
[7.65, 6.98, 6.78]
[4.93, 3.64, 2.82]
[7.69, 7.38]
[5.45, 3.68, 2.85, 1.9, 1.56]
[3.56, 3.32]
[17.66, 17.62]
[7.66, 7.36]
[4.48]
[10.59, 10.26]
[4.05, 3.29, 2.71, 2.11, 1.78]
[7.34, 6.92]
[5.42, 4.95, 4.54]
[4.02, 3.51]
[4.58, 3.61, 3.1, 2.61]
[4.58, 4.56]
[2.8, 2.49]
[4.82, 4.49]
[4.68, 4.57, 4.35, 3.27]
[5.04, 4.56]
[6.28, 5.93, 5.83]
[5.91, 5.55]
[11.72, 11.41, 11.39]
[2.63, 0.97, 0.67]
[4.06, 3.94, 3.85]
[6.41, 5.82, 5.69, 5.22]
[11.58, 11.34]
[6.34, 5.4, 5.14]
[5.35, 4.93]
[2.2, 2.05, 1.89, 1.84, 1.73]
[10.04, 8.93, 8.86]
[5.11, 1.15, 1.02]
[7.86, 7.13, 7.09]
[8.64, 8.35, 8.3]
[4.5, 4.21, 3.89]
[5.51, 3.27, 2.48, 2.47]
[8.88, 8.7]
[6.57, 6.35]
[6.48, 6.19, 5.89]
[5.46, 3.42, 2.49]
[11.84, 11.04]
[8.17, 7.71, 7.22]
[4.37, 3.69, 2.63, 1.2]
[7.24, 6.91]
[7.8, 7.44]
[11.23]
[7.38, 7.34]
[6.12, 5.78]
[8.04]
[5.33, 4.91, 4.51, 4.5]
[3.76, 3.7]
[6.78, 5.77, 5.44, 4.83, 4.78]
[6.34, 6.01, 5.57]
[5.51, 4.99, 4.93]
[2.45, 2.29]
[4.93, 4.44]
[7.45, 7.23]
[7.6, 7.3, 7.07]
[6.77, 6.6]
[5.19, 4.06, 3.49]
[2.7, 2.1]
[7.08, 6.87]
[8.18, 8.17]
[6.49, 6.02, 5.47]
[4.05, 2.18, 1.39, 1.33]
[6.32, 5.75, 5.72]
[11.15, 11.1]
[5.14, 4.61, 3.99, 3.89]
[3.84, 2.81, 2.78, 2.63, 2.3]
[4.87, 4.16]
[12.57, 12.08]
[4.97, 4.58]
[8.07, 7.56, 7.54]
[3.79, 3.42, 3.26, 2.99, 2.05, 2.03]
[4.98, 4.88, 4.8]
[3.68, 3.3, 2.95]
[4.04, 2.79, 1.75, 1.59, 1.42]
[9.17, 9.07]
[4.1, 3.89, 3.69, 3.41, 3.39]
[5.96, 5.54]
[4.58, 4.05, 3.99]
[6.77, 6.44, 6.36]
[18.46, 18.31]
[8.02, 7.94]
[3.0, 0.3, 0.25]
[12.82]
[8.94, 8.37]
[2.84, 2.61]
[3.8]
[4.5, 2.35, 0.86, 0.84]
[14.5, 14.41]
[9.5, 9.32, 9.28]
[5.4, 5.2, 4.86]
