[13.01, 9.79, 8.65, 8.55]
[13.76, 13.29, 13.17]
[20.02, 19.91, 19.67]
[28.07, 27.72]
[14.96, 13.19]
[14.82, 10.23, 7.39, 7.3]
[21.15, 20.59]
[21.95]
[16.77, 16.39]
[16.08, 15.19, 15.01]
[22.18, 22.02, 21.89]
[22.83, 21.93, 21.82]
[18.48, 17.82]
[19.27, 17.6]
[38.31]
[22.92, 21.55]
[21.35, 19.19, 18.78]
[20.56, 20.27]
[12.04, 5.76, 4.69, 3.34, 3.14]
[29.16, 28.62]
[23.01, 22.2, 21.89, 21.5]
[21.68, 21.41]
[17.85, 17.67]
[21.9, 21.64]
[27.5]
[25.33, 24.81, 24.54]
[19.62, 18.4, 17.91, 17.1]
[13.51, 10.34, 9.53]
[12.18, 9.55, 9.4, 9.28]
[22.56, 21.43]
[19.18, 18.75, 18.46, 18.33]
[13.25, 11.9]
[16.31, 16.25, 16.14]
[18.18, 17.99]
[21.49, 21.12]
[23.37, 22.68]
[21.56, 20.79, 20.68]
[28.93, 28.15]
[20.29, 19.72, 19.63]
[11.77, 1.96, 1.73]
[33.11, 33.12]
[22.14, 22.07, 22.06]
[35.47, 35.19]
[21.68, 21.5]
[31.88, 31.16]
[20.47, 19.56]
[16.27, 16.02]
[15.71, 14.69, 14.2]
[1.66, 1.02]
[23.07, 22.97]
[25.25, 24.45]
[21.59, 21.32]
[24.79, 24.72, 24.61]
[25.06, 24.83]
[19.77, 18.53, 18.5]
[23.93, 23.65]
[19.42, 18.57]
[19.81, 19.74, 19.7]
[18.6, 17.84, 17.39, 17.13]
[27.46, 26.65]
[28.39, 28.21]
[25.41, 25.18, 24.74]
[27.09, 26.66]
[15.19, 11.74, 11.4]
[35.06]
[26.32, 25.33]
[19.95, 19.11, 18.64, 18.44]
[15.37, 13.66, 13.25, 13.06]
[20.68, 19.76]
[19.76, 19.17]
[28.36, 27.31]
[18.67, 18.16, 17.82]
[17.68, 17.23]
[18.26, 16.42, 15.88, 15.68]
[33.03, 32.72]
[16.97, 16.27]
[25.78, 25.67]
[17.35, 14.86, 14.5]
[19.23, 17.4, 16.99]
[18.11, 17.73, 17.57, 17.48]
[16.14, 14.61, 14.55, 14.36]
[19.93, 17.64, 17.25]
[15.31, 15.17, 15.06]
[27.59, 26.82]
[16.36, 9.57, 7.95, 7.37]
[19.3, 19.08]
[44.5]
[22.4, 22.39]
[20.58, 18.97]
[22.49, 22.45]
[22.55, 22.12]
[14.15, 13.29, 12.39, 12.26]
[24.33, 23.62]
[30.74, 30.67]
[15.23, 12.72, 12.54, 12.46]
[19.89, 18.71]
[24.37, 23.84]
[12.54, 7.93, 7.26]
[33.17, 32.66]
[20.94, 18.79, 18.03]
