[900, 390]
[900, 400, 396]
[900, 375, 372]
[900, 416]
[900, 394, 392]
[900, 383]
[900, 391]
[900, 388]
[900, 402]
[900, 406]
[900, 410, 409]
[900, 391, 390]
[900, 396, 395]
[900, 379, 377]
[900, 410]
[900, 423, 422]
[900, 386, 384]
[900, 376]
[900, 382]
[900, 354]
[900, 368, 367]
[900, 390]
[900, 377, 376]
[900, 397, 396]
[900, 372, 371]
[900, 376, 375]
[900, 383, 382]
[900, 368, 367]
[900, 380]
[900, 387, 384]
[900, 396]
[900, 420, 419]
[900, 406]
[900, 387]
[900, 403, 401]
[900, 403, 402]
[900, 403, 402]
[900, 405]
[900, 389, 387]
[900, 377, 376]
[900, 420, 419]
[900, 386, 385]
[900, 408]
[900, 396, 393]
[900, 397, 396]
[900, 398, 395]
[900, 377]
[900, 398]
[900, 392, 390]
[900, 388]
[900, 415, 414]
[900, 412, 407, 406]
[900, 430, 428]
[900, 415, 414]
[900, 393]
[900, 405]
[900, 390]
[900, 402]
[900, 393, 391]
[900, 398]
[900, 382]
[900, 385, 384]
[900, 423, 421]
[900, 409, 406]
[900, 391]
[900, 400, 396]
[900, 370]
[900, 393, 391]
[900, 376]
[900, 385]
[900, 401]
[900, 362]
[900, 373]
[900, 373]
[900, 380, 379]
[900, 392, 389]
[900, 381, 380]
[900, 397]
[900, 397]
[900, 399, 396]
[900, 407]
[900, 382, 381]
[900, 404, 403]
[900, 402]
[900, 385, 382]
[900, 408]
[900, 372]
[900, 377, 376]
[900, 384]
[900, 410]
[900, 388]
[900, 403]
[900, 404]
[900, 422, 421]
[900, 394]
[900, 393, 392]
[900, 418, 416]
[900, 375, 373]
[900, 413]
[900, 402, 401]
