[900, 191, 188]
[900, 201, 192]
[900, 175]
[900, 203, 200]
[900, 191, 155, 137]
[900, 173]
[900, 189, 180, 152, 142]
[900, 199, 197]
[900, 197, 194]
[900, 179, 176]
[900, 190, 188]
[900, 199, 198]
[900, 180, 171, 155, 150]
[900, 207, 204]
[900, 182, 180]
[900, 200, 196]
[900, 207, 203]
[900, 198, 171, 148, 143]
[900, 202, 187, 162, 151]
[900, 209, 208]
[900, 184, 183]
[900, 198, 157, 140]
[900, 182, 174]
[900, 179]
[900, 191, 181, 163, 161]
[900, 196, 192]
[900, 187]
[900, 211, 209]
[900, 208, 205]
[900, 193]
[900, 203, 201]
[900, 190, 188]
[900, 177, 172]
[900, 190, 187]
[900, 194, 185, 158, 143]
[900, 199, 180, 154, 153]
[900, 187, 184]
[900, 185, 177]
[900, 191, 189]
[900, 197, 192]
[900, 181, 175]
[900, 212, 185, 168, 163]
[900, 191, 188, 187]
[900, 187, 171, 147]
[900, 200, 188, 160, 158]
[900, 190, 186]
[900, 198]
[900, 189, 187]
[900, 190, 182]
[900, 196]
[900, 205, 204]
[900, 205, 202]
[900, 185, 183]
[900, 197]
[900, 197]
[900, 204, 200]
[900, 188]
[900, 198, 190]
[900, 205, 204]
[900, 185]
[900, 164, 163]
[900, 197, 191]
[900, 197, 191]
[900, 195]
[900, 185, 179]
[900, 202, 200]
[900, 200, 198]
[900, 202, 193]
[900, 196]
[900, 187, 182]
[900, 199, 190]
[900, 197, 178, 148]
[900, 195, 177, 156, 152]
[900, 185, 164, 152, 149]
[900, 198, 194]
[900, 198, 185, 156, 150]
[900, 212, 190, 160, 159]
[900, 185, 173, 145, 140]
[900, 212, 186, 168, 157]
[900, 193]
[900, 199, 197, 196]
[900, 203, 202]
[900, 191, 186]
[900, 185, 174, 151, 147]
[900, 195, 179, 159, 157]
[900, 190]
[900, 214, 205]
[900, 192, 168, 147, 146]
[900, 190, 180, 159, 150]
[900, 209, 199, 165, 163]
[900, 207, 200]
[900, 180, 178]
[900, 198, 193]
[900, 201, 193]
[900, 188, 182, 180]
[900, 194, 187]
[900, 177, 173]
[900, 178, 163, 146, 145]
[900, 206, 185, 163]
[900, 176, 166, 143, 142]
