[900, 568, 111]
[900, 596, 131, 108, 99]
[900, 568, 118, 112]
[900, 615, 167, 98, 90]
[900, 615, 164, 101, 93]
[900, 611, 167, 82, 76]
[900, 588, 126]
[900, 577, 117]
[900, 577, 113]
[900, 585, 131, 125]
[900, 596, 126, 116]
[900, 558, 109]
[900, 600, 136, 134]
[900, 598, 133, 130]
[900, 574, 129]
[900, 583, 117]
[900, 614, 152, 112, 100]
[900, 585, 145, 133]
[900, 590, 148, 137]
[900, 602, 146, 118, 101]
[900, 607, 134, 123]
[900, 545, 98, 97]
[900, 597, 144, 115, 101]
[900, 568, 122]
[900, 602, 141, 98, 90]
[900, 605, 146, 106, 99]
[900, 601, 143, 118, 100]
[900, 583, 128, 103, 94]
[900, 626, 171, 94, 88]
[900, 597, 145, 123]
[900, 590, 127, 119]
[900, 604, 148, 88, 83]
[900, 560, 109]
[900, 629, 174, 110, 105]
[900, 599, 160, 90]
[900, 589, 126, 124]
[900, 612, 155, 113, 97]
[900, 591, 124, 110]
[900, 578, 130, 123]
[900, 623, 162, 89, 84]
[900, 616, 179, 119, 102]
[900, 604, 118, 114]
[900, 583, 132, 124]
[900, 592, 128, 120]
[900, 603, 146, 113, 103]
[900, 564, 105]
[900, 572, 124, 122]
[900, 579, 121, 119]
[900, 581, 144, 118, 100]
[900, 603, 146, 135]
[900, 600, 149, 101, 90]
[900, 604, 153, 104, 97]
[900, 582, 128, 125]
[900, 597, 151, 112, 94, 92]
[900, 571, 122, 111]
[900, 577, 122, 103, 97]
[900, 587, 142, 125]
[900, 582, 132, 127]
[900, 610, 165, 109, 91]
[900, 614, 146, 103, 96]
[900, 607, 168, 93, 86]
[900, 589, 135, 112, 89]
[900, 611, 165, 107, 98]
[900, 585, 131, 123]
[900, 599, 143, 102, 95]
[900, 546, 121, 120]
[900, 589, 119, 113]
[900, 602, 158, 132, 118]
[900, 621, 180, 100, 89]
[900, 566, 111, 108]
[900, 587, 117]
[900, 595, 144, 107, 98]
[900, 591, 146, 143]
[900, 571, 122, 103, 95]
[900, 570, 123, 119]
[900, 589, 144, 129]
[900, 598, 160, 118, 103]
[900, 579, 135, 116]
[900, 582, 137, 118]
[900, 576, 126, 114]
[900, 568, 132, 123]
[900, 556, 103]
[900, 586, 136, 120]
[900, 586, 135, 128, 127]
[900, 600, 143, 117, 107]
[900, 573, 127, 124, 123]
[900, 587, 138, 128]
[900, 604, 151, 143]
[900, 606, 155, 117, 103]
[900, 595, 140, 130]
[900, 565, 113]
[900, 623, 141, 127]
[900, 599, 163, 153]
[900, 575, 128, 123]
[900, 588, 136, 128]
[900, 599, 138, 118]
[900, 610, 161, 115, 101]
[900, 582, 120, 109]
[900, 577, 130, 122]
[900, 601, 131, 113]
