[900, 505, 134]
[900, 496, 141]
[900, 489, 133]
[900, 465, 125]
[900, 458, 132]
[900, 464, 120, 119]
[900, 483, 131]
[900, 471, 123]
[900, 452, 121]
[900, 471, 140, 139]
[900, 447, 124]
[900, 480, 125, 124]
[900, 473, 119]
[900, 471, 129]
[900, 464, 124]
[900, 480, 129]
[900, 484, 122]
[900, 478, 129]
[900, 477, 146]
[900, 483, 140]
[900, 464, 115]
[900, 456, 121]
[900, 498, 127]
[900, 466, 117]
[900, 456, 124]
[900, 451, 110]
[900, 456, 124]
[900, 478, 151]
[900, 461, 126]
[900, 486, 132]
[900, 460, 131]
[900, 460, 131]
[900, 482, 129]
[900, 470, 134]
[900, 494, 149]
[900, 463, 143]
[900, 479, 120]
[900, 462, 120]
[900, 458, 137, 136]
[900, 457, 130]
[900, 478, 126]
[900, 470, 141]
[900, 472, 118]
[900, 467, 140]
[900, 485, 129]
[900, 481, 118]
[900, 471, 132]
[900, 461, 129]
[900, 450, 119]
[900, 491, 126]
[900, 472, 120]
[900, 450, 118]
[900, 465, 139]
[900, 478, 125]
[900, 442, 129]
[900, 469, 134, 133]
[900, 489, 120]
[900, 481, 141]
[900, 461, 116, 115]
[900, 490, 122]
[900, 467, 122]
[900, 469, 138, 137]
[900, 486, 121]
[900, 449, 119]
[900, 465, 110]
[900, 479, 139]
[900, 442, 132]
[900, 438, 104]
[900, 475, 115]
[900, 461, 129]
[900, 487, 123]
[900, 484, 124]
[900, 462, 125]
[900, 458, 126]
[900, 474, 124]
[900, 486, 130]
[900, 464, 118]
[900, 436, 123]
[900, 490, 127]
[900, 473, 129]
[900, 473, 115]
[900, 442, 136]
[900, 456, 111]
[900, 460, 118]
[900, 481, 112]
[900, 476, 127]
[900, 487, 128]
[900, 478, 120]
[900, 480, 143]
[900, 475, 128]
[900, 456, 130]
[900, 473, 137]
[900, 468, 132]
[900, 454, 131]
[900, 469, 134, 132]
[900, 470, 129]
[900, 473, 124, 123]
[900, 489, 137]
[900, 445, 119, 118]
[900, 463, 132]
