[900, 876]
[900]
[900, 891]
[900]
[900, 896]
[900, 834]
[900]
[900, 866]
[900, 872]
[900]
[900, 897, 888]
[900, 866]
[900, 897]
[900, 885]
[900, 854]
[900]
[900, 839]
[900, 898]
[900, 794]
[900, 849]
[900, 898, 894]
[900, 898]
[900, 897]
[900, 859]
[900, 871]
[900, 890]
[900, 895]
[900, 890]
[900, 893]
[900, 823]
[900, 823]
[900, 865]
[900, 898]
[900, 869]
[900, 897]
[900, 896]
[900]
[900, 887]
[900]
[900, 898]
[900, 899]
[900, 893]
[900]
[900, 897]
[900]
[900, 804]
[900]
[900, 846]
[900, 796]
[900, 895]
[900, 898]
[900, 832]
[900, 853]
[900, 896]
[900]
[900, 883]
[900, 876]
[900, 806]
[900, 897]
[900, 898]
[900, 858]
[900, 864]
[900, 859]
[900, 847]
[900, 890]
[900, 851]
[900, 895]
[900, 899]
[900, 878]
[900, 899]
[900, 838]
[900, 889]
[900, 876]
[900, 877]
[900]
[900]
[900, 885]
[900, 890]
[900, 878]
[900, 803]
[900, 807]
[900, 884]
[900]
[900, 873]
[900, 896]
[900, 802]
[900, 839, 838]
[900, 881]
[900, 899]
[900, 890]
[900, 885]
[900, 898]
[900, 899]
[900]
[900, 899]
[900, 874]
[900, 897]
[900, 849]
[900, 795]
[900, 805]
