[900, 375, 124, 121]
[900, 404, 116, 115]
[900, 403, 124]
[900, 414, 146, 144]
[900, 421, 131]
[900, 379, 109, 108]
[900, 389, 117]
[900, 414, 122, 120]
[900, 382, 120, 119]
[900, 387, 119, 117]
[900, 396, 110]
[900, 398, 132, 129]
[900, 404, 124, 122]
[900, 384, 115]
[900, 399, 127, 125]
[900, 400, 105]
[900, 391, 113]
[900, 395, 106]
[900, 416, 116, 115]
[900, 411, 117]
[900, 377, 152, 148]
[900, 398, 118]
[900, 386, 125]
[900, 383, 122, 120]
[900, 377, 122, 119]
[900, 404, 113]
[900, 413, 122]
[900, 397, 110]
[900, 411, 102]
[900, 420, 130]
[900, 368, 135, 130]
[900, 376, 123, 119]
[900, 391, 121, 119]
[900, 395, 131]
[900, 399, 125, 124]
[900, 394, 114, 112]
[900, 397, 106]
[900, 400, 108, 106]
[900, 401, 116, 115]
[900, 418, 125, 124]
[900, 406, 120, 117]
[900, 408, 122]
[900, 370, 114, 113]
[900, 406, 128]
[900, 417, 133, 132]
[900, 395, 108, 106]
[900, 373, 126]
[900, 409, 102]
[900, 405, 120, 119]
[900, 388, 117, 116]
[900, 373, 121, 117]
[900, 392, 96]
[900, 394, 116]
[900, 350, 137, 134]
[900, 396, 131, 128]
[900, 405, 114]
[900, 397, 130, 129]
[900, 417, 103]
[900, 397, 115, 111]
[900, 389, 112, 110]
[900, 389, 123, 122]
[900, 383, 105]
[900, 390, 123, 121]
[900, 418, 120, 119]
[900, 385, 114, 113]
[900, 391, 129, 127]
[900, 408, 124]
[900, 388, 109]
[900, 387, 128]
[900, 376, 124]
[900, 410, 129, 128]
[900, 404, 106, 103]
[900, 382, 117]
[900, 379, 131, 128]
[900, 387, 131, 127]
[900, 410, 118]
[900, 398, 141, 140]
[900, 397, 108]
[900, 397, 113]
[900, 380, 124, 122]
[900, 373, 137, 136]
[900, 376, 120, 119]
[900, 392, 115, 114]
[900, 391, 115]
[900, 400, 106]
[900, 390, 106]
[900, 396, 117, 115]
[900, 379, 130, 129]
[900, 409, 114]
[900, 414, 118]
[900, 376, 110, 109]
[900, 398, 131, 126]
[900, 391, 121]
[900, 418, 102, 101]
[900, 393, 105]
[900, 415, 104]
[900, 390, 134, 131]
[900, 391, 111]
[900, 384, 134, 131]
[900, 383, 121, 120]
