[450, 190, 51]
[450, 195, 64]
[450, 201, 61]
[450, 203, 78]
[450, 191, 69]
[450, 207, 69]
[450, 201, 58]
[450, 188, 81, 79]
[450, 212, 70, 68]
[450, 203, 67, 63]
[450, 194, 57]
[450, 213, 67]
[450, 181, 73, 70]
[450, 196, 61, 60]
[450, 189, 67]
[450, 184, 87, 82]
[450, 189, 57]
[450, 197, 53]
[450, 197, 68]
[450, 184, 72, 70]
[450, 202, 60]
[450, 194, 66]
[450, 189, 75, 74]
[450, 196, 72, 70]
[450, 205, 55]
[450, 195, 64]
[450, 177, 66]
[450, 193, 54]
[450, 191, 58]
[450, 198, 67]
[450, 198, 64, 63]
[450, 175, 75, 73]
[450, 180, 88, 83]
[450, 188, 62]
[450, 202, 63]
[450, 204, 60]
[450, 199, 65]
[450, 198, 55]
[450, 187, 58]
[450, 188, 68, 65]
[450, 179, 67, 59]
[450, 204, 59]
[450, 184, 58, 57]
[450, 190, 66]
[450, 203, 57, 55]
[450, 196, 80, 75]
[450, 177, 71]
[450, 191, 69, 66]
[450, 176, 81, 80]
[450, 191, 54]
[450, 192, 42]
[450, 200, 57]
[450, 208, 68, 67]
[450, 198, 62]
[450, 199, 65, 64]
[450, 214, 67, 66]
[450, 203, 72]
[450, 208, 55]
[450, 198, 74]
[450, 198, 69, 65]
[450, 196, 59, 57]
[450, 212, 51, 50]
[450, 197, 61]
[450, 207, 59]
[450, 190, 78]
[450, 195, 75, 74]
[450, 192, 64, 63]
[450, 180, 71, 69]
[450, 193, 66, 64]
[450, 182, 86, 79]
[450, 194, 66, 64]
[450, 197, 51]
[450, 195, 69, 65]
[450, 201, 70, 69]
[450, 199, 58]
[450, 208, 63]
[450, 186, 69, 67]
[450, 199, 69, 67]
[450, 196, 51]
[450, 198, 70, 69]
[450, 188, 68, 66]
[450, 188, 71, 70]
[450, 199, 64, 63]
[450, 187, 79]
[450, 191, 75, 68]
[450, 187, 60]
[450, 193, 71, 68]
[450, 223, 57]
[450, 193, 56]
[450, 198, 60]
[450, 192, 54]
[450, 199, 48]
[450, 198, 52]
[450, 209, 57]
[450, 204, 59]
[450, 190, 67, 65]
[450, 179, 62, 60]
[450, 185, 76, 74]
[450, 191, 65, 64]
[450, 196, 62]
