[860, 719, 700]
[302, 129, 128]
[923, 859, 854]
[417, 262]
[862, 722, 720]
[694, 456]
[849, 611, 601]
[873, 742, 739]
[883, 737, 725]
[882, 616, 578]
[917, 834, 832]
[877, 572, 531]
[829, 536, 503, 498]
[783, 618, 611]
[701, 148, 133, 113, 61]
[822, 310, 278, 276]
[907, 803, 802]
[886, 740, 738]
[866, 656, 645]
[881, 739, 733]
[881, 687, 655]
[894, 753, 744, 736]
[855, 636, 620]
[900, 707, 672, 669]
[922, 842]
[611, 139, 122]
[727, 205, 155, 145, 137, 133]
[890, 752, 734]
[857, 716, 711]
[765, 406, 390]
[859, 591, 552, 544]
[897, 816, 806]
[908, 863, 860]
[915, 813, 810]
[839, 542, 528]
[859, 737, 736]
[847, 687, 685]
[847, 473, 424, 420]
[850, 732, 729]
[866, 697, 687]
[889, 665, 658]
[891, 728, 718]
[884, 797, 788]
[927, 844]
[902, 813, 802]
[858, 630, 607]
[863, 685, 683]
[924, 821, 812]
[851, 656, 644]
[919, 744, 733]
[766, 577, 561, 555]
[670, 548]
[109, 92]
[889, 798]
[889, 783, 780]
[875, 689, 671]
[602, 197, 173]
[765, 340, 332]
[939, 897, 893]
[843, 608, 599]
[599, 30, 30]
[740, 536, 534]
[776, 540, 530]
[895, 757, 708, 705, 700]
[915, 835, 831]
[903, 786, 785]
[863, 708, 686, 682]
[853, 601, 548]
[732, 271, 218]
[919, 849, 843]
[901, 763, 759]
[675, 295, 277, 271]
[859, 634, 611, 603]
[730, 537, 527]
[886, 767, 755]
[787, 424, 363, 357]
[739, 540]
[544, 21, 21]
[899, 784, 777, 774]
[880, 723, 706]
[527, 139, 129, 128]
[931, 903, 900]
[760, 600, 598]
[739, 587, 579]
[923, 856, 855]
[591, 451]
[860, 707, 702]
[921, 872, 864]
[838, 588, 562]
[904, 811, 803, 794]
[907, 794, 788]
[789, 605, 600]
[873, 729, 726]
[816, 589, 582]
[526, 66, 50, 40]
[882, 680, 649, 645]
[868, 684, 678]
[862, 704]
[924, 840, 838]
[897, 802, 798]
