[530, 488]
[502, 463]
[538, 454, 379, 348]
[621, 567, 520, 500]
[430, 58]
[563, 531]
[516, 324, 150]
[603, 519, 490]
[513, 479, 268, 49]
[556, 268, 246, 189]
[548, 348, 331]
[558, 485, 477]
[539, 210, 138]
[554, 463, 378, 371]
[494, 395, 375]
[540, 529, 528, 524]
[559, 514, 513, 512]
[594, 403, 336, 223]
[495, 343, 332, 219, 201]
[589, 493, 469]
[511, 259, 167]
[450, 287, 73]
[562, 437, 421]
[534, 455, 432, 431]
[498, 367, 138]
[619, 379, 248, 241, 165]
[208, 47]
[489, 362, 51]
[530, 364, 254]
[553, 476, 329, 307, 281]
[578, 512, 509]
[532, 320, 68]
[499, 407, 280, 273]
[524, 437, 331, 238]
[531, 500, 475, 429]
[636, 521, 472]
[589, 477, 444, 441]
[450, 370, 333]
[560, 476, 397, 371]
[567, 397, 271, 175, 90]
[421, 104, 82]
[547, 463, 458]
[557, 469, 310, 192]
[434, 332, 280, 240, 228]
[493, 228, 180]
[414, 66]
[593, 92]
[555, 497, 427, 370, 348]
[571, 421, 217, 175]
[485, 363, 235, 184]
[510, 185, 64]
[245, 56]
[560, 512, 510, 505]
[517, 495, 494]
[540, 449, 339, 210]
[524, 470, 469]
[510, 295, 231]
[482, 82, 62]
[552, 428, 367, 363]
[111, 25]
[489, 283, 112, 111, 74]
[471, 199, 121]
[588, 445, 424, 377, 343]
[516, 449, 428]
[501, 401, 367]
[539, 428, 283, 223]
[433, 148, 52, 52]
[533, 407, 306, 85]
[521, 47]
[538, 284, 116]
[580, 260, 120]
[527, 419, 85]
[605, 433, 280, 226, 223, 128]
[604, 500, 457, 440]
[515, 67]
[447, 421, 332, 326]
[492, 87, 85]
[526, 455, 364, 285]
[558, 271, 140]
[509, 91, 91]
[475, 210]
[539, 421, 304, 206]
[427]
[598, 402, 349, 334]
[555, 440, 418, 400, 223, 95]
[481, 79]
[506, 462, 459, 445]
[576, 564, 562]
[469, 152, 82]
[504, 432, 428, 427]
[565, 480, 446]
[522, 430, 303, 301]
[518, 234, 86]
[589, 214, 172]
[509, 436, 409, 355, 353, 316]
[575, 549]
[516, 494]
[604, 554, 547, 535]
[595, 49]
[606, 533, 498, 486]
