[678, 137, 69, 69, 2]
[651, 17, 17]
[752, 493, 339, 143]
[720, 530, 341, 334]
[751, 410, 280, 277, 227, 182]
[718, 290, 129, 52]
[770, 369, 259, 253]
[732, 325, 162, 90]
[712, 208, 152]
[793, 645, 510, 401, 360, 356]
[762, 317, 214, 128]
[773, 416, 343, 325, 322, 312]
[650, 41, 41]
[700, 101, 77]
[669, 44, 44]
[686, 77, 50]
[700, 128, 20, 19, 2]
[711, 617, 480, 193, 193]
[424, 32, 32]
[747, 263, 109, 67]
[675, 35, 35]
[764, 204, 163, 163]
[663, 179, 79, 79, 2]
[693, 578, 399, 295, 289, 282, 276, 180]
[735, 465, 188, 97]
[568, 19, 19]
[670, 35, 35]
[701, 367, 225, 213, 213]
[633, 66, 32]
[685, 72, 41]
[753, 574, 293, 139]
[673, 435, 233, 200]
[776, 380, 102, 102]
[618, 32, 32]
[705, 360, 192, 120, 107]
[686, 84, 81, 81]
[713, 426, 38, 38]
[746, 683, 611, 523, 490, 471, 466]
[751, 316, 139, 67, 67]
[755, 655, 283, 53, 43]
[705, 431, 369, 340]
[727, 428, 322, 271, 66]
[753, 430, 231, 188]
[667, 140, 85]
[650, 539, 384, 163]
[676, 23, 23]
[694, 194, 94]
[740, 388, 211, 211]
[703, 150, 74, 74]
[692, 438, 377, 307, 224, 143, 136]
[728, 20, 20]
[752, 318, 93, 92, 5]
[625, 18, 18]
[694, 91, 71]
[745, 61, 51]
[735, 216, 44]
[636, 127, 80]
[692, 457, 193, 106]
[735, 330, 82, 82]
[702, 277, 189, 121, 121]
[738, 488, 329, 298, 280]
[706, 23, 23]
[629, 46, 46]
[743, 500, 124, 73]
[739, 293, 44, 44, 2]
[739, 404, 61, 61]
[687, 532, 367, 352]
[769, 240, 114, 90]
[684, 303, 85, 85, 2]
[693, 269, 65, 65, 2]
[726, 458, 268, 148]
[659, 17, 17]
[781, 187, 100, 74]
[735, 392, 159, 159]
[670, 103, 100, 90, 56]
[744, 417, 205, 177, 105]
[714, 92, 45]
[669, 141, 34]
[730, 42, 42]
[714, 58, 58]
[763, 612, 242, 116]
[745, 483, 421, 239, 210, 103, 95]
[701, 98, 76]
[743, 224, 88]
[760, 446, 295, 224, 224]
[523, 15, 15]
[727, 293, 78, 78, 2]
[756, 283, 72]
[733, 67, 53, 53]
[729, 575, 447, 328, 225, 125]
[712, 477, 275, 220]
[725, 604, 251, 91]
[715, 34, 34]
[671, 442, 270, 193, 192]
[760, 427, 43, 43]
[729, 532, 349, 305, 301, 298]
[720, 180, 94]
[668, 44, 44]
[752, 548, 372, 212, 86]
[725, 295, 206, 170]
