[439, 99, 99]
[469, 90]
[353, 190]
[408, 334]
[437, 362, 308]
[260, 202]
[291]
[411, 341, 319]
[435, 198, 194]
[396, 363, 267]
[381, 280, 136]
[389, 287, 225]
[413, 349, 334]
[383, 96, 93]
[422, 326, 307, 211]
[365, 219, 169]
[498, 203, 95]
[283, 81]
[442, 418, 354, 337, 283]
[464, 135, 60]
[348, 272, 260, 152, 136]
[456, 235, 99]
[408, 319, 166]
[499, 393, 382, 202]
[468, 133, 105]
[361, 229, 223]
[355, 229, 212, 187, 116]
[293, 40]
[400, 374, 267, 96]
[358, 296, 231]
[174]
[374, 267, 216]
[545, 460, 430, 390, 374]
[427, 185, 184, 107]
[338, 137]
[309, 229, 87]
[399, 318, 300, 224]
[413, 254, 199]
[334, 207]
[357, 100, 78]
[400, 81]
[420, 317, 96, 74]
[449, 393, 319]
[454, 153]
[314, 187, 168]
[450, 249, 59]
[363, 140, 139, 123, 57]
[282]
[246, 191]
[286]
[498, 415, 405]
[413, 60]
[387, 248, 101]
[472, 296, 68]
[389, 356, 351]
[405, 106]
[425, 233, 177, 54]
[290, 127, 127]
[300, 190, 102, 66]
[379, 250, 217]
[417, 194, 115]
[405, 319]
[332, 90]
[344, 19]
[399, 277, 88]
[337, 244, 158]
[430, 234, 202]
[349, 330, 329]
[345, 270, 88]
[402, 362, 347]
[467, 297, 244]
[490, 374, 346]
[314, 274, 147]
[482, 154, 152]
[419, 338, 70]
[437, 315]
[480, 406, 326, 77]
[383, 346]
[446, 365, 303, 297, 288, 263]
[358, 118]
[441, 171, 124]
[299, 155]
[276, 124]
[448, 291, 254]
[461, 449, 402, 371]
[404, 331]
[465, 286, 94]
[449, 337, 300]
[391, 92]
[429, 419, 413]
[434, 396, 355, 353]
[494, 442, 414]
[366, 314, 206, 192, 153]
[266, 177, 83]
[505, 377, 196]
[303, 250]
[362, 270, 150]
[416, 37]
[351, 335, 162, 137]
[487, 365, 338, 314]
