[666, 544, 542]
[622, 165, 65]
[714, 485, 405, 380]
[719, 696]
[714, 678, 676]
[666, 464, 397, 379]
[659, 492, 489]
[777, 664, 633, 628]
[740, 690, 683]
[712, 487, 402, 338]
[685, 621, 620, 614]
[683, 503, 300, 54]
[739, 613, 494, 490]
[603, 42]
[653, 405, 316, 302]
[726, 497, 452, 441]
[717, 675, 674]
[736, 675, 671]
[713, 433, 267, 167]
[680, 425, 417, 406]
[735, 680, 679]
[679, 488, 441]
[697, 409, 119]
[785, 762, 756, 743]
[711, 643, 628]
[744, 716, 682]
[667, 649, 644]
[707, 639, 614, 607]
[734, 670, 666]
[676, 579, 553, 552, 544]
[761, 722, 717]
[553, 152, 99]
[679, 474, 368, 317, 297]
[737, 665, 645]
[664, 568, 487]
[773, 707, 683]
[789, 712, 697]
[679, 634, 624, 615]
[769, 752]
[778, 722, 690]
[716, 630, 597, 542]
[509, 36]
[569, 80, 62]
[717, 605, 588, 587]
[672, 472, 376, 367]
[684, 560, 500, 436]
[715, 531, 524, 505]
[670, 347, 211]
[705, 630, 588, 581]
[752, 637, 617]
[755, 724]
[652, 132, 123]
[736, 563, 550]
[639, 389, 339, 326, 219, 212]
[759, 707, 682, 675]
[778, 706, 689, 681]
[720, 701]
[664, 372, 268, 134, 111]
[731, 672, 666, 658]
[746, 720, 709, 708]
[785, 742, 727]
[709, 639, 609, 570, 569, 551]
[788, 755, 746]
[741, 632, 630]
[668, 532, 527, 518]
[709, 607, 606]
[728, 673, 647]
[738, 591, 559, 556]
[484, 21]
[707, 612, 578]
[690, 537, 483, 426]
[726, 665]
[695, 642, 631]
[780, 716, 697, 674]
[698, 546, 519, 510]
[731, 644, 613]
[755, 703, 672, 620, 618]
[758, 668, 666]
[475, 76, 76]
[727, 416, 254, 179]
[713, 536, 482, 467]
[691, 623]
[692, 596, 586, 573]
[715, 616, 594]
[695, 603, 553, 537, 533]
[671, 600, 588]
[745, 711, 707]
[683, 479, 299, 104]
[732, 662, 650]
[698, 351, 261, 260]
[761, 634, 609]
[623, 70, 43]
[662, 473, 449, 421]
[655, 595, 565, 550]
[667, 467, 259, 120]
[722, 621, 605]
[690, 656, 643, 640]
[714, 567, 554]
[711, 617, 611]
[774, 627, 556, 538]
