[706, 510, 390]
[749, 697, 684]
[712, 614, 577]
[711, 563, 548, 544]
[587, 462]
[715, 596, 537, 506, 493]
[725, 576, 528, 512]
[742, 625, 519, 514]
[769, 665, 644]
[733, 659, 637]
[752, 705, 704]
[702, 456, 375]
[728, 613, 601]
[445, 34, 34]
[697, 602, 588]
[692, 503, 420, 389]
[706, 310, 36]
[666, 434, 318, 218]
[645, 421, 235]
[743, 702, 681]
[690, 432, 106, 106]
[663, 528, 503, 499]
[721, 681, 636, 623]
[708, 433, 401, 387]
[768, 626, 473, 422, 349, 208, 204]
[677, 411, 351, 298, 280]
[753, 695, 641, 638]
[703, 592, 571]
[728, 662, 657]
[635, 209, 29]
[722, 485, 336, 266]
[701, 432, 259, 193, 190]
[669, 570, 527, 511, 497]
[749, 679, 656]
[752, 721, 711]
[684, 651, 625, 623]
[742, 667, 664]
[750, 586, 554, 543]
[698, 611, 592]
[665, 467, 430]
[700, 533, 508]
[708, 507, 479, 453]
[729, 641, 617]
[725, 530, 405, 371, 370]
[691, 477, 435, 419]
[658, 524, 462, 396, 389]
[741, 641, 588, 568, 563, 560]
[13, 10]
[661, 367, 138, 85]
[732, 637, 549, 545, 528, 518]
[684, 412, 245, 90]
[745, 652, 620, 619]
[673, 557, 408, 376, 374]
[747, 669, 626, 614, 583, 581]
[724, 638, 624, 604]
[722, 636, 622, 606]
[652, 339, 99]
[713, 618, 554, 548]
[724, 580, 576]
[739, 618, 521]
[806, 697, 675, 650, 644, 642]
[732, 638, 623, 606]
[788, 716, 690, 685, 682]
[707, 398, 311, 243]
[713, 652, 631, 618, 617]
[745, 671, 660]
[732, 624, 603, 584]
[735, 558, 513, 469, 457]
[727, 552, 466]
[689, 597, 571, 563]
[669, 458, 331, 317]
[707, 468, 401]
[687, 609, 585, 572]
[779, 704, 673, 669]
[673, 407, 298, 288]
[574, 38]
[716, 578, 549, 434]
[569, 385, 294, 284]
[642, 29]
[588, 49, 36]
[706, 618, 587]
[703, 547, 504]
[771, 687, 647, 645]
[736, 681, 675]
[728, 388, 259, 230]
[671, 500, 472]
[692, 537, 513, 414]
[695, 459, 337, 325, 309]
[684, 522, 460, 456]
[761, 729, 720, 719, 716]
[839, 813]
[736, 646, 639, 636]
[712, 629, 602, 598]
[769, 580, 385, 330, 301]
[681, 601, 545, 544, 527, 519, 496]
[723, 571, 522, 501]
[689, 548, 519, 509, 500]
[666, 516, 512, 505]
[734, 664, 635]
[738, 556, 454, 424]
