[383, 322, 313, 306]
[378, 309, 302]
[420, 363, 334, 333]
[363, 98, 72]
[268, 91, 85]
[250, 31]
[354, 12, 12]
[405, 373, 370]
[396, 350, 348]
[405, 363]
[341, 166, 109]
[419, 395]
[393, 288, 280]
[345, 257, 249, 245]
[417, 363, 322]
[338, 213, 208]
[393, 362, 361]
[400, 352, 337]
[320, 213, 211]
[396, 362, 349, 341]
[411, 327, 302, 300]
[344, 140, 86]
[397, 340, 328]
[375, 306, 292]
[397, 366]
[437, 401, 395]
[416, 329, 314, 310]
[395, 305, 248, 246]
[358, 200, 190, 171]
[295, 194, 193]
[385, 230, 165, 155]
[416, 186, 115, 46]
[417, 354, 341]
[422, 375, 367, 365]
[344, 166, 152, 132]
[304, 7, 7]
[404, 337, 328, 327, 324]
[417, 309, 299]
[397, 350, 320]
[406, 356, 315, 293]
[405, 353, 352, 350, 341]
[384, 297, 242]
[363, 224, 197]
[431, 391, 378, 376]
[404, 298, 267, 260]
[387, 358, 356]
[358, 110, 54, 45]
[402, 352, 346]
[365, 199, 175, 144]
[351, 167, 121]
[275, 13]
[417, 368, 366]
[394, 314, 297, 293]
[365, 229, 159, 155, 133]
[210, 11]
[397, 342]
[422, 375, 363]
[377, 312, 307, 305, 302]
[396, 265, 236]
[394, 356, 355]
[414, 366, 318]
[374, 186, 101]
[411, 343, 308, 303, 300]
[400, 367]
[381, 306, 248, 243, 236]
[417, 338, 316]
[382, 207, 173, 144]
[412, 381, 380]
[363, 161, 105]
[375, 343]
[399, 368, 358]
[398, 228, 170, 156]
[401, 332, 329]
[423, 391, 383]
[407, 355, 354]
[400, 375, 365]
[379, 256, 229, 209]
[377, 290, 274]
[416, 386, 383]
[408, 391]
[383, 250, 232]
[420, 355, 339]
[402, 323, 317]
[404, 346, 337]
[414, 303, 281]
[431, 389, 380]
[408, 387]
[410, 375]
[363, 300, 261, 224]
[362, 214, 172]
[406, 334, 327, 324]
[417, 358]
[427, 366, 350]
[397, 319, 315]
[409, 367]
[396, 370]
[423, 340, 335, 330]
[316, 182, 168, 165]
[417, 382, 377]
[387, 331, 302, 291, 289]
