[768, 760]
[793, 779, 763]
[796, 783, 732, 704, 695]
[801, 785]
[799, 787, 764, 760]
[781, 754, 729, 709]
[789, 774]
[803, 776, 740]
[806, 781]
[818, 799, 795]
[776, 759, 758]
[809, 798, 789]
[804, 790, 745]
[784, 781]
[776]
[760, 735, 734]
[830, 814, 811, 806]
[771, 734, 669, 630, 626, 622]
[771, 746, 742]
[799, 789]
[840, 787, 695, 611, 167, 163, 113]
[799, 787]
[790, 764]
[819, 816, 813]
[808, 774]
[752, 745]
[814, 795, 777, 775]
[772, 751, 655, 639]
[810, 768, 727]
[765]
[809, 806]
[766, 765]
[767]
[763]
[777, 754]
[838, 836, 829]
[819, 818]
[787, 784]
[772, 770]
[802, 795, 791, 790, 784]
[796, 769, 756]
[806, 801, 800, 799]
[778, 744, 675, 671]
[810, 802, 754]
[798, 784, 780, 761, 755, 754, 749]
[785, 773, 735, 606, 586]
[802, 800]
[800, 788]
[807, 790, 771, 764]
[785, 783, 759]
[766, 764]
[769, 756]
[785, 775, 736, 719]
[774, 738, 702, 697]
[788]
[786]
[773, 769]
[777]
[783, 750, 682, 574, 553, 540]
[798, 797]
[763, 725, 694, 685]
[784, 779, 776]
[832, 806, 783]
[765, 757]
[805, 793, 774, 750]
[794, 769, 706, 704]
[779, 748]
[761, 736, 729, 696]
[774, 771, 760, 699, 696, 688]
[782, 774]
[813, 798]
[806, 800, 794]
[786, 780, 773]
[750, 743, 721]
[774, 772]
[826, 820, 814, 795]
[783, 769, 725]
[786, 756]
[785, 771, 770]
[809, 801]
[772, 747, 731]
[762, 751]
[791, 785, 782]
[814, 796, 773, 737, 736]
[775, 773]
[797, 794]
[791, 784]
[804, 802, 787, 778]
[791, 783, 772]
[813, 790]
[777, 761, 757]
[818, 814]
[754]
[814, 800]
[796, 779]
[809, 801, 781, 774]
[807, 792, 735, 730]
[758]
[775, 741, 722, 714, 713]
[814]
