[999]
[999]
[999]
[999]
[999]
[999]
[999]
[999]
[999]
[999]
[999]
[999]
[999]
[999]
[999]
[999]
[999]
[999]
[998]
[999]
[999]
[999]
[999]
[999]
[999]
[999]
[999]
[999]
[999]
[999]
[999]
[999]
[999]
[999]
[999]
[999]
[999]
[999]
[999]
[999]
[999]
[998]
[999]
[999]
[999]
[999]
[998]
[999]
[999]
[999]
[999]
[999]
[999]
[999]
[999]
[999]
[999]
[999]
[999]
[999, 997]
[999]
[999]
[999]
[999]
[999]
[999]
[999]
[999]
[999]
[999, 998]
[999]
[999]
[999]
[999]
[999]
[999]
[999]
[999]
[999]
[999]
[999]
[999]
[999]
[999]
[999, 997, 995]
[998]
[999]
[998]
[998]
[999]
[998]
[999]
[999]
[998]
[999]
[999]
[999]
[999]
[999]
[999]
