[985, 979]
[979]
[981, 978, 974]
[975, 974]
[985]
[970]
[979, 978]
[986, 980]
[976, 975, 973]
[979]
[973, 971]
[975, 973, 967]
[981]
[982, 979, 976]
[979, 977]
[980, 977]
[978, 976]
[978, 973, 972]
[973, 967]
[982]
[974]
[975, 973]
[982, 978]
[982, 979]
[978, 976]
[983]
[977, 975]
[983, 981]
[983, 982]
[977]
[984, 983]
[982, 981]
[980, 978]
[983]
[982]
[971, 969]
[982, 981]
[974, 969]
[968]
[984, 982]
[982, 981]
[978]
[977, 975]
[969]
[969]
[983, 980]
[968]
[977, 970, 968]
[980, 973]
[975, 971]
[985]
[976, 969]
[979, 978]
[977, 973]
[977, 976]
[980]
[980, 978]
[984, 979]
[977, 974]
[979, 977]
[983, 981]
[982, 980]
[975, 974]
[979, 974, 972]
[975, 974]
[982, 981, 979]
[979, 978]
[975, 973]
[982, 979]
[979, 978]
[973, 971, 969]
[984]
[976, 971]
[981, 978, 976]
[978, 974]
[984, 977, 973]
[970, 967]
[974, 973]
[977, 976]
[972, 971]
[982, 981]
[976, 972]
[979]
[982, 977, 973]
[974]
[975, 974]
[981, 976]
[984, 977]
[982, 981, 978]
[980]
[987]
[985, 981, 976]
[984, 980]
[984]
[988]
[986, 981]
[980]
[986]
[982, 981]
[984, 980]
