[999, 997, 995]
[999, 998]
[999]
[999, 996]
[999, 996]
[999]
[999, 998]
[998, 994, 993]
[999, 997]
[999, 997]
[999]
[999, 997]
[999, 998]
[999]
[999, 998]
[999, 996, 994]
[999]
[999, 994, 993]
[999, 998]
[999]
[998, 995]
[999, 997]
[999, 996]
[999, 998]
[999, 994]
[999, 998]
[999, 993, 989]
[999, 997]
[999, 998]
[999, 997]
[999, 995]
[999, 991]
[999, 997]
[999]
[998, 997]
[999]
[999, 998]
[999, 996, 990]
[999, 995, 993]
[999, 993]
[999, 996, 991, 990]
[999, 997]
[999]
[999]
[999, 994]
[999, 998]
[999, 997]
[999, 997]
[999, 995, 992, 991]
[999, 996, 994, 992, 990, 988, 986]
[999, 998]
[999, 995]
[999]
[999, 997]
[999, 997]
[999, 997]
[999]
[999]
[999]
[999, 998]
[999]
[999]
[999, 998]
[999, 998]
[999, 997, 995]
[999, 995]
[999]
[998, 997]
[999]
[999]
[999, 997]
[999, 998]
[999]
[999]
[999]
[999, 998]
[998, 994]
[999]
[999, 998]
[999]
[999, 996]
[999, 996]
[999]
[999, 995]
[999, 991]
[999, 994, 992]
[999, 997]
[999, 998]
[999]
[999, 997]
[999]
[999]
[999]
[999, 998]
[999, 997]
[999, 998]
[999]
[999, 998]
[999, 998]
[999, 997]
