[499]
[499]
[499]
[499]
[499]
[499]
[499]
[499]
[499]
[499]
[499]
[499]
[499]
[499]
[499]
[499]
[499]
[499]
[499]
[499]
[499]
[499]
[499]
[499]
[498]
[499]
[499]
[499]
[499]
[499]
[499]
[499]
[499]
[499]
[499]
[499]
[499]
[499]
[499]
[499]
[499]
[499]
[499]
[499]
[499]
[499]
[499]
[499]
[499]
[499]
[499]
[499]
[499, 496]
[499]
[499]
[499]
[499]
[499]
[499]
[499]
[499]
[499]
[499]
[499]
[499]
[499]
[499]
[499]
[499]
[499]
[499]
[499]
[499]
[499, 497]
[499]
[499]
[499]
[499]
[499]
[498, 496]
[499]
[499]
[499]
[499]
[499]
[499]
[499]
[499]
[499]
[499]
[499]
[499]
[499]
[499]
[499]
[499]
[499]
[499]
[499]
[499]
