[997, 689, 411, 194, 84, 75]
[997, 613, 323, 67, 39, 38]
[997, 775, 477, 266, 132, 102, 100]
[997, 788, 496, 285, 109, 68, 63]
[997, 669, 365, 137, 51, 50]
[996, 564, 212, 62, 46]
[997, 435, 23, 15]
[997, 496, 167, 21, 21]
[997, 568, 249, 48, 31]
[997, 785, 548, 354, 190, 119, 95, 90]
[997, 695, 326, 63, 13, 11]
[997, 824, 696, 621, 605]
[997, 539, 191, 46, 38, 31]
[997, 659, 377, 137, 92, 81, 70]
[997, 492, 110, 27, 14]
[997, 678, 382, 125, 54, 32]
[997, 539, 145, 18, 18]
[997, 527, 107, 14, 14]
[997, 746, 429, 192, 79, 66, 65]
[997, 635, 322, 38, 30, 13]
[997, 666, 320, 98, 48, 47]
[997, 573, 205, 49, 40]
[997, 626, 314, 20]
[997, 585, 236, 81, 67]
[997, 664, 341, 78, 14]
[997, 746, 460, 242, 116, 105]
[997, 394, 44, 32]
[997, 706, 381, 134, 84, 82]
[997, 463, 109, 8, 8]
[997, 643, 283, 100, 76, 64]
[997, 691, 403, 149, 75, 70]
[997, 523, 150, 9, 9]
[997, 386, 22]
[997, 748, 469, 260, 110, 89]
[997, 746, 478, 276, 98, 73, 71]
[997, 823, 623, 434, 273, 131, 82, 71, 67, 65]
[997, 556, 206, 24, 22]
[997, 732, 423, 142, 82]
[997, 569, 241, 43, 37, 35]
[997, 623, 292, 91, 58, 24]
[997, 638, 335, 56, 26, 13]
[997, 566, 210, 13, 13]
[997, 711, 464, 220, 97, 74]
[997, 486, 99, 12, 12]
[997, 481, 183, 21]
[997, 502, 150, 36, 27]
[997, 613, 321, 123, 83, 68]
[997, 745, 479, 294, 137, 106, 104]
[997, 823, 582, 364, 188, 111, 92, 88]
[997, 720, 419, 166, 61, 49, 18]
[997, 599, 269, 38, 28]
[997, 798, 542, 331, 156, 113, 109]
[997, 686, 352, 119, 64, 51]
[997, 758, 467, 269, 84, 53, 52]
[997, 696, 389, 154, 79, 64]
[997, 750, 484, 300, 172, 94, 79]
[997, 410, 57, 14]
[997, 761, 480, 258, 129, 70, 65]
[997, 668, 377, 113, 44]
[997, 553, 151, 41, 38, 27]
[997, 535, 211, 52, 43]
[997, 648, 323, 77, 64]
[997, 704, 393, 126, 46]
[997, 625, 279, 5, 5]
[997, 753, 479, 266, 118, 88, 82, 78]
[997, 303, 7, 7]
[997, 671, 380, 191, 93, 76, 65]
[997, 614, 266, 78, 59, 55]
[997, 749, 454, 233, 72, 55, 53]
[997, 654, 280, 84, 70, 68]
[997, 739, 462, 243, 103, 82]
[997, 637, 299, 76, 46]
[997, 629, 324, 123, 70, 69, 68]
[997, 684, 373, 172, 94, 77]
[997, 592, 278, 115, 84, 82]
[997, 543, 138, 21, 21]
[997, 715, 406, 193, 91, 78, 72]
[997, 553, 185, 19]
[997, 587, 231, 60, 54]
[997, 628, 232, 7, 7]
[997, 790, 536, 368, 141, 37, 19]
[997, 604, 222, 45, 40]
[997, 511, 132, 11, 11]
[997, 430, 59, 14]
[997, 851, 723, 683, 678]
[997, 481, 119, 18, 17]
[997, 716, 410, 195, 39, 38, 36, 18]
[997, 625, 329, 56, 40, 24]
[997, 741, 464, 226, 96, 52, 40]
[997, 576, 224, 58, 42, 40]
[997, 734, 470, 249, 116, 66]
[997, 706, 392, 93, 13, 13]
[997, 798, 547, 377, 154, 73, 28]
[997, 785, 510, 310, 188, 105, 86, 78, 77]
[997, 476, 92, 14, 14]
[997, 560, 221, 35, 20]
[997, 670, 396, 164, 56, 54, 47]
[997, 733, 459, 212, 87, 75]
[997, 610, 267, 33, 27]
[997, 579, 265, 5]
[997, 753, 482, 299, 156, 87, 81, 80]
[997, 598, 218, 9, 9]
[997, 620, 264, 41, 28]
[997, 818, 573, 396, 239, 129, 98, 77]
[997, 745, 473, 291, 109, 67]
[997, 778, 523, 336, 167, 97, 76, 73]
[997, 670, 378, 114, 88]
[997, 506, 114, 13, 13]
[997, 887, 868]
[997, 587, 264, 50, 46]
[997, 743, 478, 219, 109, 98, 96]
[997, 659, 345, 98, 59, 50]
[997, 831, 693, 623, 613, 608]
[997, 480, 121, 36, 28]
[997, 733, 429, 221, 122, 103, 101]
[997, 797, 544, 347, 138, 92, 80, 67]
[997, 667, 401, 187, 85, 77]
[997, 465, 97, 29]
[997, 749, 476, 249, 106, 87, 79, 67]
[997, 707, 410, 146, 77, 74]
[997, 584, 301, 91, 75, 70]
[997, 731, 453, 264, 153, 129]
[997, 570, 195, 24, 24]
[997, 736, 454, 230, 87, 66, 62]
[997, 544, 196, 12, 12]
[997, 655, 287, 70, 40]
[997, 738, 460, 209, 78, 64]
[997, 527, 148, 6, 6]
[997, 600, 242, 17, 10]
[997, 721, 426, 198, 76, 69]
[997, 653, 361, 84, 22]
[997, 546, 206, 3, 3]
[997, 504, 194, 24, 24]
[997, 581, 242, 47, 40]
[997, 623, 347, 130, 87, 83]
[997, 762, 476, 234, 97, 70, 69]
[997, 508, 135, 18, 11]
[997, 820, 558, 385, 264, 167, 131, 122]
[997, 737, 464, 251, 91, 76, 75]
[997, 694, 389, 144, 32]
[997, 763, 493, 307, 152, 79, 38]
[997, 653, 315, 104, 47]
[997, 636, 342, 97, 59, 56]
[997, 583, 235, 9, 6]
[997, 759, 450, 242, 66, 42]
[997, 703, 429, 194, 53, 47, 40]
[997, 727, 425, 175, 102, 94]
[997, 633, 244, 52, 43]
[997, 705, 386, 148, 99, 96]
[997, 724, 418, 211, 47, 41]
[997, 607, 239, 18, 18]
[997, 458, 37, 21]
[997, 667, 347, 91, 51, 45]
[997, 752, 470, 225, 125, 107, 105]
[997, 586, 314, 91, 57]
[997, 654, 353, 124, 87, 75, 69]
[997, 586, 275, 64, 49, 33]
[997, 735, 463, 248, 111, 90, 88, 87]
[997, 407, 3]
[997, 728, 433, 223, 106, 88, 83]
[997, 777, 532, 314, 129, 68, 59]
[997, 733, 430, 224, 94, 80, 77]
[997, 772, 495, 321, 183, 133, 112]
[997, 811, 542, 350, 205, 140, 108, 104]
[997, 688, 403, 164, 101, 97]
[997, 592, 247, 85, 59, 57]
[997, 527, 157, 9, 9]
[997, 768, 468, 253, 125, 91, 90]
[997, 564, 215, 13, 13]
[997, 656, 371, 131, 73, 71]
[997, 616, 346, 130, 82, 80]
[997, 706, 405, 230, 116, 92, 86]
[997, 826, 716, 707, 705]
[997, 573, 232, 27, 18]
[997, 601, 253, 76, 54]
[997, 616, 296, 49, 42]
[997, 675, 374, 170, 52, 42]
[997, 591, 257, 48, 25]
[997, 518, 192, 32, 28]
[997, 538, 165, 9]
[997, 459, 116, 33, 32]
[997, 568, 211, 41, 34]
[997, 700, 374, 146, 104, 101]
[997, 706, 377, 157, 102, 91, 72, 65]
[997, 748, 468, 278, 126, 96, 94, 93]
[997, 611, 271, 52, 30]
[997, 684, 402, 170, 92, 85]
[997, 765, 517, 321, 155, 100, 90]
[997, 667, 351, 84, 57, 56]
[997, 538, 118, 25, 25]
[997, 726, 405, 137, 80, 74, 72, 68]
[997, 708, 404, 150, 38, 22]
[997, 763, 471, 189, 64, 50]
[997, 697, 401, 152, 71, 67]
[997, 666, 303, 59, 42]
[997, 631, 252, 102, 89, 88]
[997, 553, 229, 30, 19]
[997, 779, 480, 276, 99, 65, 63, 49, 45]
[997, 496, 7, 7]
[997, 642, 327, 73, 45, 35]
[997, 719, 394, 151, 35, 29]
[997, 789, 478, 278, 151, 96, 81]
[997, 480, 65, 9]
[997, 665, 342, 114, 71, 68]
[997, 824, 691, 631, 618, 612, 609]
[997, 725, 443, 170, 66, 66]
[997, 660, 340, 86, 50, 49]
[997, 777, 528, 282, 155, 103, 74, 71]
[997, 771, 482, 273, 119, 71, 64]
[997, 714, 413, 140, 74, 67]
[997, 671, 349, 93, 56, 52, 17]
[997, 500, 95, 25, 16]
[997, 641, 315, 144, 85, 81]
[997, 627, 327, 81, 8]
[997, 844, 784, 766]
[997, 747, 468, 276, 109, 85, 84]
[997, 524, 183, 69, 49]
[997, 764, 494, 280, 92, 58, 57, 49]
[996, 548, 194, 118, 103]
[997, 500, 136, 21]
[997, 615, 319, 81, 27]
[997, 731, 434, 228, 96, 54]
[997, 805, 519, 333, 134, 96, 94]
[997, 725, 436, 199, 69, 68, 67]
[997, 772, 466, 247, 107, 82, 72, 64, 42, 41]
[997, 539, 172, 40, 27]
[997, 656, 314, 43, 30]
[997, 606, 276, 94, 68, 66]
[997, 541, 200, 40, 24]
[997, 758, 485, 271, 122, 86]
[997, 553, 248, 28, 8]
[997, 846, 689, 616, 598, 587]
[997, 577, 205, 42, 40]
[996, 551, 200, 16, 12]
[997, 559, 175, 50, 50]
[997, 666, 336, 45, 36]
[997, 620, 227, 75, 66]
[997, 542, 245, 66, 54, 53]
[997, 501, 127, 19, 19]
[997, 735, 418, 214, 67, 48]
[997, 559, 217, 4]
[997, 556, 213, 7, 7]
[997, 819, 648, 486, 310, 173, 123, 107, 103]
[997, 749, 459, 245, 87, 57, 55]
[997, 473, 107, 18, 18]
[997, 519, 204, 11]
[997, 776, 498, 243, 97, 65]
[997, 525, 96, 17]
[997, 800, 552, 360, 192, 104, 88]
[997, 627, 314, 123, 67, 38, 38]
[997, 506, 125, 8, 7]
[997, 568, 238, 32, 18]
[997, 674, 369, 164, 96, 90, 88]
[997, 644, 347, 86, 26]
[997, 372, 15, 12]
[997, 828, 658, 484, 300, 146, 93, 75, 67]
[997, 551, 193, 5]
[997, 493, 160, 23, 13]
[997, 619, 297, 86, 59, 24, 24]
[997, 676, 393, 178, 65, 58]
[997, 567, 240, 96, 75]
[997, 807, 602, 433, 204, 78, 56, 41]
[997, 597, 283, 29, 15]
[997, 814, 592, 415, 248, 148, 103, 91, 84]
[997, 836, 726, 699, 692, 690]
[997, 700, 423, 149, 19, 18]
[997, 824, 658, 519, 364, 212, 113, 66, 18]
[997, 817, 664, 560, 544, 542]
[997, 704, 388, 152, 93, 81]
[997, 659, 342, 83, 45]
[997, 700, 400, 142, 26, 23]
[997, 650, 377, 135, 42, 24]
[997, 716, 411, 105, 34, 32]
[997, 489, 178, 36, 23]
[997, 713, 405, 185, 105, 93]
[997, 650, 330, 46, 26]
[997, 794, 531, 357, 136, 42, 29]
[997, 526, 150, 32, 22]
[997, 444, 24, 14]
[997, 485, 33, 25]
[997, 756, 446, 245, 135, 86, 83]
[997, 717, 450, 202, 88, 73, 70]
[997, 650, 299, 88, 52, 48]
[997, 515, 100, 11, 7]
[997, 527, 209, 8, 8]
[997, 599, 238, 29, 20]
[997, 625, 301, 82, 41, 39]
[997, 704, 402, 125, 70, 60]
[997, 656, 370, 153, 81, 79]
[997, 623, 314, 76, 30, 18]
[997, 601, 324, 69, 18]
[997, 732, 467, 245, 141, 123, 119]
[997, 582, 232, 34, 24]
[996, 584, 254, 58, 54]
[997, 657, 298, 25]
[997, 780, 479, 244, 105, 88, 86]
[997, 481, 128, 22, 22]
[997, 497, 181, 14]
[997, 656, 359, 161, 91, 83, 74]
[997, 683, 396, 155, 87, 85]
[997, 612, 270, 5]
[997, 600, 216, 27, 27]
[997, 580, 282, 64, 54, 50]
[997, 629, 321, 101, 65, 50]
[997, 711, 430, 222, 76, 51, 38]
[997, 670, 346, 106, 48]
[997, 561, 244, 7, 7]
[997, 755, 465, 235, 137, 110, 106]
[997, 559, 195, 11]
[997, 705, 399, 179, 106, 96]
[997, 804, 537, 341, 135, 90, 85, 84, 82]
[997, 814, 592, 381, 191, 111, 102, 100]
[997, 777, 519, 313, 144, 90, 70, 68, 67]
[997, 657, 288, 48, 40, 34]
[997, 765, 508, 328, 163, 108, 103]
[997, 615, 253, 29, 28]
[997, 603, 316, 96, 65]
[997, 579, 226, 18, 14]
[997, 602, 285, 85, 39, 20]
[997, 834, 700, 632, 617]
[997, 679, 383, 142, 51, 49]
[997, 692, 393, 178, 84, 66]
[997, 582, 244, 57, 50]
[997, 685, 368, 158, 70, 58]
[997, 621, 321, 104, 55, 31]
[997, 470, 132, 11, 11]
[997, 624, 298, 72, 61, 60]
[997, 549, 199, 21, 21]
[997, 797, 526, 301, 129, 90, 87]
[997, 613, 244, 68, 57, 54]
[997, 721, 420, 171, 76, 61, 42, 38]
[997, 511, 190, 48, 23, 23]
[997, 553, 232, 7]
[997, 650, 329, 87, 60, 56, 30]
[997, 683, 405, 181, 71, 56]
[997, 660, 366, 111, 69, 65]
[997, 446, 15]
[997, 692, 400, 149, 90, 79, 72]
[997, 636, 297, 44, 36]
[997, 750, 457, 244, 122, 108]
[997, 557, 171, 43, 41]
[997, 663, 357, 124, 81, 70]
[997, 501, 134, 19, 16]
[997, 629, 323, 124, 67, 58, 57]
[997, 645, 327, 59, 19]
[997, 653, 334, 76, 32]
[997, 681, 372, 135, 94]
[997, 409, 130, 24, 24]
[997, 817, 543, 336, 151, 76, 50, 34]
[997, 434, 66, 10]
[997, 612, 280, 73, 15]
[997, 745, 455, 220, 87, 68]
[997, 719, 432, 211, 106, 95]
[997, 662, 374, 112, 61, 56]
[997, 433, 50, 12]
[997, 555, 211, 20, 10]
[997, 727, 435, 243, 95, 88, 85]
[997, 469, 116, 16, 16]
[997, 619, 333, 85, 60, 59, 52]
[997, 730, 412, 171, 94, 92, 91]
[997, 634, 296, 40, 25]
[997, 720, 385, 148, 58, 53]
[997, 724, 430, 168, 64, 58, 52]
[997, 591, 268, 73, 27, 21]
[997, 786, 548, 343, 164, 82, 71, 70]
[997, 479, 90, 27, 25]
[997, 620, 238, 26, 12]
[997, 513, 171, 6, 6]
[996, 696, 386, 130, 39, 39]
[997, 570, 253, 16, 12]
[997, 664, 338, 115, 75]
[997, 682, 395, 157, 41, 15]
[997, 607, 298, 64, 45]
[997, 488, 106, 10]
[997, 619, 234, 15, 15]
[997, 438, 18]
[997, 547, 217, 38, 36]
[997, 566, 238, 58, 45]
[997, 677, 378, 121, 61, 59]
[997, 673, 327, 125, 71, 70]
[997, 629, 302, 81, 49, 25, 25]
[997, 653, 320, 77, 25]
[997, 574, 265, 30, 24]
[997, 549, 180, 30, 19, 11]
[997, 635, 285, 89, 68, 65]
[997, 603, 320, 83, 57]
[997, 558, 211, 14, 14]
[997, 694, 426, 185, 76, 73]
[997, 836, 648, 454, 263, 157, 119, 110]
[997, 617, 315, 143, 62, 56, 54, 24]
[997, 720, 437, 196, 121, 97, 93]
[997, 666, 364, 82, 35]
[997, 636, 288, 33, 22]
[997, 527, 119, 16, 16]
[997, 778, 515, 290, 96, 73, 69]
[997, 668, 356, 113, 63]
[997, 748, 426, 201, 86, 79]
[997, 655, 359, 131, 63]
[997, 690, 388, 135, 47, 40]
[997, 437, 41, 10]
[997, 720, 460, 212, 97, 83]
[997, 694, 415, 107, 72]
[997, 659, 318, 42, 20]
[997, 693, 374, 106, 30]
[997, 673, 329, 72, 26, 17]
[997, 777, 508, 299, 104, 65, 54, 31, 29, 13]
[997, 401, 28, 15]
[996, 383, 43, 16]
[997, 700, 382, 126, 49]
[997, 537, 221, 13, 13]
[997, 651, 289, 54, 17]
[997, 532, 150, 12, 12]
[997, 724, 416, 212, 132, 116, 113]
[997, 562, 204, 62, 57]
[997, 429, 43, 19]
[997, 768, 469, 266, 82, 66, 63, 62]
[997, 738, 480, 238, 73, 53, 46]
[997, 802, 576, 409, 217, 98, 73, 72]
[997, 726, 454, 223, 107, 90]
[997, 701, 376, 162, 115, 110]
[997, 614, 294, 47, 21, 21]
[997, 868, 823, 819]
[997, 652, 294, 127, 92, 76, 65]
[997, 639, 314, 122, 96]
[997, 626, 335, 73, 33, 31]
[997, 673, 392, 165, 92, 87]
[997, 764, 473, 217, 87, 63]
[997, 607, 323, 110, 87, 83, 75, 73, 72, 62]
[997, 773, 483, 248, 101, 77, 69, 67]
[997, 542, 177, 50]
[997, 692, 370, 159, 89, 77]
[997, 809, 613, 431, 230, 164, 116, 98]
[997, 568, 191, 50, 45]
[997, 840, 703, 624, 594, 589]
[997, 748, 475, 238, 87, 74, 73]
[997, 573, 252, 16]
[997, 550, 209, 12]
[997, 545, 180, 56, 55]
[997, 609, 244, 14]
[997, 664, 378, 166, 81, 77]
[997, 826, 643, 490, 357, 245, 140, 104, 87, 84]
[997, 584, 197, 9, 9]
[997, 491, 155, 12, 12]
[997, 743, 472, 265, 128, 81, 66]
[997, 658, 366, 114, 62, 37]
[997, 707, 366, 53, 42, 39]
[997, 526, 226, 27, 22]
[997, 438, 67, 43, 39]
[997, 758, 480, 296, 93, 60, 56]
[997, 717, 421, 188, 58, 48]
[997, 638, 278, 33, 31]
[997, 540, 115, 25, 25]
[997, 614, 251, 10]
[997, 726, 427, 206, 63, 58, 46]
[997, 619, 245, 20, 10]
[997, 557, 232, 14, 13]
[997, 462, 74, 20]
[997, 741, 490, 292, 136, 80, 71]
[997, 525, 152, 27, 25]
[997, 753, 485, 239, 93, 70, 67]
[997, 571, 261, 42, 28, 25]
[997, 711, 413, 169, 80, 70]
[997, 754, 448, 205, 103, 82, 79, 77]
[997, 495, 121, 20, 20]
[997, 733, 458, 197, 41, 19, 16]
[997, 783, 483, 257, 104, 78, 71]
[997, 569, 253, 14]
[997, 550, 228, 16]
[997, 656, 362, 105, 74, 73]
[997, 507, 142, 51, 19]
[997, 835, 685, 592, 568, 559, 557]
[997, 771, 506, 282, 137, 108, 105]
[997, 626, 309, 112, 72]
[997, 558, 265, 111, 88]
[997, 691, 382, 177, 85, 67]
[997, 598, 250, 62, 39, 13]
[997, 591, 258, 73, 33]
[997, 507, 106, 9, 9]
[997, 661, 340, 81, 58, 54]
[997, 732, 421, 196, 31]
[997, 425, 31, 13]
[997, 565, 257, 46, 12]
[997, 668, 373, 138, 92, 90]
[997, 663, 373, 170, 90, 81, 79]
[997, 746, 466, 275, 147, 120, 117]
[997, 581, 237, 38, 11]
[997, 762, 477, 272, 135, 52, 50]
[997, 835, 686, 633, 627, 621]
[997, 680, 397, 145, 97, 94]
[997, 608, 297, 77, 59]
[997, 625, 293, 71, 25]
[997, 716, 460, 228, 84, 53, 51]
[997, 743, 464, 288, 155, 122, 116]
[997, 589, 190, 40, 33]
[997, 615, 290, 87, 75]
[997, 735, 464, 251, 103, 88]
[997, 605, 307, 6]
[997, 635, 275, 66, 31]
[997, 757, 482, 261, 134, 107, 91, 89]
[997, 779, 505, 315, 137, 61, 48, 46, 36]
[997, 608, 295, 29, 17]
[997, 779, 471, 291, 124, 92, 77]
[997, 535, 173, 12, 12]
[997, 862, 823, 808]
[997, 486, 147, 19, 18, 10]
[997, 654, 326, 101, 51, 47]
[997, 657, 287, 59, 52, 46, 44]
[997, 486, 161, 10]
[997, 512, 156, 33]
[997, 760, 501, 297, 167, 105, 75, 57, 54]
[997, 604, 232, 33, 23, 10]
[996, 575, 281, 81, 65, 64]
[997, 765, 457, 197, 100, 83, 81]
[997, 605, 250, 56, 29, 28]
[997, 497, 164, 13, 12, 9]
[997, 603, 253, 48, 42]
[997, 622, 287, 88, 61, 59]
[997, 738, 462, 249, 96, 80, 43]
[997, 798, 553, 355, 194, 95, 83]
[997, 575, 273, 51, 40]
[997, 612, 283, 95, 57]
[997, 557, 192, 43, 24]
[997, 710, 429, 237, 139, 123, 122]
[997, 779, 520, 350, 178, 113, 88, 84]
[997, 597, 226, 36]
[997, 666, 275, 120, 94, 90]
[997, 487, 105, 16, 14]
[997, 784, 550, 345, 175, 134, 127]
[997, 770, 514, 287, 139, 101, 90]
[997, 712, 416, 195, 98, 78, 62, 54, 53]
[997, 633, 310, 68, 53, 51, 32]
[997, 716, 378, 187, 109, 93]
[997, 695, 392, 126, 43, 25]
[997, 777, 467, 224, 43, 25]
[997, 564, 218, 30]
[997, 654, 360, 102, 61]
[997, 620, 291, 63, 27]
[997, 598, 257, 54, 47]
[997, 619, 255, 39, 32]
[997, 393, 44, 16]
[997, 707, 440, 190, 102, 88, 87]
[997, 768, 481, 266, 114, 87, 83, 82]
[997, 502, 171, 26]
[997, 806, 522, 346, 146, 88, 73]
[997, 576, 249, 21, 18]
[997, 376, 12, 8]
[997, 684, 376, 88, 60, 59]
[997, 678, 354, 145, 92, 79]
[997, 496, 91, 16, 14]
[997, 449, 64, 5]
[997, 401, 23]
[997, 712, 382, 141, 55, 42]
[997, 654, 322, 91, 12]
[997, 558, 219, 20, 20]
[997, 707, 464, 212, 79, 73]
[997, 583, 243, 52, 27]
[997, 659, 306, 122, 95]
[997, 737, 456, 205, 97, 83, 79]
[997, 687, 406, 165, 74, 69]
[997, 495, 116, 47, 46, 44]
[997, 548, 160, 32, 23]
[997, 564, 194, 89, 71]
[997, 532, 158, 6, 6]
[997, 571, 254, 72, 53, 51]
[997, 608, 287, 44, 17]
[997, 724, 355, 131, 54, 52, 48]
[997, 532, 180, 5, 5]
[997, 619, 222, 24, 18]
[997, 554, 240, 64, 55]
[997, 676, 392, 82, 41, 24]
[997, 864, 812, 810]
[997, 607, 232, 60, 59]
[997, 612, 260, 55, 50, 46, 31]
[997, 541, 143, 10]
[997, 695, 425, 206, 114, 96]
[997, 725, 421, 164, 76, 58, 45]
[997, 712, 438, 191, 88, 80]
[997, 707, 416, 59, 17]
[997, 552, 201, 49, 45]
[997, 713, 366, 176, 102, 97]
[997, 421, 90, 33, 28]
[997, 612, 298, 72, 41, 40]
[997, 716, 412, 231, 150, 128, 127]
[997, 613, 269, 68, 47]
[997, 576, 216, 6]
[997, 752, 467, 262, 125, 98, 85]
[997, 382, 35, 22]
[997, 708, 425, 140, 72, 15]
[997, 599, 289, 116, 106]
[997, 595, 261, 58, 47]
[997, 643, 334, 111, 16]
[996, 652, 315, 69, 49, 40]
[997, 512, 117, 6, 6]
[997, 619, 337, 147, 98, 94]
[997, 500, 115, 7, 5]
[997, 727, 465, 246, 137, 117, 111]
[997, 602, 281, 79, 63, 59]
[997, 662, 341, 89, 61]
[997, 697, 399, 188, 100, 76, 73, 72]
[997, 468, 73, 9]
[997, 674, 337, 96, 78]
[997, 521, 177, 17]
[997, 664, 309, 109, 67, 62, 51]
[997, 575, 283, 99, 60]
[997, 510, 110, 13, 13]
[997, 617, 291, 28, 22]
[996, 614, 245, 55, 35]
[997, 612, 300, 85, 46, 42, 26]
[997, 622, 287, 91, 42, 40]
[997, 626, 257, 68, 66, 65]
[997, 761, 495, 277, 140, 97, 91, 89]
[997, 636, 234, 14, 10]
[997, 424, 46, 10]
[997, 670, 317, 89, 54, 50]
[997, 608, 279, 42, 32]
[997, 536, 152, 7, 7]
[997, 843, 773, 761, 757]
[997, 622, 294, 81, 54, 40]
[997, 622, 235, 10, 10]
[997, 476, 72, 31, 19]
[997, 752, 481, 220, 89, 31]
[997, 816, 628, 458, 267, 162, 112, 102]
[997, 615, 275, 61, 44, 38]
[997, 835, 678, 559, 453, 403, 388, 382]
[997, 706, 410, 148, 59, 54, 53]
[997, 714, 432, 247, 125, 88, 86]
[997, 608, 261, 51, 36]
[997, 653, 310, 60, 47]
[997, 505, 160, 6, 6]
[997, 686, 406, 202, 111, 100]
[997, 749, 455, 221, 95, 86, 85]
[997, 748, 478, 289, 166, 111, 102]
[997, 736, 405, 151, 100, 97]
[997, 766, 480, 243, 89, 42]
[997, 712, 395, 167, 88, 80, 61]
[997, 471, 62, 34]
[997, 753, 509, 284, 120, 83, 76]
[997, 536, 182, 45, 39, 31]
[997, 616, 220, 11]
[997, 733, 424, 182, 43, 29, 24]
[997, 721, 441, 177, 101, 89]
[997, 633, 324, 126, 24]
[997, 725, 465, 243, 150, 133]
[997, 519, 192, 5, 5]
[997, 654, 379, 122, 53, 47, 45]
[997, 802, 593, 429, 263, 174, 140, 131]
[997, 688, 389, 128, 76, 75]
[997, 701, 411, 210, 95, 80, 72]
[997, 638, 296, 71, 57]
[997, 721, 403, 174, 74, 56]
[997, 634, 352, 86, 52, 50]
[997, 739, 456, 227, 77, 64, 46]
[997, 493, 198, 14]
[997, 666, 354, 88, 22]
[997, 430, 83, 14]
[997, 591, 244, 10]
[997, 538, 234, 33]
[997, 634, 297, 121, 84, 68, 65]
[997, 501, 145, 63, 61, 31, 22]
[997, 521, 208, 17, 15]
[997, 790, 511, 332, 136, 57, 50]
[997, 708, 416, 93, 13]
[997, 599, 239, 9]
[997, 764, 489, 255, 117, 94, 93]
[997, 504, 145, 13, 13]
[997, 539, 182, 37, 34]
[997, 723, 460, 221, 44, 38]
[997, 784, 509, 320, 138, 58, 52, 51]
[997, 819, 607, 402, 234, 158, 143, 141]
[997, 653, 334, 65, 41, 38, 36]
[997, 543, 182, 25, 17]
[997, 667, 373, 142, 67, 61]
[997, 452, 96, 17]
[997, 555, 197, 28, 25]
[997, 766, 463, 243, 85, 65]
[997, 532, 192, 5]
[997, 746, 443, 238, 128, 100]
[997, 720, 427, 152, 46, 46]
[997, 609, 326, 114, 63, 61]
[997, 639, 329, 81, 40, 35]
[997, 687, 367, 114, 84]
[997, 664, 366, 132, 72, 69]
[997, 578, 227, 59, 32]
[997, 515, 206, 10]
[997, 738, 462, 247, 120, 91, 90]
[997, 598, 244, 63, 47, 44, 43, 42, 18]
[997, 596, 257, 4]
[997, 441, 30, 14]
[997, 707, 385, 161, 64, 55, 53]
[997, 562, 165, 34, 33]
[997, 631, 366, 88, 51, 49, 45, 34]
[997, 765, 500, 330, 162, 90, 71, 70]
[997, 501, 139, 14, 14]
[997, 644, 365, 67, 32]
[997, 585, 231, 19, 15]
[997, 684, 387, 194, 92, 87, 85]
[997, 646, 316, 169, 97, 94]
[997, 409, 69, 16]
[997, 727, 450, 227, 112, 92, 89]
[997, 672, 368, 147, 78, 72]
[997, 664, 353, 152, 70, 65, 63]
[997, 539, 191, 46, 43]
[997, 493, 154, 11]
[997, 655, 302, 97, 84]
[997, 680, 370, 116, 73]
[997, 716, 428, 146, 42, 42]
[997, 638, 320, 142, 90, 88]
[997, 753, 488, 269, 131, 97, 91]
[997, 847, 764, 752]
[997, 710, 437, 225, 139, 126, 121]
[997, 544, 192, 20]
[997, 701, 426, 198, 77, 75]
[997, 789, 520, 332, 170, 96, 87, 83]
[997, 589, 246, 72, 54]
[997, 608, 270, 30]
[997, 715, 451, 220, 129, 104, 99, 98]
[997, 755, 484, 223, 113, 81, 72, 71]
[997, 664, 392, 179, 111, 103]
[997, 665, 263, 65, 45]
[997, 704, 369, 102, 55, 54]
[997, 792, 503, 267, 143, 91, 84]
[997, 609, 270, 90, 76]
[997, 718, 424, 194, 97, 80, 78]
[997, 478, 48, 14, 14]
[997, 518, 144, 5, 4]
[997, 759, 470, 220, 85, 72, 71]
[997, 660, 301, 76, 50, 36]
[997, 637, 277, 64, 26, 24]
[997, 620, 315, 51, 26]
[997, 664, 339, 143, 90, 80]
[997, 625, 299, 95, 78]
[997, 675, 372, 165, 82, 78]
[997, 573, 263, 74, 60]
[997, 786, 508, 325, 139, 94, 90]
[997, 573, 269, 6]
[997, 764, 487, 270, 103, 78, 75]
[997, 518, 150, 5, 5]
[997, 753, 468, 265, 118, 77, 72]
[997, 471, 103, 27]
[997, 857, 783, 767]
[996, 581, 211, 48, 34]
[997, 744, 473, 251, 113, 91]
[997, 438, 97, 7, 5]
[997, 559, 173, 37, 18]
[997, 505, 132, 9, 9]
[997, 855, 792, 787, 784]
[997, 726, 446, 187, 102, 84]
[997, 826, 671, 557, 505, 485]
[997, 581, 270, 10]
[996, 699, 411, 198, 111, 84]
[997, 716, 456, 189, 94, 76, 75]
[997, 579, 219, 45, 35]
[997, 776, 515, 323, 169, 103, 81]
[997, 653, 322, 76, 57, 56]
[997, 469, 161, 19, 19]
[997, 754, 488, 270, 110, 70, 68]
[997, 519, 182, 5]
[997, 705, 415, 205, 90, 74, 58]
[997, 624, 266, 30, 21]
[997, 698, 415, 178, 59, 53, 51]
[997, 653, 316, 97, 55, 53]
[997, 769, 463, 231, 84, 64]
[997, 612, 313, 118, 72, 71]
[997, 483, 139, 37, 35]
[997, 509, 118, 37, 36]
[997, 673, 367, 126, 86]
[997, 654, 300, 34, 33]
[997, 636, 296, 26, 21]
[997, 609, 221, 7, 7]
[997, 782, 471, 228, 79, 66, 65]
[997, 800, 530, 315, 162, 99, 89]
[997, 703, 397, 155, 72, 64]
[997, 610, 296, 64, 41]
[997, 776, 493, 324, 149, 83, 63, 51, 48]
[997, 511, 69, 26]
[997, 620, 293, 97, 56]
[997, 449, 61, 15]
[997, 490, 147, 4, 4]
[997, 790, 490, 305, 139, 86, 78, 70]
[997, 758, 483, 281, 79, 41, 24, 18]
[997, 614, 258, 68, 60]
[997, 641, 320, 108, 83]
[997, 730, 410, 162, 74, 67]
[997, 654, 272, 85, 73, 70]
[997, 715, 426, 192, 16, 16]
[997, 512, 171, 9, 9]
[997, 809, 512, 292, 132, 64, 59]
[997, 607, 288, 120, 77, 69, 67]
[997, 643, 303, 101, 78, 76]
[997, 683, 336, 145, 71, 38]
[997, 681, 367, 156, 85, 78, 76]
[997, 622, 251, 14]
[997, 682, 364, 182, 75, 69]
[997, 492, 104, 16, 16]
[997, 662, 367, 115, 71, 54]
[997, 568, 199, 11, 10]
[997, 757, 502, 291, 171, 123, 111]
[997, 579, 220, 13, 6]
[997, 779, 477, 238, 83, 53]
[997, 575, 223, 52, 48, 39]
[997, 602, 284, 71, 41, 39]
[997, 512, 188, 11, 11]
[997, 812, 563, 378, 197, 120, 103, 92, 91]
[997, 662, 382, 166, 91, 89, 88]
[997, 655, 338, 34, 25]
[997, 778, 507, 315, 127, 50, 49]
[997, 705, 420, 144, 58, 21]
[997, 824, 628, 458, 307, 187, 145, 113, 108]
[997, 633, 282, 21, 21]
[997, 733, 437, 167, 91, 66, 60]
[997, 687, 402, 154, 89, 72, 70]
[997, 612, 308, 66, 23]
[997, 747, 494, 284, 142, 102, 91, 81, 79, 78]
[997, 748, 469, 230, 88, 74, 73, 71]
[997, 726, 439, 207, 93, 81]
[997, 768, 482, 264, 100, 88, 85]
[997, 623, 244, 21, 20]
[997, 674, 325, 100, 73]
[996, 491, 52, 9]
[997, 688, 405, 188, 74, 70]
[997, 766, 477, 275, 147, 91, 83, 82]
[997, 658, 318, 91, 62]
[997, 670, 390, 141, 61, 59]
[997, 641, 339, 126, 61, 57]
[997, 695, 349, 108, 38, 36]
[997, 598, 288, 75, 35]
[997, 546, 163, 16]
[997, 675, 326, 107, 42, 40]
[997, 641, 320, 78, 52, 41]
[997, 441, 7]
[997, 742, 463, 213, 73, 37]
[997, 750, 476, 249, 111, 98, 91]
[997, 639, 297, 37, 31, 15]
[997, 735, 476, 213, 59, 40, 18, 16]
[997, 617, 324, 103, 62, 56]
[997, 426, 84, 19]
[997, 701, 381, 134, 35, 18]
[997, 678, 426, 219, 109, 104]
[997, 811, 577, 402, 208, 114, 88, 87]
[997, 600, 294, 92, 75, 70]
[997, 584, 210, 10]
[997, 524, 205, 12]
[997, 741, 477, 262, 142, 103, 97]
[997, 738, 450, 196, 82, 48]
[997, 650, 305, 128, 89, 80]
[997, 539, 199, 19]
[997, 661, 341, 109, 36]
[997, 749, 472, 246, 113, 85, 84]
[997, 708, 428, 150, 32, 26]
[997, 736, 422, 192, 57, 30, 25]
[997, 834, 646, 480, 309, 206, 148, 109, 101, 96]
[997, 739, 492, 283, 123, 61, 51]
[997, 682, 397, 107, 15]
[997, 560, 198, 41, 30]
[997, 459, 77, 12, 11]
[997, 722, 445, 243, 142, 104, 97]
[997, 732, 443, 187, 47, 23]
[997, 714, 432, 178, 81, 75, 71]
[997, 640, 332, 65, 24]
[997, 700, 404, 149, 55, 47]
[997, 656, 366, 148, 95, 92]
[997, 595, 220, 21, 19]
[997, 734, 478, 272, 171, 130, 126]
[997, 449, 75, 9]
[997, 697, 398, 155, 87, 73, 64]
[997, 708, 461, 253, 95, 84, 80]
[997, 717, 434, 219, 101, 77, 74, 67]
[997, 745, 450, 228, 102, 81, 77]
[997, 772, 494, 301, 125, 88, 76, 71, 64]
[997, 700, 436, 233, 117, 99]
[997, 497, 187, 10]
[997, 566, 277, 40, 27, 16]
[997, 683, 364, 164, 66, 63]
[997, 858, 782, 771, 768]
[997, 671, 342, 84, 64]
[997, 633, 355, 26, 16]
[997, 805, 606, 411, 233, 127, 93, 89]
[997, 898, 887]
[997, 683, 402, 132, 44, 35]
[997, 568, 215, 62, 53, 52]
[997, 356, 29, 20]
[997, 445, 81, 14]
[997, 402, 53, 21]
[997, 764, 490, 287, 156, 114, 107]
[997, 666, 301, 58, 46]
[997, 719, 429, 167, 68, 37]
[997, 843, 731, 698, 695, 693]
[997, 629, 258, 70, 47, 23]
[997, 530, 160, 10]
[997, 629, 324, 91, 74, 55]
[997, 603, 242, 65, 40]
[997, 819, 631, 477, 291, 176, 71, 61]
[997, 752, 470, 261, 75, 60]
[997, 855, 778, 775, 773]
[997, 714, 398, 171, 85, 73, 60]
[997, 586, 222, 52, 41]
[997, 556, 218, 10]
[997, 809, 601, 417, 206, 122, 101, 87, 82]
[997, 891, 864, 859]
[997, 840, 724, 685, 674, 671]
[997, 776, 505, 297, 80, 64, 43, 41]
[997, 755, 471, 261, 116, 88]
[997, 678, 376, 134, 70, 57]
[997, 396, 14, 11]
[997, 745, 423, 184, 87, 83]
[997, 645, 316, 47, 39]
[997, 589, 254, 33, 23]
[997, 808, 595, 410, 244, 138, 84, 69, 62]
[997, 659, 371, 132, 68, 60]
[997, 550, 180, 17, 17]
[997, 597, 272, 70, 47]
[997, 537, 225, 73, 63]
[997, 661, 320, 56, 41, 16]
[997, 715, 421, 203, 99, 87]
[997, 747, 455, 216, 94, 52]
[997, 566, 235, 27]
[997, 640, 315, 98, 59, 58]
[996, 790, 545, 349, 175, 76, 65]
[997, 545, 178, 4]
[997, 795, 561, 376, 238, 124, 103, 97, 95]
[997, 697, 366, 126, 58, 51, 48]
[997, 495, 111, 5, 5]
[997, 687, 379, 167, 73, 59, 57, 45, 45]
[997, 443, 49, 9]
[997, 530, 231, 45, 13]
[997, 555, 180, 26]
[997, 702, 407, 143, 75, 62]
[997, 812, 532, 344, 187, 116, 103, 96, 93]
[997, 523, 142, 28, 28]
[997, 708, 452, 228, 60, 45, 35]
[997, 643, 292, 107, 73]
[997, 641, 294, 49, 20]
[997, 623, 341, 103, 60]
[997, 640, 313, 109, 65, 58, 54]
[997, 650, 346, 88, 40, 24]
[997, 558, 102, 8, 8]
[997, 614, 273, 45, 17]
[997, 750, 491, 271, 116, 99, 92, 91, 89, 75, 74]
[997, 772, 505, 269, 118, 89, 86, 85]
[997, 613, 285, 83, 49, 18]
[997, 663, 372, 133, 71, 64]
[997, 608, 279, 78, 63, 52]
[997, 771, 487, 271, 113, 91, 87, 81, 80]
[997, 584, 249, 22, 16]
[997, 489, 126, 14, 14]
[997, 571, 244, 11]
[997, 667, 361, 131, 81, 76, 63, 61]
[997, 495, 162, 36, 18]
[997, 508, 124, 25]
[997, 703, 416, 194, 119, 107]
[997, 495, 128, 18, 18]
[997, 707, 424, 191, 72, 18]
[997, 633, 314, 76, 11]
[997, 515, 172, 10, 10]
[997, 485, 161, 48, 42]
[997, 756, 475, 243, 79, 62, 59]
[997, 625, 264, 18, 16]
[997, 552, 232, 65, 43]
[997, 692, 390, 182, 98, 93]
[997, 469, 85, 16]
[997, 681, 418, 197, 109, 103]
[997, 537, 161, 7, 7]
[997, 638, 279, 53, 21]
[997, 566, 234, 47, 23, 23]
[997, 560, 202, 7]
[997, 683, 394, 152, 80, 72, 68, 67]
[997, 782, 480, 286, 140, 72, 59, 42, 40]
[997, 768, 476, 271, 105, 67, 64, 60]
[997, 458, 163, 7, 7]
[997, 680, 345, 112, 48, 39]
[997, 577, 242, 7]
[997, 604, 271, 23, 13]
[997, 651, 320, 54, 17]
[997, 642, 317, 25, 19, 8]
[997, 518, 150, 4, 4]
[997, 748, 471, 278, 138, 81]
[997, 563, 231, 13]
[997, 723, 445, 253, 64, 44]
[997, 775, 476, 297, 124, 83, 49, 48]
[997, 626, 329, 115, 44, 43]
