[997, 134, 4]
[997, 75, 4, 4, 2]
[997, 79, 12, 2]
[997, 113, 6, 6]
[997, 103, 7]
[997, 61, 11, 7, 2]
[997, 135, 5, 2]
[997, 73, 5, 4, 2]
[997, 89, 4, 4]
[997, 126, 3, 2]
[997, 93, 7, 4, 2]
[997, 75, 7, 7, 2]
[997, 99, 6, 2]
[997, 122, 9, 2]
[997, 72, 6, 6, 2]
[997, 98, 6, 6, 2]
[997, 19, 13]
[997, 186, 2]
[996, 95, 6, 2]
[997, 130, 3]
[997, 116, 2]
[997, 144, 4, 2]
[997, 91, 9, 4, 2]
[997, 90, 8, 4, 2]
[997, 93, 6, 2]
[997, 124, 4, 3]
[997, 180, 6]
[997, 121, 8, 2]
[997, 89, 5, 4, 2]
[997, 101, 4, 2]
[997, 87, 7, 7, 2]
[997, 20, 10]
[997, 118, 4, 2]
[996, 73, 8, 8, 2]
[997, 103, 5, 2]
[997, 104, 4, 2]
[997, 91, 5, 5]
[997, 107, 8, 2]
[997, 108, 4, 2]
[997, 32, 11, 11, 2]
[997, 127, 6, 2]
[997, 171, 3, 2]
[997, 78, 5, 2]
[997, 113, 7, 7]
[997, 81, 9, 7, 2]
[997, 101, 11, 2]
[997, 122, 5, 2]
[997, 96, 4, 3, 2]
[997, 123, 3, 3]
[997, 51, 9, 4, 2]
[997, 78, 7, 6]
[997, 143, 3, 2]
[997, 122, 6, 4]
[997, 74, 7, 7]
[997, 99, 4, 3]
[997, 92, 9, 2]
[997, 155, 5, 2]
[997, 144, 3, 2]
[997, 85, 6, 4, 2]
[997, 97, 7, 5, 2]
[997, 118, 5, 5]
[997, 120, 4, 2]
[997, 68, 8, 5, 2]
[997, 57, 7, 7, 2]
[997, 124, 6, 4]
[997, 88, 6, 6]
[997, 123, 4, 4]
[997, 43, 11, 7, 2]
[997, 114, 4, 2]
[997, 111, 7, 2]
[997, 128, 5, 5]
[997, 145, 2]
[997, 154, 5, 2]
[997, 112, 5, 2]
[997, 118, 5, 3, 2]
[997, 126, 6, 2]
[997, 127, 3, 3]
[997, 83, 10, 2]
[997, 109, 5, 2]
[997, 104, 6, 2]
[997, 52, 7, 4, 2]
[997, 119, 6, 3]
[997, 24, 11]
[997, 142, 4, 2]
[997, 98, 6, 2]
[997, 104, 5, 2]
[997, 118, 4, 2]
[997, 138, 6, 2]
[997, 103, 4, 4]
[997, 47, 10, 7, 7]
[997, 111, 5, 2]
[997, 68, 7, 7]
[996, 92, 6, 6, 2]
[997, 114, 5, 5]
[997, 119, 4, 4, 2]
[997, 102, 6, 2]
[997, 106, 5, 4]
[997, 117, 5, 2]
[997, 77, 10, 2]
[997, 131, 7, 2]
[997, 88, 7, 4, 2]
[997, 119, 6, 2]
[997, 123, 6, 2]
[997, 118, 3, 3]
[997, 111, 4, 3, 2]
[997, 90, 4, 4, 2]
[997, 130, 5, 2]
[997, 77, 10, 7, 2]
[997, 95, 8, 2]
[997, 104, 8, 3, 2]
[997, 118, 3, 2]
[997, 115, 4, 3, 2]
[997, 119, 7, 3, 2]
[997, 118, 6, 3, 2]
[997, 123, 5, 4]
[997, 77, 7, 4, 2]
[997, 91, 8, 2]
[997, 147, 4, 2]
[997, 125, 4, 2]
[997, 111, 5, 2]
[997, 94, 7, 2]
[997, 73, 10, 6, 2]
[997, 123, 4, 2]
[997, 151, 2]
[997, 143, 3, 2]
[997, 164, 3, 2]
[997, 128, 4, 2]
[997, 180, 4, 2]
[997, 120, 6, 2]
[997, 102, 4, 3, 2]
[997, 117, 4, 2]
[997, 83, 5, 3, 2]
[996, 129, 2]
[997, 113, 5, 4, 2]
[997, 119, 4, 2]
[997, 79, 6, 6]
[997, 120, 3, 2]
[997, 111, 9, 2]
[997, 101, 5, 2]
[997, 92, 5, 2]
[997, 138, 4, 2]
[997, 115, 8, 4]
[997, 119, 4, 2]
[997, 129, 3, 3]
[997, 114, 8, 2]
[997, 138, 4, 2]
[997, 64, 7, 4, 2]
[997, 110, 5, 2]
[997, 133, 8, 3, 2]
[997, 136, 3, 2]
[997, 66, 5, 3, 2]
[997, 124, 5, 3]
[997, 110, 6, 2]
[997, 56, 10, 8, 2]
[997, 126, 5, 2]
[997, 107, 8, 8]
[997, 123, 5, 3]
[997, 109, 3, 2]
[997, 118, 10, 2]
[997, 134, 2]
[997, 126, 2]
[997, 74, 7, 5, 5]
[997, 130, 4, 4]
[997, 115, 4, 2]
[997, 137, 2]
[997, 133, 3, 2]
[997, 62, 9, 6, 5]
[997, 175, 3, 2]
[997, 104, 8, 4]
[997, 111, 6, 4, 2]
[997, 84, 8, 4, 2]
[997, 159, 4, 2]
[997, 102, 7, 4]
[997, 124, 10, 2]
[997, 138, 3]
[997, 116, 6, 4, 2]
[997, 93, 7, 4, 2]
[997, 82, 5, 4]
[997, 143, 2]
[997, 132, 3, 2]
[997, 90, 8, 3, 2]
[997, 19, 10, 10, 2]
[997, 96, 7, 2]
[997, 108, 5, 3, 2]
[997, 160, 3, 2]
[997, 146, 5, 2]
[997, 71, 7, 7, 2]
[997, 47, 15, 15, 2]
[997, 137, 4, 2]
[997, 115, 6, 6]
[997, 109, 5, 2]
[997, 120, 5, 2]
[997, 75, 8, 2]
[997, 109, 5, 3]
[997, 76, 5, 5, 2]
[997, 61, 8, 4, 2]
[997, 148, 4, 2]
[997, 107, 4, 4, 2]
[997, 126, 6, 3, 2]
[997, 128, 7, 3]
[997, 136, 4, 2]
[997, 86, 7, 2]
[997, 155, 5, 2]
[997, 44, 6, 6, 2]
[997, 107, 9, 2]
[997, 138, 4, 2]
[997, 135, 4, 2]
[997, 136, 4, 2]
[997, 107, 3, 2]
[997, 114, 4, 4]
[997, 128, 7, 2]
[997, 51, 13, 13, 2]
[997, 113, 4, 2]
[997, 114, 11, 2]
[997, 20, 13]
[997, 128, 4, 2]
[997, 151, 6, 2]
[997, 128, 3, 2]
[997, 145, 5, 3]
[997, 127, 5, 2]
[997, 109, 6, 2]
[997, 115, 10, 2]
[997, 41, 9, 9]
[997, 126, 4, 2]
[997, 52, 7, 7]
[997, 130, 4, 2]
[997, 123, 4, 2]
[997, 35, 12, 3, 2]
[997, 108, 4, 2]
[997, 127, 4, 2]
[997, 88, 4, 3]
[997, 101, 3, 2]
[997, 133, 6, 3]
[997, 91, 6, 6, 2]
[997, 103, 8, 3, 2]
[996, 131, 3, 2]
[997, 78, 7, 4, 2]
[997, 78, 8, 3]
[997, 127, 4, 3]
[997, 101, 9, 2]
[997, 119, 6, 2]
[997, 121, 3, 3]
[997, 138, 3, 2]
[997, 142, 3, 2]
[997, 86, 5, 3]
[997, 126, 5, 2]
[997, 161, 4, 2]
[997, 105, 7, 5, 2]
[997, 105, 5, 5]
[997, 73, 8, 2]
[996, 127, 5, 5]
[997, 101, 8, 2]
[997, 138, 4, 2]
[997, 129, 4, 2]
[997, 128, 5, 2]
[997, 119, 3, 2]
[997, 117, 9, 2]
[997, 110, 5, 3, 2]
[997, 79, 8, 2]
[997, 61, 8, 3, 2]
[997, 77, 5, 4, 2]
[997, 123, 3, 3]
[997, 138, 4, 2]
[997, 102, 5, 3, 2]
[997, 157, 9, 2]
[997, 86, 5, 4, 2]
[997, 114, 4, 2]
[997, 138, 3, 2]
[997, 100, 4, 2]
[997, 111, 4, 4]
[997, 97, 6, 6]
[997, 115, 5, 2]
[997, 117, 4, 2]
[997, 121, 3, 2]
[997, 34, 11, 11, 2]
[996, 44, 8, 3, 2]
[997, 96, 8, 4, 2]
[997, 133, 5, 3]
[997, 121, 4, 3]
[997, 85, 5, 5]
[997, 99, 6, 3]
[997, 75, 9, 2]
[997, 104, 4, 4]
[997, 59, 7, 7, 2]
[997, 136, 3, 2]
[997, 94, 7, 7]
[997, 105, 10, 4, 2]
[997, 116, 4, 2]
[997, 99, 9, 3, 2]
[997, 95, 6, 6, 2]
[997, 131, 5, 2]
[997, 109, 5, 3, 2]
[997, 151, 3, 2]
[997, 104, 4, 4]
[997, 41, 5, 5, 2]
[997, 131, 3, 2]
[997, 115, 3, 2]
[997, 146, 3, 2]
[997, 90, 4, 4]
[997, 135, 6, 4]
[997, 152, 4, 2]
[997, 48, 5, 4]
[997, 52, 7, 4, 2]
[997, 86, 4, 4]
[997, 94, 8, 4]
[997, 115, 8, 2]
[997, 152, 2]
[997, 80, 7, 5, 2]
[997, 90, 8, 2]
[997, 132, 6, 2]
[997, 149, 3, 2]
[997, 138, 3, 2]
[997, 133, 3, 2]
[997, 58, 10, 6, 4]
[997, 129, 5, 2]
[997, 66, 9, 9, 2]
[997, 109, 3, 2]
[997, 49, 6, 6]
[997, 92, 9, 5, 3]
[997, 146, 3, 3]
[997, 125, 6, 3, 2]
[997, 44, 8, 8, 2]
[997, 129, 6, 2]
[997, 118, 3, 2]
[997, 133, 4, 4]
[997, 108, 6, 2]
[997, 121, 7, 2]
[997, 62, 5, 4, 2]
[997, 148, 4, 2]
[996, 83, 8, 8]
[997, 33, 9, 5, 2]
[997, 99, 8, 2]
[997, 119, 6, 2]
[996, 97, 5, 4]
[996, 95, 5, 3]
[997, 63, 7, 7, 2]
[997, 101, 9, 2]
[997, 162, 5, 2]
[997, 40, 10, 9, 2]
[997, 129, 4, 2]
[997, 119, 4, 2]
[997, 129, 3, 2]
[997, 110, 8, 6, 6]
[997, 97, 6, 4, 2]
[997, 138, 4, 2]
[997, 118, 5, 2]
[997, 99, 6, 3, 2]
[997, 100, 6, 2]
[997, 117, 3, 3]
[997, 139, 4, 2]
[997, 130, 4, 2]
[997, 126, 6, 2]
[997, 81, 6, 4, 2]
[997, 71, 7, 4, 2]
[997, 120, 4, 2]
[997, 131, 5, 2]
[997, 113, 10, 4, 2]
[997, 72, 10, 10, 2]
[997, 14, 12]
[997, 127, 4, 2]
[997, 133, 4, 2]
[997, 111, 4, 2]
[997, 108, 4, 4]
[997, 100, 10, 2]
[997, 66, 7, 7, 2]
[997, 118, 7, 2]
[997, 32, 9, 7, 2]
[997, 99, 5, 3, 2]
[997, 134, 4, 3]
[997, 106, 4, 2]
[997, 136, 2]
[997, 149, 2]
[997, 101, 8, 5, 3]
[997, 98, 6, 3]
[997, 122, 5, 5]
[997, 25, 9, 9, 2]
[997, 151, 4, 2]
[997, 125, 4, 2]
[997, 87, 5, 4, 2]
[997, 90, 4, 3, 2]
[997, 156, 7, 3]
[997, 59, 11, 3, 3]
[997, 135, 3, 2]
[997, 134, 3, 2]
[997, 132, 9]
[997, 130, 4, 4]
[997, 63, 7, 7, 2]
[997, 112, 5, 2]
[997, 116, 5, 3]
[997, 125, 4, 2]
[997, 36, 9, 9, 2]
[997, 144, 6, 3]
[997, 151, 3, 2]
[997, 122, 3, 2]
[997, 136, 3, 2]
[997, 134, 3, 3]
[997, 102, 6, 3, 2]
[997, 119, 4, 3]
[997, 44, 8, 5, 5]
[997, 96, 6, 2]
[997, 15, 14, 10]
[997, 130, 3, 2]
[997, 78, 5, 4]
[997, 80, 8, 4, 2]
[997, 93, 7, 4, 2]
[997, 113, 10, 3]
[997, 114, 6, 2]
[997, 87, 8, 4, 2]
[997, 148, 4, 4]
[996, 108, 7, 4, 2]
[997, 102, 6, 4, 2]
[997, 139, 3, 2]
[997, 70, 5, 5]
[997, 93, 6, 4, 2]
[997, 148, 4, 2]
[997, 137, 3, 2]
[997, 134, 5, 2]
[997, 60, 8, 4, 2]
[996, 143, 4, 4]
[997, 145, 4, 2]
[997, 76, 7, 3, 2]
[997, 64, 9, 2]
[997, 141, 5, 2]
[997, 102, 10, 5, 3]
[997, 73, 13, 2]
[997, 109, 11, 2]
[996, 110, 6, 5]
[997, 108, 6, 2]
[997, 114, 3, 2]
[997, 105, 9, 4, 2]
[997, 122, 5, 3]
[997, 110, 4, 2]
[997, 89, 3, 3]
[997, 129, 5, 4, 2]
[997, 42, 12, 12]
[997, 105, 9, 3, 2]
[997, 116, 7, 3, 2]
[997, 87, 5, 5]
[997, 124, 6, 4, 4]
[997, 67, 8, 6, 2]
[997, 120, 5, 2]
[997, 146, 6, 6]
[997, 139, 4, 2]
[997, 86, 6, 6]
[997, 129, 3, 2]
[997, 113, 3, 2]
[997, 158, 3, 2]
[997, 135, 5, 2]
[997, 118, 5, 3, 2]
[997, 95, 5, 3, 3]
[997, 109, 3, 2]
[997, 94, 9, 5, 2]
[997, 124, 6, 2]
[997, 46, 6, 4, 2]
[997, 106, 8, 2]
[997, 83, 4, 3]
[997, 129, 4, 4]
[997, 110, 6, 4]
[997, 121, 3, 2]
[997, 122, 5, 3, 2]
[997, 70, 14, 14, 2]
[997, 118, 3, 3]
[997, 132, 5, 2]
[997, 96, 7, 7]
[997, 82, 5, 3]
[997, 87, 7, 4, 2]
[997, 95, 7, 2]
[997, 83, 9, 4, 2]
[997, 139, 3, 2]
[997, 41, 7, 7]
[997, 100, 4, 3]
[997, 99, 9, 4, 2]
[997, 124, 5, 2]
[997, 86, 4, 2]
[997, 83, 5, 2]
[997, 137, 5, 5]
[997, 121, 3, 2]
[997, 111, 6, 2]
[997, 99, 6, 4, 2]
[997, 102, 6, 2]
[997, 96, 4, 2]
[997, 136, 3, 3]
[997, 95, 6, 5, 2]
[997, 115, 6, 5]
[997, 112, 4, 2]
[997, 52, 8, 6, 2]
[997, 99, 5, 4, 2]
[997, 139, 3, 3]
[997, 88, 5, 5]
[997, 130, 3, 2]
[997, 87, 6, 4, 2]
[997, 109, 6, 2]
[997, 55, 5, 4, 2]
[997, 130, 4, 2]
[997, 133, 12, 2]
[997, 104, 5, 5]
[997, 93, 8, 3, 2]
[997, 88, 7, 2]
[997, 107, 5, 3]
[997, 95, 7, 3, 2]
[997, 104, 8, 2]
[997, 102, 3, 2]
[997, 76, 5, 3, 2]
[997, 131, 3, 3]
[997, 82, 5, 5, 2]
[997, 145, 2]
[997, 130, 7, 2]
[997, 117, 7, 3, 2]
[997, 141, 4, 3]
[997, 70, 8, 6, 2]
[997, 154, 4, 2]
[997, 101, 8, 3, 2]
[997, 112, 6, 3]
[997, 159, 5, 3]
[997, 116, 2]
[997, 135, 3, 2]
[997, 112, 7, 2]
[997, 104, 4, 3]
[997, 123, 4, 2]
[997, 117, 4, 2]
[997, 137, 6, 6]
[997, 100, 6, 6, 2]
[997, 109, 9, 2]
[996, 124, 6, 2]
[997, 142, 4, 2]
[997, 119, 4, 2]
[997, 108, 6, 2]
[997, 71, 9, 2]
[997, 112, 4, 2]
[997, 105, 4, 2]
[996, 64, 6, 6]
[997, 111, 3, 2]
[997, 83, 10, 5, 2]
[997, 31, 9, 3, 2]
[997, 130, 5, 4]
[997, 115, 8, 3, 2]
[997, 155, 3, 2]
[997, 130, 3, 2]
[997, 151, 3, 3]
[997, 59, 9, 2]
[997, 79, 4, 2]
[997, 159, 3, 3]
[997, 136, 3, 2]
[997, 95, 5, 2]
[997, 116, 7, 2]
[997, 68, 12, 3, 2]
[997, 95, 6, 6, 2]
[997, 100, 6, 5]
[997, 119, 5, 5]
[997, 129, 4, 2]
[997, 122, 5, 3, 2]
[997, 126, 6, 2]
[997, 127, 3, 2]
[997, 130, 5, 3]
[997, 119, 6, 2]
[997, 137, 7, 2]
[997, 129, 5, 2]
[997, 118, 6, 3]
[997, 124, 4, 2]
[997, 142, 6, 2]
[997, 80, 7, 3, 2]
[997, 114, 4, 2]
[997, 119, 4, 2]
[997, 131, 4, 2]
[997, 127, 8, 2]
[997, 136, 5, 3]
[997, 110, 7, 5]
[997, 97, 9, 9, 2]
[997, 112, 6, 6]
[997, 105, 5, 2]
[997, 99, 4, 2]
[997, 141, 6, 2]
[997, 80, 11, 2]
[997, 123, 7, 2]
[997, 134, 3, 2]
[997, 155, 4, 2]
[997, 119, 7, 7]
[997, 104, 6, 6]
[997, 111, 8, 2]
[997, 131, 3, 3]
[997, 116, 4, 4]
[997, 109, 6, 5]
[997, 75, 6, 5, 2]
[997, 135, 3, 2]
[997, 124, 4, 2]
[997, 115, 5, 4]
[997, 69, 8, 4, 2]
[997, 156, 4, 2]
[997, 123, 8, 2]
[997, 149, 4, 2]
[997, 62, 12, 7]
[997, 90, 5, 2]
[997, 95, 7, 7, 2]
[997, 107, 5, 2]
[997, 156, 3]
[997, 147, 4, 2]
[997, 98, 7, 5, 2]
[997, 70, 5, 2]
[997, 100, 9, 2]
[997, 96, 5, 3]
[997, 81, 8, 8, 2]
[997, 143, 5, 2]
[997, 142, 3, 2]
[997, 104, 4, 3]
[997, 86, 6, 6, 2]
[997, 64, 6, 4, 2]
[997, 85, 11, 2]
[997, 78, 7, 4, 2]
[997, 127, 5, 3]
[997, 125, 5, 2]
[997, 134, 3, 2]
[997, 109, 3, 2]
[997, 91, 6, 6]
[997, 126, 4, 2]
[997, 80, 5, 5]
[997, 121, 6, 5, 3]
[997, 120, 6, 2]
[997, 98, 7, 2]
[997, 74, 7, 3, 3]
[997, 127, 4, 2]
[997, 108, 4, 2]
[997, 91, 7, 3, 2]
[997, 114, 9, 4]
[997, 125, 5, 3, 2]
[997, 69, 11, 11, 2]
[997, 122, 5, 3, 2]
[997, 115, 11, 5]
[997, 145, 3, 2]
[997, 77, 7, 6, 2]
[997, 128, 3, 3]
[997, 106, 3, 3]
[997, 82, 6, 4, 2]
[997, 101, 4, 3]
[997, 101, 8, 6, 2]
[997, 138, 4, 3]
[997, 106, 5, 2]
[997, 136, 5, 2]
[997, 113, 5, 3]
[997, 89, 6, 2]
[997, 105, 5, 2]
[997, 100, 6, 2]
[997, 85, 9, 6, 2]
[997, 68, 8, 7, 2]
[997, 84, 5, 5]
[997, 137, 4, 2]
[997, 104, 5, 3, 2]
[997, 110, 5, 2]
[997, 99, 3, 2]
[997, 158, 3, 2]
[997, 112, 8, 2]
[997, 87, 5, 3, 2]
[997, 70, 6, 6, 2]
[997, 72, 4, 3]
[997, 84, 8, 4, 2]
[997, 29, 11, 4, 2]
[997, 86, 7, 4]
[997, 126, 4, 3, 2]
[997, 107, 4, 2]
[997, 110, 6, 2]
[997, 122, 4, 2]
[997, 128, 3, 2]
[997, 166, 2]
[996, 57, 5, 3]
[997, 98, 7, 3, 2]
[997, 99, 5, 3]
[997, 119, 3, 2]
[997, 56, 9, 5, 4]
[997, 31, 8, 8, 2]
[997, 55, 9, 5, 2]
[997, 107, 7, 2]
[997, 113, 5, 2]
[997, 137, 5, 2]
[997, 85, 7, 7]
[997, 78, 7, 4, 2]
[997, 112, 3, 3]
[997, 61, 7, 3, 2]
[997, 20, 10]
[997, 77, 10, 2]
[997, 69, 11, 2]
[997, 101, 8, 2]
[997, 104, 8, 2]
[997, 132, 3, 2]
[997, 109, 4, 3]
[997, 108, 5, 2]
[997, 140, 5, 2]
[997, 101, 5, 2]
[997, 113, 7, 2]
[997, 87, 6, 4, 2]
[997, 65, 5, 2]
[997, 138, 3, 2]
[997, 128, 6, 2]
[997, 68, 6, 4, 2]
[997, 133, 4, 2]
[997, 155, 4, 2]
[997, 116, 6, 2]
[997, 107, 5, 3]
[997, 60, 7, 5, 2]
[997, 151, 8, 2]
[997, 135, 3, 2]
[997, 98, 10, 2]
[997, 118, 5, 2]
[997, 62, 5, 5]
[997, 67, 12, 11, 11]
[997, 88, 6, 6]
[997, 110, 5, 2]
[997, 133, 4, 2]
[997, 109, 3, 2]
[997, 98, 6, 4, 2]
[997, 92, 6, 6, 2]
[997, 89, 7, 3, 2]
[997, 151, 4, 2]
[997, 93, 9, 5, 3]
[997, 106, 4, 2]
[997, 147, 2]
[997, 42, 8, 7, 2]
[997, 76, 5, 4, 2]
[997, 124, 3, 2]
[997, 50, 7, 7, 2]
[997, 129, 4, 2]
[997, 98, 8, 5]
[997, 151, 3, 2]
[997, 85, 6, 2]
[997, 83, 12, 10, 10]
[997, 96, 6, 6, 2]
[997, 106, 6, 2]
[997, 33, 6, 6, 2]
[997, 115, 5, 2]
[997, 112, 5, 2]
[997, 96, 6, 4]
[997, 134, 3]
[997, 147, 4, 2]
[997, 167, 6, 2]
[997, 101, 6, 3, 2]
[997, 135, 5, 3]
[997, 109, 8, 5, 3]
[997, 169, 4, 3]
[997, 148, 4, 4]
[997, 121, 3, 2]
[997, 140, 3, 2]
[997, 88, 4, 3]
[997, 128, 4, 3]
[997, 143, 4, 2]
[997, 100, 5, 2]
[997, 68, 5, 4]
[997, 113, 5, 2]
[997, 103, 9, 9]
[997, 114, 4, 4]
[997, 118, 5, 4, 2]
[996, 94, 9, 4]
[997, 92, 7, 6, 2]
[997, 143, 3, 3]
[997, 117, 5, 3, 2]
[997, 142, 3, 2]
[997, 67, 10, 3, 2]
[997, 39, 7, 5, 2]
[997, 84, 5, 3, 2]
[997, 107, 5, 3, 2]
[997, 101, 6, 6]
[997, 107, 7, 4, 2]
[997, 85, 7, 5, 2]
[997, 101, 9, 2]
[997, 128, 4, 2]
[997, 129, 3, 3]
[997, 42, 10, 10, 2]
[997, 119, 6, 4]
[997, 78, 4, 3, 2]
[997, 109, 5, 2]
[997, 126, 10, 2]
[997, 88, 5, 2]
[997, 127, 3, 2]
[997, 79, 7, 3, 2]
[997, 94, 6, 4]
[997, 117, 5, 2]
[997, 38, 7, 4, 2]
[997, 111, 4, 2]
[997, 122, 7, 2]
[997, 106, 5, 2]
[997, 131, 5, 5]
[997, 106, 12, 4, 2]
[997, 106, 6, 2]
[997, 152, 3, 2]
[997, 110, 3, 2]
[997, 125, 7, 3, 2]
[997, 150, 3, 2]
[997, 108, 5, 3, 2]
[997, 76, 7, 7, 2]
[997, 108, 7, 3]
[997, 25, 5, 5, 2]
[997, 121, 4, 4]
[997, 124, 5, 3, 2]
[997, 113, 3, 2]
[997, 111, 3, 3]
[997, 139, 3, 2]
[997, 113, 3, 2]
[997, 96, 6, 3, 2]
[997, 139, 3, 2]
[997, 54, 9, 6, 2]
[997, 105, 6, 4]
[997, 96, 7, 3, 2]
[997, 62, 5, 5, 2]
[997, 175, 2]
[997, 75, 7, 5, 5]
[997, 165, 3]
[997, 156, 3, 2]
[997, 123, 6, 3]
[997, 74, 6, 5, 2]
[997, 75, 12, 4, 2]
[997, 66, 7, 4]
[997, 51, 7, 7, 2]
[997, 129, 3, 3]
[997, 47, 8, 8, 2]
[997, 103, 5, 4, 2]
[997, 144, 3, 2]
[997, 109, 4, 2]
[997, 150, 3, 2]
[997, 119, 3, 2]
[997, 39, 6, 6, 2]
[997, 109, 5, 2]
[997, 124, 4, 2]
[997, 139, 5, 2]
[997, 91, 5, 2]
[997, 71, 7, 6]
[997, 105, 7, 7]
[997, 153, 5, 2]
[997, 115, 3, 2]
[997, 58, 5, 5]
[997, 60, 7, 7]
[997, 88, 6, 2]
[997, 106, 5, 4, 2]
[997, 139, 3, 2]
[997, 90, 4, 2]
[997, 118, 4, 2]
[997, 110, 4, 2]
[997, 140, 3, 2]
[997, 55, 8, 6, 2]
[997, 107, 5, 2]
[997, 109, 5, 2]
[997, 126, 3, 2]
[997, 20, 9, 9, 2]
[997, 131, 5, 2]
[997, 148, 3, 2]
[997, 127, 5, 2]
[997, 120, 4, 3]
[997, 132, 5, 2]
[997, 122, 9, 2]
[997, 138, 3, 2]
[997, 141, 4, 4]
[997, 89, 4, 3]
[997, 124, 3, 2]
[997, 59, 4, 4, 2]
[997, 131, 3, 2]
[997, 107, 6, 2]
[997, 138, 3, 3]
[997, 138, 6, 2]
[997, 122, 5, 2]
[997, 28, 10, 10, 2]
[997, 125, 5, 3, 2]
[997, 89, 12, 2]
[997, 48, 6, 6, 2]
[997, 80, 6, 6]
[997, 171, 3, 2]
[997, 114, 6, 2]
[997, 125, 3, 2]
[997, 103, 5, 2]
[997, 91, 6, 3, 2]
[997, 104, 5, 2]
[997, 89, 6, 6]
[997, 137, 3, 2]
[997, 128, 4, 4]
[997, 159, 4, 2]
[997, 86, 4, 4]
[997, 85, 6, 2]
[997, 115, 5, 2]
[997, 144, 4, 2]
[997, 51, 11, 11, 2]
[997, 103, 6, 2]
[997, 95, 5, 2]
[997, 120, 9, 4]
[997, 128, 4, 2]
[997, 105, 4, 4]
[997, 135, 6, 2]
[997, 139, 5]
[997, 120, 4, 2]
[997, 35, 10, 10, 2]
[997, 132, 7, 4]
[997, 48, 7, 7, 2]
[997, 115, 6, 2]
[997, 57, 10, 7, 4]
[997, 121, 4, 3]
[997, 121, 6, 4]
[997, 160, 3, 2]
[997, 48, 8, 7, 2]
[997, 44, 7, 6, 2]
[997, 144, 3]
[997, 109, 4, 2]
[997, 144, 4, 2]
[997, 91, 4, 2]
[997, 85, 5, 4]
[997, 152, 5, 3]
[997, 24, 14, 7, 2]
[997, 131, 6, 2]
[997, 59, 4, 3]
[997, 126, 4, 2]
[997, 25, 7, 5, 2]
[997, 79, 9, 9, 2]
[997, 62, 6, 6, 2]
[997, 114, 4, 4]
[997, 73, 4, 4]
[997, 141, 3, 2]
[997, 84, 8, 6, 2]
[997, 133, 5, 2]
[997, 149, 4, 2]
[997, 92, 4, 4]
[997, 102, 4, 4]
[997, 122, 5, 2]
[997, 78, 6, 4, 2]
[997, 124, 3, 2]
[997, 122, 4, 2]
[997, 140, 7, 2]
[997, 126, 5, 2]
[997, 121, 9, 2]
[997, 115, 8, 8]
[997, 62, 7, 7, 2]
[997, 133, 7, 2]
[997, 97, 9, 2]
[997, 79, 5, 2]
[997, 105, 4, 4]
[997, 62, 10, 2]
[997, 103, 5, 3]
[997, 71, 11, 11, 2]
[997, 143, 3, 2]
[997, 108, 5, 4]
[997, 147, 3, 2]
[997, 122, 4, 2]
[997, 99, 6, 2]
[997, 110, 6, 2]
[997, 130, 6, 2]
[997, 119, 4, 2]
[997, 132, 3, 2]
[997, 155, 5]
[997, 119, 4, 2]
[997, 35, 9, 9, 4, 2]
[997, 134, 6, 2]
[997, 47, 6, 6, 2]
[997, 104, 6, 3, 2]
[997, 114, 5, 4, 2]
[997, 134, 4, 2]
[997, 130, 5, 2]
[997, 77, 7, 3, 2]
[997, 115, 7, 2]
[997, 63, 8, 3, 2]
[997, 102, 5, 4]
[997, 102, 8, 2]
[997, 73, 6, 6, 2]
[997, 99, 4, 2]
[997, 107, 7, 3]
[997, 131, 3, 2]
[997, 99, 4, 2]
[997, 111, 8, 2]
[997, 71, 9, 6, 2]
[997, 80, 5, 5]
[997, 125, 3, 2]
[997, 128, 4, 3]
[997, 104, 5, 2]
[997, 118, 8, 6]
[997, 158, 5, 2]
[997, 90, 8, 4, 2]
[997, 124, 3, 2]
[997, 132, 3, 2]
[996, 147, 3, 2]
[997, 88, 5, 2]
[997, 36, 11, 11, 2]
[997, 115, 3, 2]
[997, 99, 6, 2]
[997, 133, 3, 2]
[997, 82, 5, 3, 2]
[997, 57, 11, 5, 3]
[997, 124, 4, 2]
[997, 133, 4, 3, 2]
[997, 94, 5, 5, 2]
