[997, 953]
[997, 979]
[997, 958]
[997, 923, 920]
[997, 950]
[997, 930, 922]
[997, 972]
[997, 935, 933, 931]
[997, 958, 957]
[997, 939, 936, 934]
[997, 962]
[997, 979]
[997, 967, 966, 964]
[997, 985]
[997, 989]
[997, 972]
[997, 949]
[997, 912, 907]
[997, 943]
[997, 970]
[997, 968]
[997, 983]
[997, 952]
[997, 950]
[997, 963, 962]
[997, 860, 854]
[997, 953]
[997, 903, 901]
[997, 945]
[997, 971]
[997, 972]
[997, 928]
[997, 979]
[997, 960]
[997, 942]
[997, 928, 926]
[997, 930]
[997, 917, 916]
[997, 953]
[997, 955, 950]
[997, 966]
[997, 967]
[997, 971]
[997, 974]
[997, 959]
[997, 959]
[997, 967]
[997, 979]
[997, 972]
[997, 903, 898]
[997, 972]
[997, 958, 957]
[997, 986]
[997, 930, 926, 924]
[997, 972, 970]
[997, 986]
[997, 948]
[997, 963, 960, 958]
[997, 977]
[997, 962]
[997, 978]
[997, 981]
[997, 950]
[997, 963]
[997, 966]
[997, 973]
[997, 955]
[997, 915, 914]
[997, 933]
[997, 983]
[997, 946, 943]
[997, 963]
[997, 939]
[997, 944]
[997, 952, 949, 947]
[997, 959]
[997, 964]
[997, 957]
[997, 966, 962]
[997, 968, 967]
[997, 965]
[997, 924]
[997, 909]
[997, 972]
[997, 954]
[997, 923, 922]
[997, 903, 900, 898]
[997, 933, 931, 930]
[997, 959]
[997, 964]
[997, 957]
[997, 970]
[997, 937]
[997, 984]
[997, 917, 914]
[997, 977]
[997, 957]
[997, 980]
[997, 950]
[997, 962]
[997, 975, 974]
[997, 918]
[997, 949]
[997, 941, 940]
[997, 952]
[997, 958]
[997, 911, 910]
[997, 891, 885, 883]
[997, 959]
[997, 974]
[997, 961]
[997, 944, 943]
[997, 965]
[997, 962]
[997, 947]
[997, 947]
[997, 971]
[997, 969]
[997, 942]
[997, 944]
[997, 920]
[997, 947, 946]
[997, 980]
[997, 913, 911]
[997, 966]
[997, 920, 918]
[997, 936, 934]
[997, 950]
[997, 968]
[997, 975]
[997, 963]
[997, 922, 917, 912]
[997, 954]
[997, 961]
[997, 956]
[997, 968]
[997, 928]
[997, 930]
[997, 953]
[997, 981]
[997, 915, 913]
[997, 944]
[997, 930]
[997, 922]
[997, 973]
[997, 957]
[997, 929]
[997, 958]
[997, 937]
[997, 978]
[997, 934]
[997, 960]
[997, 961]
[997, 981]
[997, 941]
[997, 967]
[997, 913, 912]
[997, 906]
[997, 938]
[997, 944]
[997, 931, 929, 927]
[997, 977]
[997, 928]
[997, 973]
[997, 964]
[997, 946]
[997, 926]
[997, 963]
[997, 910, 909]
[997, 966, 963]
[997, 937]
[997, 962]
[997, 961]
[997, 961, 960]
[997, 980]
[997, 946, 944]
[997, 924, 923]
[997, 969]
[997, 927]
[997, 967]
[997, 976]
[997, 961]
[997, 969]
[997, 945]
[997, 972]
[997, 965]
[997, 933, 931]
[997, 916, 914]
[997, 949]
[997, 975]
[997, 916]
[997, 913, 909]
[997, 949]
[997, 985]
[997, 981]
[997, 926]
[997, 944]
[997, 910, 908]
[997, 957]
[997, 971]
[997, 956]
[997, 961]
[997, 991]
[997, 956]
[997, 956]
[997, 975]
[997, 952, 950]
[997, 962]
[997, 939, 938]
[997, 970, 966]
[997, 935]
[997, 956]
[997, 973]
[997, 929, 922]
[997, 978, 975, 972]
[997, 970]
[997, 972]
[997, 945]
[997, 966]
[997, 950]
[997, 962]
[997, 943, 942]
[997, 908]
[997, 975]
[997, 932]
[997, 963]
[997, 967]
[997, 957]
[997, 949]
[997, 919]
[997, 964, 963]
[997, 939]
[997, 969]
[997, 957]
[997, 953]
[997, 983]
[997, 945]
[997, 981]
[997, 959]
[997, 978]
[997, 962]
[997, 961]
[997, 964]
[997, 969]
[997, 913, 910, 909]
[997, 957]
[997, 966]
[997, 934]
[997, 974]
[997, 940]
[997, 957]
[997, 949]
[997, 945]
[997, 952]
[997, 929]
[997, 925, 923]
[997, 960]
[997, 943]
[997, 957]
[997, 987]
[997, 875, 867]
[997, 956]
[997, 983]
[997, 958]
[997, 953, 951, 950]
[997, 937, 934]
[997, 940]
[997, 951]
[997, 970]
[997, 879, 873, 871]
[997, 900, 890, 887]
[997, 956]
[997, 970]
[997, 948]
[997, 971]
[997, 986]
[997, 970]
[997, 978]
[997, 940]
[997, 955]
[997, 954, 953]
[997, 964]
[997, 977]
[997, 958]
[997, 956]
[997, 896, 894]
[997, 937]
[997, 976]
[996, 973]
[997, 943, 941, 939]
[997, 937]
[997, 974]
[997, 943, 941]
[997, 943, 941]
[997, 929]
[997, 976]
[997, 963]
[997, 978]
[997, 945, 943]
[997, 944]
[997, 908, 906]
[997, 974]
[997, 962]
[997, 914, 913]
[997, 967]
[997, 950]
[997, 982]
[997, 978]
[997, 958]
[997, 966]
[997, 948]
[997, 908, 906]
[997, 922, 921]
[997, 984]
[997, 948]
[997, 958]
[997, 963]
[997, 913, 912]
[997, 971]
[997, 935]
[997, 927, 923]
[997, 985]
[997, 960]
[997, 931]
[997, 929]
[997, 967]
[997, 951]
[997, 937, 931, 927]
[997, 973]
[997, 971]
[997, 901]
[997, 948, 944]
[997, 974]
[997, 983]
[997, 957, 955]
[997, 944]
[997, 965]
[997, 954]
[997, 910, 907, 906]
[997, 951]
[997, 952]
[997, 987]
[997, 917]
[997, 971]
[997, 878, 872]
[997, 952]
[997, 952]
[997, 970]
[997, 947, 946]
[997, 962]
[997, 952]
[997, 952, 950]
[997, 936, 935]
[997, 942]
[997, 934, 933]
[997, 965]
[997, 967, 965]
[997, 926]
[997, 971]
[997, 958]
[997, 978]
[997, 941]
[997, 979]
[997, 948]
[997, 982]
[997, 940]
[997, 941]
[997, 935]
[997, 967]
[997, 911]
[997, 956]
[997, 958]
[997, 957, 953, 950]
[997, 957]
[997, 924, 919]
[997, 962]
[997, 929, 927]
[997, 965, 963, 962]
[997, 941]
[997, 913]
[997, 896, 894]
[997, 982]
[997, 962, 959]
[997, 964, 963]
[997, 923, 918, 916]
[997, 968]
[997, 981]
[997, 967]
[997, 963]
[997, 973]
[997, 973]
[997, 958]
[997, 935]
[997, 955]
[997, 986]
[997, 937, 934, 931]
[997, 932]
[997, 969]
[997, 976]
[997, 858, 841]
[997, 944]
[997, 967]
[997, 974]
[997, 975]
[997, 949]
[997, 980]
[997, 927, 924]
[997, 952, 947]
[997, 955]
[997, 955]
[997, 944]
[997, 970]
[997, 949, 947, 944]
[997, 920, 918]
[997, 974]
[997, 890, 884]
[997, 980]
[997, 961]
[997, 939, 938]
[997, 977]
[997, 956]
[997, 956]
[996, 963]
[997, 856, 793, 786]
[997, 920, 916]
[997, 959]
[997, 962]
[997, 946]
[997, 974]
[997, 972]
[997, 927]
[997, 976]
[997, 966]
[997, 931]
[997, 968]
[997, 979]
[997, 940]
[997, 935, 934]
[997, 918, 914]
[997, 959]
[997, 965]
[997, 925]
[997, 983]
[997, 964]
[997, 941]
[997, 976]
[997, 971]
[997, 972]
[997, 931]
[997, 942]
[997, 922, 920]
[997, 980]
[997, 949, 946]
[997, 960]
[997, 901, 900]
[997, 943]
[997, 986]
[997, 961]
[997, 960]
[997, 965]
[997, 932]
[997, 975]
[997, 930, 928]
[997, 965, 964, 963, 961]
[997, 931]
[997, 924]
[997, 975]
[997, 975]
[997, 945]
[997, 935]
[997, 905]
[997, 932]
[997, 959]
[997, 959]
[997, 953]
[997, 944, 943]
[997, 957]
[997, 980]
[997, 953]
[997, 943, 942]
[997, 983]
[997, 933, 929]
[997, 950]
[997, 962]
[997, 993]
[997, 916, 915]
[997, 905]
[997, 959]
[997, 959]
[997, 947, 946]
[997, 981]
[997, 953]
[997, 968]
[996, 956]
[997, 981]
[997, 908, 901]
[997, 959]
[997, 934, 933]
[997, 973]
[997, 965]
[997, 958]
[997, 965]
[997, 970]
[997, 938, 935]
[997, 937]
[997, 966, 965]
[997, 956]
[997, 961]
[997, 960]
[997, 953]
[997, 974]
[997, 968]
[997, 938, 937]
[997, 931]
[997, 980]
[997, 942]
[997, 933]
[997, 915, 913]
[997, 937]
[997, 958]
[997, 950, 949]
[997, 980]
[997, 937]
[997, 960, 958, 956]
[997, 966]
[997, 980]
[997, 967]
[997, 987]
[997, 928, 927]
[997, 965]
[997, 976]
[997, 947]
[997, 982]
[997, 935, 934]
[997, 982]
[997, 984]
[997, 946]
[997, 934]
[997, 950]
[997, 847, 793]
[997, 935]
[997, 980]
[997, 962]
[997, 932, 931]
[997, 977]
[997, 921]
[997, 973]
[997, 917, 916]
[997, 948]
[997, 933]
[997, 937]
[997, 957]
[997, 971]
[997, 941]
[997, 959, 958]
[997, 980]
[997, 929, 926]
[997, 977]
[997, 933]
[997, 970]
[997, 935, 934]
[997, 984]
[997, 983]
[997, 974]
[997, 961]
[997, 943]
[997, 957]
[997, 973, 968]
[997, 939]
[997, 948]
[997, 945]
[997, 984, 983]
[997, 947]
[997, 950]
[997, 907, 900]
[997, 964]
[997, 969]
[997, 968]
[997, 969]
[997, 978]
[997, 963]
[997, 918, 913]
[997, 951]
[997, 950, 949]
[997, 972]
[997, 961, 960]
[997, 943, 942]
[997, 952]
[997, 978]
[997, 941, 938, 937]
[997, 966]
[997, 976]
[997, 969, 967]
[997, 847, 814]
[997, 965]
[997, 948]
[997, 985]
[997, 976]
[997, 954, 952]
[997, 899, 894]
[997, 977]
[997, 950]
[997, 975]
[997, 931, 927]
[997, 888, 884]
[997, 920, 918]
[997, 977]
[997, 935, 932, 928]
[997, 964]
[997, 958]
[997, 938]
[997, 963]
[997, 875, 870]
[997, 964]
[997, 938, 937]
[997, 960]
[997, 968, 967]
[997, 893, 892]
[997, 946]
[997, 944]
[997, 962]
[997, 982]
[997, 973]
[997, 954]
[997, 940]
[997, 959]
[997, 960]
[997, 980, 979]
[997, 917, 916]
[997, 963]
[997, 969]
[997, 943]
[997, 961, 960]
[997, 944]
[997, 940]
[997, 943, 942]
[997, 970]
[997, 957, 956]
[997, 918]
[997, 961]
[997, 952]
[997, 965, 963]
[997, 968, 967]
[997, 912]
[997, 979]
[997, 954]
[997, 983]
[997, 910, 908]
[997, 963]
[997, 900]
[997, 969]
[997, 951]
[997, 956]
[997, 968]
[997, 982]
[997, 979]
[997, 981]
[997, 960]
[997, 968]
[997, 962]
[997, 956]
[997, 937]
[997, 948]
[997, 973]
[997, 979, 977]
[997, 927, 926]
[997, 858, 809, 807, 805]
[997, 952, 950, 947]
[997, 937]
[997, 949]
[997, 982]
[997, 944, 938]
[997, 961]
[997, 951, 950]
[997, 976]
[997, 975]
[997, 978]
[997, 972]
[997, 955, 954]
[997, 961]
[997, 974]
[997, 968]
[997, 981]
[997, 896, 895]
[997, 980]
[997, 957]
[997, 945]
[997, 917]
[997, 941]
[997, 938]
[997, 969]
[997, 979]
[997, 973, 972]
[997, 924]
[997, 948]
[997, 948]
[997, 918, 914, 911]
[997, 969]
[997, 962]
[997, 960]
[997, 963]
[997, 947]
[997, 964]
[997, 947]
[997, 953]
[997, 975]
[997, 949]
[997, 946]
[997, 860, 847]
[997, 953]
[997, 964]
[997, 926, 924]
[997, 955]
[997, 934]
[997, 960]
[997, 949, 948]
[997, 934, 933]
[997, 959]
[997, 965]
[997, 939]
[997, 892, 889]
[997, 953]
[997, 948]
[997, 940]
[997, 946, 938]
[997, 963, 961]
[997, 927]
[997, 980]
[997, 925, 921, 919]
[997, 974]
[997, 969]
[997, 925]
[997, 957]
[997, 931]
[997, 894, 893]
[997, 949]
[997, 981]
[997, 923, 920, 918]
[997, 959]
[997, 948]
[997, 947]
[997, 957]
[997, 986]
[997, 961]
[997, 965]
[997, 968]
[997, 962]
[997, 964]
[997, 969]
[997, 964]
[997, 987]
[997, 990]
[997, 977]
[997, 962]
[997, 972]
[997, 928, 927]
[997, 969]
[997, 952]
[997, 931, 929, 928]
[997, 963, 961, 958]
[997, 898, 893, 891]
[997, 967]
[997, 972, 970, 968]
[997, 967]
[997, 971]
[997, 912]
[997, 937]
[997, 958, 955]
[997, 971]
[997, 901, 893]
[997, 963]
[997, 970]
[997, 951]
[997, 910, 909]
[997, 983]
[997, 878, 863, 857]
[997, 905, 902, 900]
[996, 961]
[997, 943]
[997, 903, 899]
[997, 967]
[997, 972]
[997, 955]
[997, 977]
[997, 951, 949]
[997, 966]
[997, 968]
[997, 940]
[997, 953]
[997, 965, 963]
[997, 900, 896]
[997, 851, 833]
[997, 948]
[997, 956]
[997, 899, 898]
[997, 965]
[997, 970]
[997, 974]
[997, 939, 938]
[997, 978]
[997, 962]
[997, 937, 936]
[997, 933]
[997, 977]
[997, 946]
[997, 922]
[997, 982]
[997, 972]
[997, 967]
[997, 961]
[997, 888, 886]
[997, 983]
[997, 932]
[997, 981]
[997, 977]
[997, 930, 928, 927, 925]
[997, 928, 923]
[997, 948]
[997, 916, 914, 912]
[997, 983]
[997, 947]
[997, 916]
[997, 978]
[997, 929, 927]
[997, 962]
[997, 937, 935]
[997, 943, 941]
[997, 989]
[997, 969]
[997, 971]
[997, 986]
[997, 944]
[997, 951]
[997, 974]
[997, 968]
[997, 944]
[997, 958]
[997, 969]
[997, 927]
[997, 963]
[997, 976]
[997, 931, 927, 925]
[997, 970]
[997, 935, 931]
[997, 936, 933]
[997, 958, 957]
[997, 955]
[997, 932]
[997, 929]
[997, 966]
[997, 957, 955, 953]
[997, 957]
[997, 956]
[997, 981]
[997, 928]
[997, 964]
[997, 926, 924]
[997, 965]
[997, 961]
[997, 967]
[997, 924, 923]
[997, 960]
[997, 930]
[997, 887]
[997, 957]
[997, 941]
[997, 955, 953]
[997, 968]
[997, 947]
[997, 954]
[997, 977]
[997, 980]
[997, 962]
[997, 933, 930]
[997, 937]
[997, 971]
[997, 940]
[997, 964]
[997, 952]
[997, 963]
[997, 977]
[997, 971]
[997, 952, 951]
[997, 982]
[997, 953]
[997, 968]
[997, 978]
[997, 937, 934, 932]
[997, 967]
[997, 943]
[997, 963]
[997, 954]
[997, 939]
[997, 954, 953]
[997, 948]
[997, 970]
[997, 957]
[997, 938]
[997, 954]
[997, 967]
[997, 932]
[997, 945, 944]
[997, 976]
[997, 946]
[997, 971]
[997, 984]
[997, 958]
[997, 947, 945]
[996, 925]
[997, 966, 965]
[997, 969]
[997, 964]
[997, 965]
[997, 954]
[997, 969]
[997, 947]
[997, 988]
[997, 915, 914]
[997, 985]
[997, 935]
[997, 960]
[997, 942]
[997, 974]
[997, 961, 959]
[997, 966]
[997, 979]
[997, 954]
[997, 976, 974, 972]
[997, 945, 942]
[997, 964]
[997, 970]
[997, 966]
[997, 944]
[997, 963]
[997, 965]
[997, 928]
[997, 973]
[997, 947]
[997, 961]
[997, 963]
[997, 956]
[997, 909, 904]
[997, 896, 895]
[997, 943, 940]
[997, 962]
[997, 937, 935]
[997, 901, 900]
[997, 990]
[997, 984]
[996, 966]
[997, 956]
[997, 974]
[997, 928]
[997, 938, 935, 934]
[997, 960]
[997, 968]
[997, 966, 965]
[997, 963]
[997, 944]
[997, 983]
[997, 898, 897, 895]
[997, 941, 940]
[997, 964]
[997, 934, 933]
[997, 980]
[997, 977]
[997, 957]
[997, 936, 933]
[997, 961]
[997, 955]
[997, 978]
[997, 958]
[997, 950]
[997, 910, 908]
[997, 945, 941]
[997, 963]
[997, 963]
[997, 905]
[997, 926]
[997, 961]
