[994, 173, 56, 38]
[996, 20, 17]
[990, 29, 15]
[996, 70, 19]
[994, 222, 20, 20]
[996, 216, 25, 25]
[994, 191, 22, 22]
[992, 164, 10, 10]
[995, 22, 15]
[996, 123, 17]
[996, 40, 17]
[992, 27]
[994, 100, 51, 43]
[996, 102, 27]
[996, 220, 19, 19]
[996, 44, 18]
[997, 22]
[992, 15, 10]
[996, 31, 20]
[996, 86, 16]
[995, 326, 12, 12]
[995, 33, 19]
[996, 267, 19, 18]
[992, 230, 16, 16]
[993, 22, 19]
[997, 128, 53, 51]
[995, 53, 21]
[994, 179, 20, 19]
[996, 193, 42, 38]
[995, 460, 125, 80, 46]
[996, 358, 42, 42]
[997, 132, 18]
[995, 202, 19, 19]
[997, 114, 18]
[995, 429, 104, 82]
[996, 497, 135, 36, 33]
[995, 235, 36, 36]
[995, 8]
[997, 15]
[997, 159, 25, 24]
[994, 206, 21, 21]
[995, 170, 17]
[992, 24]
[997, 72, 42, 31]
[996, 24, 17]
[993, 393, 18, 18]
[996, 20]
[996, 18]
[995, 19]
[997, 283, 11, 11]
[997, 237, 41, 27]
[995, 164, 20, 20]
[996, 284, 8, 8]
[997, 261, 36, 36]
[995, 311, 12, 12]
[994, 98, 31]
[992, 39, 16]
[996, 98, 23]
[994, 203, 21, 21]
[996, 101, 13]
[996, 379, 51, 44]
[995, 140, 11]
[994, 42, 23]
[994, 350, 81, 63, 54]
[995, 118, 17]
[993, 101, 17]
[995, 261, 11, 11]
[996, 148, 12, 12]
[997, 244, 29, 29]
[997, 229, 18, 13]
[994, 75, 33]
[995, 244, 19, 19]
[995, 90, 25]
[994, 213, 10, 10]
[997, 189, 15, 9]
[997, 238, 24, 24]
[996, 344, 50, 45]
[996, 195, 14, 13]
[996, 42, 20]
[994, 221, 13, 13]
[995, 330, 36, 36]
[996, 96, 15]
[996, 374, 6, 6]
[996, 39, 18]
[991, 25, 16]
[997, 32, 27]
[992, 124, 46]
[997, 211, 19, 18]
[996, 409, 24, 24]
[997, 270, 10, 10]
[996, 17, 17]
[997, 235, 18, 13]
[995, 163, 10, 9]
[995, 176, 17, 16]
[996, 315, 23, 16]
[995, 133, 29]
[996, 23, 23]
[996, 124, 12]
[995, 76, 21]
[996, 292, 12, 11]
[997, 205, 22, 22]
[995, 242, 27, 27]
[995, 171, 31, 31]
[997, 175, 32, 15]
[996, 309, 14, 14]
[995, 40, 18]
[997, 221, 16, 16]
[993, 71, 18]
[997, 141, 26, 16]
[995, 18]
[996, 252, 33, 33]
[996, 203, 25, 23]
[997, 99, 19]
[995, 107, 17]
[995, 23]
[994, 255, 26, 26]
[996, 619, 232, 132, 123, 116]
[994, 14]
[991, 284, 28, 28]
[994, 11]
[996, 200, 17, 17]
[996, 273, 31, 24]
[996, 63, 30]
[996, 44, 24]
[996, 253, 17, 17]
[997, 111, 23]
[996, 215, 42, 42]
[996, 345, 27, 21]
[995, 14]
[994, 103, 37]
[996, 218, 58, 57]
[995, 22, 18]
[996, 185, 26, 26]
[997, 15]
[996, 174, 17, 17]
[994, 134, 36]
[996, 102, 19]
[996, 232, 51, 47]
[996, 22, 16]
[995, 402, 24]
[995, 88, 24]
[993, 27, 15]
[997, 307, 25, 25]
[995, 248, 14, 14]
[995, 51, 37]
[995, 282, 12, 12]
[994, 22]
[997, 67, 23, 23]
[996, 188, 11, 11]
[994, 176, 29]
[993, 209, 19, 19]
[996, 234, 21, 18]
[997, 57, 21]
[997, 323, 20, 20]
[995, 94, 18]
[995, 41, 20]
[994, 134, 15]
[996, 27, 17]
[997, 35, 24]
[992, 324, 108, 97, 78]
[996, 38, 29]
[996, 341, 24, 24]
[995, 13, 11]
[996, 227, 11, 11]
[994, 299, 54, 49]
[997, 220, 35, 34]
[997, 65, 35]
[996, 53, 22]
[996, 328, 8, 8]
[997, 55, 39]
[996, 124, 37]
[993, 13]
[995, 29, 21]
[995, 92, 17]
[995, 76, 14]
[997, 254, 22, 22]
[995, 109, 14]
[997, 481, 73, 26]
[995, 60, 44]
[996, 157, 28]
[995, 175, 21, 21]
[994, 52, 15]
[994, 87, 34]
[992, 184, 14, 14]
[997, 147, 21]
[993, 26, 16]
[997, 228, 20, 20]
[995, 138, 20]
[995, 173, 24, 17]
[996, 76, 38]
[995, 28, 23]
[995, 345, 45, 45]
[995, 168, 24]
[995, 25, 25]
[996, 97, 20]
[997, 128, 23]
[996, 49, 30]
[995, 357, 26, 26]
[993, 24]
[997, 488, 59, 53, 36]
[997, 134, 17]
[996, 183, 22, 22]
[994, 22, 22]
[995, 425, 44, 42]
[997, 45, 13]
[996, 585, 226, 159, 139, 116]
[995, 110, 16]
[994, 25, 15]
[996, 335, 7, 7]
[995, 321, 21, 18]
[993, 79, 38]
[994, 19, 18]
[996, 12]
[994, 49, 13]
[995, 90, 35]
[997, 267, 37, 37]
[994, 43, 22]
[997, 238, 10, 10]
[994, 19]
[996, 277, 25, 25]
[994, 189, 13, 13]
[996, 151, 37]
[996, 13]
[993, 34, 19]
[992, 215, 9, 9]
[996, 179, 30, 30]
[996, 144, 15]
[997, 522, 198, 132, 130]
[996, 50, 28]
[996, 170, 25, 25]
[995, 27]
[994, 359, 59, 37]
[996, 310, 84, 81, 75]
[995, 168, 25, 25]
[996, 95, 22]
[995, 219, 13, 13]
[996, 190, 32, 32]
[995, 250, 31, 31]
[995, 193, 12, 12]
[996, 68, 23]
[996, 270, 16, 14]
[996, 327, 29, 25]
[997, 15]
[997, 327, 31, 31]
[997, 499, 96, 68, 24]
[995, 201, 15, 15]
[997, 89, 18]
[996, 14]
[997, 43, 35]
[996, 404, 33, 28]
[997, 252, 40, 40]
[995, 55, 23]
[996, 153, 22]
[995, 239, 21, 21]
[996, 250, 18, 18]
[995, 187, 23, 23]
[997, 75, 28]
[995, 460, 42, 42]
[995, 46, 26]
[994, 16]
[995, 39, 14]
[997, 197, 11, 9]
[995, 267, 18, 16]
[995, 22, 16]
[994, 94, 25]
[997, 136, 35]
[995, 209, 27, 27]
[996, 128, 16, 16]
[996, 188, 16, 16]
[997, 90, 40, 35]
[996, 21, 18]
[992, 10]
[993, 29, 17]
[996, 356, 13, 13]
[996, 155, 14, 14]
[996, 53, 15]
[994, 123, 67]
[996, 160, 18, 18]
[994, 19, 12]
[994, 211, 15, 15]
[997, 375, 39, 37]
[996, 29, 19]
[992, 32, 29]
[993, 93, 20]
[996, 21, 19]
[995, 382, 32, 32]
[992, 61, 22]
[995, 254, 19, 19]
[993, 10]
[996, 278, 37, 37]
[994, 23, 13]
[995, 174, 43, 43]
[996, 352, 10, 10]
[994, 156, 21]
[994, 51, 24]
[995, 37, 33, 30]
[995, 279, 16, 12]
[996, 153, 26]
[992, 9]
[996, 19]
[995, 77, 10]
[995, 125, 14]
[996, 45, 18]
[996, 318, 50, 49]
[996, 371, 48, 48]
[993, 15, 15]
[997, 288, 9, 9]
[995, 224, 22, 22]
[996, 334, 28, 28]
[996, 250, 33, 33]
[994, 424, 19, 19]
[997, 74, 44]
[995, 85, 21]
[996, 149, 11, 11]
[995, 37, 23]
[994, 11]
[997, 376, 14, 14]
[997, 96, 17]
[995, 70, 14]
[993, 109, 21]
[994, 60, 35]
[996, 125, 55, 28]
[994, 35, 20]
[995, 15, 15]
[995, 112, 12]
[994, 208, 21, 21]
[997, 101, 24]
[995, 328, 37, 22]
[997, 302, 15, 15]
[996, 148, 23, 21]
[997, 337, 37, 34]
[994, 495, 115, 90]
[996, 260, 15, 12]
[997, 356, 67, 33, 32]
[995, 131, 28, 26]
[994, 146, 20, 13]
[992, 118, 19]
[996, 444, 52, 31]
[996, 24, 11]
[996, 160, 42, 40]
[997, 221, 52, 52]
[995, 137, 51, 30]
[994, 338, 65, 52, 45]
[994, 15]
[995, 90, 17]
[997, 289, 38, 35]
[997, 263, 31, 31]
[995, 93, 15]
[996, 20, 20]
[996, 44, 29, 29]
[996, 18]
[997, 608, 251, 176, 164, 162, 159]
[996, 446, 83, 32]
[995, 15]
[996, 14, 14]
[995, 317, 33, 33]
[997, 123, 16]
[997, 255, 31, 31]
[995, 338, 40, 24]
[996, 321, 20, 20]
[997, 183, 23, 23]
[996, 40, 22]
[996, 370, 72, 72]
[995, 104, 25]
[993, 92, 16]
[993, 12]
[996, 82, 26]
[994, 120, 16]
[993, 143, 22]
[994, 49, 18]
[992, 177, 14, 14]
[996, 73, 34]
[996, 369, 75, 59]
[994, 9]
[996, 269, 21, 21]
[994, 14, 14]
[997, 89, 26]
[994, 13]
[992, 23]
[995, 467, 140, 109, 85]
[993, 132, 19]
[996, 233, 22, 22]
[995, 50, 19]
[994, 105, 15]
[993, 325, 18, 18]
[995, 15, 9]
[997, 479, 143, 113, 95, 91]
[994, 149, 26]
[995, 54, 32]
[996, 66, 43]
[996, 83, 21]
[994, 99, 16]
[994, 118, 20, 20]
[995, 18]
[994, 6]
[994, 179, 11, 11]
[994, 288, 27, 27]
[995, 441, 43, 25]
[995, 139, 29]
[995, 386, 29, 19]
[995, 29]
[997, 140, 35]
[994, 75, 20, 20]
[997, 14]
[995, 21, 17]
[996, 242, 18, 18]
[994, 105, 32]
[997, 295, 74, 69]
[996, 54, 24]
[995, 211, 12, 12]
[996, 167, 14, 14]
[996, 217, 43, 43]
[995, 386, 103, 94]
[997, 226, 14, 14]
[997, 27, 27]
[994, 56, 13]
[996, 310, 70, 55]
[993, 584, 227, 129, 128]
[996, 64, 33]
[997, 15]
[996, 22, 22]
[992, 9, 9]
[994, 404, 40, 39]
[997, 214, 14, 14]
[994, 27, 25]
[995, 209, 9, 9]
[994, 98, 20]
[996, 86, 17]
[993, 268, 18, 18]
[997, 55, 40]
[994, 169, 32, 28]
[997, 370, 48, 43]
[996, 67, 24]
[995, 15]
[997, 53, 27]
[994, 44, 21]
[995, 103, 17]
[997, 370, 15, 15]
[995, 95, 30, 25]
[994, 16]
[995, 31, 22]
[995, 37, 27]
[996, 129, 17]
[996, 156, 32]
[995, 158, 18, 18]
[996, 152, 9]
[995, 18, 14]
[997, 134, 16]
[995, 33, 22]
[997, 217, 44, 44]
[997, 144, 25]
[995, 163, 25]
[996, 22, 20]
[995, 93, 12]
[995, 103, 28]
[996, 93, 18]
[995, 314, 29, 29]
[996, 77, 19, 19]
[995, 195, 12, 12]
[995, 229, 10, 10]
[996, 208, 26, 26]
[991, 52, 17]
[996, 370, 29, 29]
[996, 201, 26, 26]
[996, 42, 14]
[993, 13]
[994, 9]
[997, 623, 277, 148, 124]
[997, 361, 28, 21]
[996, 257, 20, 20]
[996, 56, 26, 26]
[997, 184, 14, 14]
[994, 77, 33]
[993, 58, 36, 36]
[997, 134, 49]
[994, 255, 54, 52]
[996, 173, 32, 32]
[996, 305, 31, 17]
[996, 48, 15]
[996, 13]
[995, 137, 21]
[996, 225, 10, 10]
[997, 360, 27, 27]
[993, 201, 17, 17]
[994, 170, 21, 21]
[996, 337, 38, 38]
[996, 25, 13]
[995, 319, 50, 23]
[994, 17]
[991, 101, 19, 19]
[996, 15]
[995, 236, 20, 20]
[996, 124, 11]
[997, 257, 22, 22]
[996, 283, 21, 21]
[994, 144, 25]
[994, 188, 15, 15]
[996, 22, 15]
[992, 280, 23, 23]
[997, 171, 15, 12]
[994, 53, 18]
[995, 68, 44, 37]
[994, 24, 16]
[996, 123, 11]
[996, 99, 20, 20]
[994, 13]
[992, 41, 19]
[996, 13]
[995, 288, 33, 33]
[994, 17]
[994, 72, 17]
[992, 18, 18]
[995, 19, 19]
[994, 79, 21]
[994, 25]
[994, 72, 14]
[996, 196, 14, 13]
[995, 55, 17]
[996, 115, 27]
[996, 11]
[995, 129, 55]
[997, 147, 26]
[997, 438, 47, 47]
[993, 268, 19, 19]
[996, 209, 31, 31]
[996, 170, 22, 21]
[997, 71, 14]
[996, 62, 19]
[996, 107, 15]
[996, 77, 27]
[997, 177, 39, 39]
[995, 140, 46]
[994, 115, 18]
[996, 19, 19]
[995, 54, 27, 25]
[996, 79, 27]
[997, 16, 16]
[995, 40, 26]
[995, 17]
[997, 242, 16, 16]
[992, 226, 27, 27]
[997, 196, 11, 11]
[993, 245, 33, 33]
[994, 421, 113, 81, 62]
[994, 245, 16, 16]
[995, 188, 30, 30]
[996, 20]
[996, 199, 15, 13]
[995, 582, 213, 101, 34]
[997, 12]
[995, 41, 33]
[996, 210, 12, 12]
[996, 277, 21, 21]
[993, 19, 16]
[996, 34, 22]
[996, 35, 16]
[995, 11]
[996, 186, 18, 18]
[996, 31, 16]
[995, 153, 12, 12]
[989, 5]
[993, 91, 36]
[995, 60, 15, 15]
[995, 109, 36]
[993, 147, 20, 20]
[995, 121, 26]
[995, 212, 23, 23]
[994, 261, 25, 25]
[996, 23, 23]
[995, 232, 25, 25]
[996, 378, 25, 25]
[995, 222, 14, 14]
[996, 53, 36]
[996, 298, 51, 51]
[997, 73, 20]
[997, 87, 48]
[993, 177, 18, 18]
[996, 592, 207, 134, 127]
[995, 360, 34, 34]
[996, 23]
[993, 150, 11, 11]
[992, 51, 20]
[996, 88, 29, 19]
[995, 86, 18, 18]
[995, 330, 17, 17]
[993, 168, 26, 26]
[995, 224, 15, 15]
[997, 29, 20, 16]
[996, 20, 15]
[994, 30, 18]
[996, 71, 33]
[996, 132, 14]
[993, 112, 27, 27]
[994, 43, 22]
[994, 70, 31]
[996, 99, 13]
[997, 30, 23]
[996, 192, 15, 15]
[997, 318, 47, 47]
[997, 43, 30]
[997, 112, 20]
[995, 39, 18]
[994, 25]
[994, 31, 19]
[996, 302, 21, 21]
[995, 214, 12, 12]
[996, 19]
[993, 47, 19]
[994, 24, 24]
[995, 196, 40, 40]
[996, 61, 14]
[993, 35, 27]
[996, 81, 43, 25]
[997, 187, 35, 30]
[997, 109, 19]
[997, 388, 58, 28]
[997, 408, 11, 11]
[993, 147, 15]
[992, 144, 22]
[996, 286, 17, 17]
[994, 172, 26, 26]
[997, 182, 11, 11]
[997, 207, 15, 15]
[996, 249, 21, 21]
[996, 438, 59, 44]
[997, 473, 177, 120, 99]
[995, 130, 14]
[996, 228, 20, 20]
[996, 204, 20, 20]
[995, 316, 21, 21]
[995, 251, 16, 16]
[996, 119, 22]
[993, 101, 15]
[993, 246, 12, 12]
[994, 20, 20]
[993, 20]
[994, 26, 22]
[996, 264, 15, 15]
[997, 107, 15]
[995, 467, 77, 73]
[994, 247, 14, 14]
[994, 37, 25]
[997, 389, 16, 16]
[994, 47, 15]
[995, 107, 14]
[992, 17]
[996, 187, 21, 21]
[994, 178, 31, 31]
[995, 99, 20]
[997, 412, 74, 74]
[994, 84, 18]
[996, 40, 28]
[994, 35, 19]
[996, 202, 15, 15]
[994, 30, 25]
[997, 31, 17]
[995, 17, 9]
[997, 31, 20]
[996, 176, 21, 21]
[995, 143, 14]
[996, 130, 27]
[993, 13]
[993, 296, 48, 26]
[995, 214, 20, 20]
[995, 298, 17, 13]
[996, 18, 16]
[994, 259, 21, 20]
[997, 130, 27, 21]
[996, 206, 21, 21]
[992, 138, 26]
[995, 16]
[993, 166, 30, 30]
[995, 28, 23]
[997, 29, 18]
[997, 223, 14, 14]
[993, 81, 12]
[994, 12, 12]
[995, 377, 23, 23]
[990, 27, 14]
[992, 238, 37, 37]
[995, 30, 22]
[996, 114, 36]
[994, 317, 11, 11]
[994, 9]
[996, 263, 22, 20]
[997, 46, 30]
[995, 39, 21]
[994, 22, 22]
[994, 18, 13]
[993, 28, 22]
[995, 77, 23]
[997, 158, 17, 17]
[994, 139, 17, 10]
[995, 17]
[996, 64, 29]
[997, 51, 21]
[995, 50, 18]
[994, 93, 30, 26]
[996, 277, 79, 77]
[996, 17]
[995, 240, 15, 15]
[995, 38, 26]
[995, 17]
[995, 23]
[996, 47, 21]
[996, 256, 15, 15]
[995, 185, 14, 14]
[996, 80, 18]
[995, 113, 25]
[996, 195, 15, 15]
[994, 149, 27]
[993, 100, 16]
[996, 181, 25, 25]
[993, 318, 38, 14]
[996, 77, 33]
[996, 56, 13]
[996, 220, 20, 20]
[995, 192, 17, 17]
[996, 329, 27, 27]
[996, 157, 13, 8]
[997, 41, 41]
[994, 73, 31]
[997, 178, 15, 15]
[996, 23, 21]
[995, 179, 11, 11]
[991, 32, 24]
[996, 217, 70, 70]
[996, 87, 21]
[992, 49, 29]
[997, 75, 18]
[997, 77, 20]
[995, 67, 25]
[994, 114, 18]
[994, 222, 13, 13]
[997, 103, 21, 21]
[994, 114, 23]
[996, 70, 28, 23]
[994, 168, 47]
[994, 12]
[995, 97, 24]
[997, 54, 44]
[994, 385, 64, 64]
[994, 33, 19]
[996, 27]
[994, 267, 21, 17]
[995, 24, 11]
[996, 64, 20, 18]
[994, 24, 15]
[996, 127, 28]
[997, 121, 13]
[997, 90, 22]
[990, 99, 12]
[996, 210, 53, 39]
[996, 96, 31]
[993, 14]
[996, 17, 13]
[995, 380, 103, 34]
[993, 214, 12, 12]
[991, 49, 15]
[996, 22, 20]
[995, 219, 30, 30]
[996, 83, 22]
[995, 68, 36]
[994, 29, 29]
[997, 112, 16]
[992, 30, 29]
[991, 74, 19]
[995, 414, 104, 82]
[995, 41, 32]
[995, 117, 16]
[994, 265, 15, 15]
[995, 19, 14]
[993, 108, 27]
[996, 190, 13, 13]
[995, 32, 25]
[995, 26, 26]
[995, 200, 24, 12]
[996, 339, 28, 13]
[995, 21]
[997, 171, 15, 15]
[996, 148, 20]
[994, 256, 14, 14]
[997, 140, 34]
[996, 62, 20]
[997, 221, 22, 22]
[991, 95, 22, 21, 19]
[996, 210, 19, 18]
[994, 50, 33]
[995, 161, 17, 17]
[996, 156, 14, 8]
[995, 450, 49, 24]
[995, 120, 19]
[994, 20, 20]
[994, 20, 20]
[993, 139, 27]
[997, 291, 26, 26]
[995, 104, 23]
[996, 249, 25, 15]
[996, 12]
[996, 281, 35, 35]
[996, 312, 10, 10]
[997, 390, 19, 19]
[996, 91, 17]
[997, 51, 23, 19]
[996, 393, 27, 27]
[996, 325, 93, 88, 69]
[995, 193, 10, 9]
[996, 284, 15, 13]
[996, 231, 35, 34]
[996, 223, 15, 13]
[994, 69, 25]
[997, 106, 39]
[993, 11]
[993, 272, 25, 25]
[997, 48, 25]
[996, 107, 37]
[994, 27, 15]
[996, 37, 21]
[996, 65, 49]
[995, 24]
[994, 18]
[995, 42, 30]
[997, 331, 35, 31]
[995, 263, 19, 19]
[997, 187, 15, 15]
[996, 300, 10, 10]
[993, 208, 10, 10]
[995, 14]
[996, 173, 15, 15]
[996, 163, 12, 11]
[996, 337, 22, 22]
[995, 89, 39]
[996, 237, 13, 13]
[995, 22, 20, 15]
[991, 81, 24]
[997, 300, 10, 10]
[995, 140, 12]
[997, 184, 14, 14]
[996, 31, 21]
[991, 31, 18]
[993, 131, 21]
[996, 22, 9]
[996, 354, 28, 28]
[995, 79, 13]
[996, 179, 7, 7]
[995, 410, 71, 34]
[997, 267, 11, 11]
[997, 304, 8, 8]
[995, 148, 29]
[996, 80, 21]
[997, 287, 50, 26]
[995, 55, 37]
[994, 27, 27]
[991, 122, 42, 40]
[994, 109, 34]
[994, 198, 15, 15]
[997, 281, 24, 24]
[997, 102, 20]
[994, 228, 24, 24]
[995, 615, 270, 172, 153, 139]
[995, 312, 24, 24]
[996, 364, 9, 9]
[995, 157, 29]
[996, 153, 13, 13]
[996, 66, 18]
[996, 266, 30, 30]
[995, 225, 29, 29]
[995, 32, 20]
[997, 268, 22, 20]
[994, 387, 50, 38]
[996, 429, 28, 28]
[995, 202, 35, 35]
[996, 518, 123, 53, 38]
[996, 15]
[995, 327, 24, 24]
[993, 20, 15]
[992, 229, 48, 29]
[994, 63, 16]
[997, 148, 36]
[997, 123, 18, 18]
[995, 143, 59, 53]
[995, 380, 108, 100]
[997, 274, 32, 32]
[997, 175, 32, 32]
[997, 37, 33, 24]
[996, 31, 23]
[996, 50, 21, 21]
[995, 173, 59]
[995, 384, 21, 21]
[997, 140, 20]
[996, 108, 15]
[995, 289, 16, 16]
[994, 23, 16]
[997, 319, 36, 24]
[995, 21, 14]
[997, 195, 41, 41]
[994, 24]
[997, 297, 17, 17]
[997, 152, 13]
[995, 14]
[996, 21, 13]
[995, 285, 11, 11]
[993, 80, 21]
[996, 226, 33, 33]
[994, 23, 23]
[996, 90, 20]
[997, 14]
[996, 135, 20, 20]
[996, 28, 16]
[991, 122, 18]
[996, 270, 20, 20]
[995, 18]
[994, 62, 20]
[994, 291, 21, 19]
[994, 21, 21]
[996, 82, 35]
[995, 170, 17, 16]
[995, 10]
[996, 448, 89, 51]
[996, 49, 25]
[996, 46, 10]
[996, 201, 14, 14]
[997, 60, 27]
[995, 86, 20]
[997, 50, 12]
[993, 32, 19]
[994, 33, 16]
[994, 365, 9, 9]
[992, 10]
[996, 51, 20]
[992, 85, 23]
[993, 35, 28]
[995, 46, 21]
[995, 24]
[993, 12]
[997, 69, 23]
[993, 30, 26]
[995, 257, 17, 17]
[994, 11]
[995, 19]
[995, 70, 22]
[996, 30, 23]
[996, 20]
[995, 75, 19]
[996, 28, 26, 17]
[996, 26, 12, 11]
[993, 158, 20]
[997, 19]
[997, 139, 14, 14]
[996, 45, 20]
[996, 424, 35, 35]
[997, 271, 19, 19]
[995, 22]
[992, 221, 71, 65]
[997, 358, 13, 13]
[991, 27, 23]
[994, 45, 20]
[997, 86, 28]
[994, 32, 18]
[996, 238, 16, 16]
[996, 156, 29]
[993, 103, 19]
[996, 117, 14]
[997, 22, 15]
[996, 148, 57]
[995, 40, 20]
[997, 29, 16]
[996, 26]
[992, 8]
[994, 182, 64, 48]
[996, 119, 20]
[993, 102, 40]
[994, 190, 37, 36, 34]
[990, 35, 22]
[991, 126, 17]
[995, 191, 15, 12]
[995, 432, 54, 54]
[995, 16]
[996, 290, 16, 16]
[989, 169, 21, 18]
