[997, 738, 498, 354, 241, 188, 175]
[997, 860, 843, 841]
[997, 822, 761, 750, 748]
[997, 717, 457, 271, 134, 118]
[997, 770, 538, 382, 242, 184, 173, 168]
[997, 816, 770, 766]
[997, 866, 849, 847]
[997, 807, 678, 638, 633]
[997, 615, 336, 135, 75, 67]
[997, 684, 442, 266, 149, 104, 102]
[997, 644, 395, 207, 91, 75, 72]
[997, 823, 754, 739]
[997, 668, 391, 235, 173, 160]
[997, 720, 480, 299, 174, 122, 118]
[997, 871, 867]
[997, 648, 332, 181, 126, 125]
[997, 865, 853]
[997, 905, 893, 891]
[997, 927, 915, 913]
[997, 818, 736, 726]
[997, 681, 408, 186, 117, 93]
[997, 616, 345, 135, 72, 68]
[997, 713, 439, 185, 126, 116]
[997, 595, 268, 127, 101, 92, 91]
[997, 821, 731, 720, 718]
[997, 559, 274, 102, 80, 78]
[997, 579, 312, 55, 25, 21]
[997, 660, 397, 226, 129, 116]
[997, 551, 202, 9, 9]
[997, 822, 757, 744, 741]
[997, 701, 435, 246, 135, 121, 120]
[997, 780, 557, 400, 274, 203, 176, 175, 173]
[997, 741, 488, 308, 204, 174, 171]
[997, 655, 347, 166, 98, 83, 77, 67]
[997, 709, 486, 297, 208, 179, 173]
[997, 779, 563, 425, 333, 313, 311, 310]
[997, 687, 412, 230, 153, 136, 123, 122]
[997, 702, 481, 286, 172, 143]
[997, 671, 379, 192, 105, 89, 87]
[997, 770, 543, 381, 313, 292, 289]
[997, 722, 473, 303, 187, 136, 127]
[997, 701, 447, 274, 181, 164]
[997, 701, 456, 289, 199, 164, 156]
[997, 906, 894, 892]
[997, 699, 511, 347, 245, 193, 184, 181]
[996, 678, 449, 265, 170, 151, 146, 145]
[997, 896, 879]
[997, 620, 365, 203, 128, 117]
[997, 587, 347, 119, 83, 79]
[997, 825, 743, 737]
[997, 807, 605, 463, 396, 379, 375]
[997, 684, 485, 283, 164, 148]
[997, 743, 496, 336, 251, 228, 226]
[997, 814, 730, 724]
[997, 824, 756, 750, 748]
[997, 775, 578, 418, 249, 166, 135]
[997, 688, 469, 270, 151, 122]
[997, 772, 547, 390, 217, 156, 129, 128]
[997, 897, 882]
[997, 697, 417, 258, 172, 155, 154]
[997, 851, 836, 834]
[997, 898, 881, 879]
[997, 567, 280, 140, 93, 86, 81]
[997, 645, 367, 186, 140, 135]
[997, 755, 496, 346, 213, 162, 153]
[997, 635, 331, 176, 101, 87, 84, 76]
[997, 843, 800]
[997, 866, 836, 835]
[997, 818, 726, 713]
[997, 798, 622, 500, 452, 442]
[997, 797, 629, 567, 560]
[997, 841, 778, 772]
[997, 782, 608, 464, 382, 364, 360]
[997, 578, 226, 75, 67]
[997, 746, 522, 382, 325, 316]
[997, 781, 613, 525, 510, 507]
[997, 790, 620, 523, 489]
[997, 793, 631, 570, 566]
[997, 785, 561, 405, 267, 222, 215, 213]
[997, 778, 544, 352, 239, 177, 154, 151, 148]
[997, 797, 643, 586, 573]
[997, 802, 694, 679]
[997, 800, 672, 642, 639]
[997, 710, 459, 278, 196, 169, 168, 167, 164]
[997, 880, 866]
[997, 760, 511, 350, 235, 170, 146]
[997, 809, 683, 653, 651]
[997, 755, 490, 317, 213, 165, 146]
[997, 782, 573, 432, 302, 232, 211, 206, 200]
[997, 832, 804]
[997, 829, 734, 720, 718]
[997, 741, 500, 322, 209, 162, 155]
[997, 607, 231, 75, 48, 47]
[996, 751, 533, 361, 232, 172, 157, 155]
[997, 913, 906]
[997, 763, 572, 448, 333, 282, 270]
[997, 573, 257, 102, 81, 57, 55]
[997, 866, 853, 851]
[997, 720, 456, 266, 140, 105, 101]
[997, 714, 453, 255, 162, 134, 126]
[997, 753, 518, 312, 136, 103, 93]
[997, 811, 702, 682, 675]
[997, 749, 522, 373, 224, 171, 150, 141]
[997, 754, 528, 357, 232, 169, 156]
[997, 658, 389, 240, 128, 102, 98]
[997, 884, 869, 867]
[997, 695, 465, 277, 176, 151, 150]
[997, 799, 618, 479, 414, 395, 394]
[997, 776, 562, 395, 263, 194, 163, 158]
[997, 634, 347, 151, 92, 90]
[997, 727, 497, 329, 188, 124, 85, 84, 82]
[997, 682, 402, 213, 133, 120]
[997, 778, 555, 379, 246, 195, 183]
[997, 830, 770, 758]
[997, 769, 540, 401, 283, 217, 206, 203]
[997, 675, 411, 220, 141, 117, 116]
[997, 810, 710, 703]
[997, 771, 557, 400, 295, 250, 248]
[997, 778, 617, 536, 515, 511, 509]
[997, 725, 452, 291, 170, 137, 127]
[997, 781, 574, 426, 292, 204, 158, 141]
[997, 763, 555, 405, 295, 253, 250, 247]
[997, 488, 205, 60, 52, 48]
[997, 724, 488, 301, 194, 160, 156]
[997, 477, 164, 8]
[997, 704, 454, 257, 152, 125, 116]
[997, 711, 453, 277, 195, 180, 178]
[997, 793, 637, 585, 580]
[997, 695, 445, 274, 193, 179]
[997, 646, 326, 158, 124, 121]
[997, 829, 757, 751, 748]
[997, 796, 621, 520, 482, 477]
[997, 843, 788, 778, 776]
[997, 743, 499, 344, 250, 206, 200]
[997, 721, 477, 296, 204, 157, 145, 144]
[997, 810, 710, 694, 683]
[997, 674, 434, 207, 75, 24]
[997, 603, 317, 148, 114, 112]
[997, 773, 580, 411, 315, 275, 273]
[997, 739, 511, 364, 247, 194, 176, 174]
[997, 608, 308, 127, 79, 78]
[997, 695, 414, 260, 179, 155]
[997, 852, 817, 813]
[997, 797, 640, 573, 562]
[997, 690, 374, 192, 121, 116]
[997, 875, 871]
[997, 819, 702, 668, 666]
[997, 779, 614, 553, 544]
[997, 719, 433, 256, 162, 148, 146]
[997, 604, 322, 122, 92, 89]
[997, 808, 646, 579, 562, 556]
[997, 770, 548, 415, 370, 366, 365]
[997, 763, 520, 350, 217, 170, 148, 140]
[997, 896, 871]
[997, 799, 643, 572, 563]
[997, 761, 567, 452, 419, 417]
[997, 892, 887, 885]
[997, 847, 821, 816]
[997, 508, 196, 60, 47, 33]
[997, 788, 599, 454, 375, 367]
[997, 878, 865]
[997, 834, 772, 764, 762]
[997, 721, 455, 293, 198, 186, 184]
[997, 861, 846, 843]
[997, 785, 630, 568, 554]
[997, 725, 503, 336, 203, 136, 110]
[997, 811, 725, 712]
[997, 793, 619, 527, 517, 515]
[997, 767, 546, 395, 247, 191, 182, 179]
[997, 842, 790, 785, 783]
[997, 831, 757, 749]
[997, 792, 596, 445, 331, 246, 209, 205]
[997, 673, 421, 269, 185, 172]
[997, 869, 833, 830, 828]
[997, 779, 538, 354, 219, 144, 124, 123]
[997, 836, 795, 793]
[997, 823, 736, 732]
[997, 790, 587, 428, 305, 250, 227, 225]
[997, 609, 319, 162, 130]
[997, 670, 409, 222, 118, 105]
[997, 777, 576, 473, 430, 429]
[997, 765, 524, 362, 252, 176, 150, 147]
[997, 788, 582, 448, 348, 311, 309]
[997, 821, 761, 758]
[997, 653, 393, 219, 116, 103, 102]
[997, 810, 718, 710, 708]
[997, 553, 242, 54, 52]
[997, 712, 499, 318, 207, 186]
[997, 777, 585, 468, 388, 367]
[997, 677, 397, 185, 45, 43, 42]
[997, 540, 184, 16, 14]
[997, 754, 550, 405, 317, 285, 276]
[997, 744, 517, 338, 220, 166, 161, 160, 158]
[997, 795, 601, 466, 387, 375]
[997, 632, 379, 203, 135, 123]
[997, 731, 518, 316, 212, 185]
[997, 787, 611, 516, 477, 473]
[997, 756, 538, 373, 248, 175, 154, 153]
[997, 855, 838, 836]
[997, 839, 770, 761]
[997, 577, 315, 124, 86, 76]
[997, 780, 543, 378, 265, 220, 205]
[997, 758, 526, 359, 211, 150, 137, 132]
[997, 845, 815, 813]
[997, 641, 387, 183, 111, 85, 81]
[997, 772, 560, 419, 303, 243, 234]
[997, 771, 545, 390, 310, 290, 287]
[997, 854, 834, 831]
[997, 738, 506, 340, 226, 196]
[997, 811, 644, 533, 508, 504]
[997, 760, 507, 337, 223, 184, 174]
[997, 784, 600, 482, 432, 430]
[997, 771, 530, 366, 253, 213, 208]
[997, 784, 602, 475, 392, 354]
[997, 688, 453, 296, 184, 156, 153, 150]
[997, 773, 651, 625, 622, 620]
[997, 879, 862, 859]
[997, 764, 568, 424, 339, 311, 310]
[997, 696, 452, 267, 146, 105]
[997, 766, 558, 393, 287, 211, 181, 177, 176]
[997, 767, 558, 373, 264, 210, 207]
[997, 732, 530, 388, 296, 275, 272]
[997, 793, 634, 542, 524]
[997, 803, 617, 533, 526, 522]
[997, 716, 470, 300, 199, 172, 169]
[997, 830, 785]
[997, 696, 452, 258, 152, 118]
[997, 739, 480, 286, 156, 128, 126]
[997, 851, 824]
[997, 827, 768, 763, 758]
[997, 846, 800, 784]
[997, 592, 348, 152, 106, 97]
[996, 744, 518, 343, 223, 165, 154, 153]
[997, 695, 381, 210, 138, 132]
[997, 732, 505, 341, 209, 149, 127, 125]
[997, 696, 456, 272, 127, 107, 106]
[997, 602, 337, 134, 68, 41, 39]
[997, 811, 636, 575, 565, 563]
[997, 791, 598, 430, 318, 252, 234, 232]
[997, 778, 566, 410, 280, 217, 210]
[997, 837, 768, 758]
[997, 804, 705, 696]
[997, 877, 866]
[997, 782, 587, 443, 364, 360, 358]
[997, 688, 467, 287, 175, 136, 132]
[997, 801, 639, 532, 497]
[997, 721, 484, 290, 159, 124, 118]
[997, 812, 689, 672, 668]
[997, 703, 496, 335, 251, 227, 217]
[997, 740, 502, 342, 206, 138, 132]
[997, 803, 658, 583, 563]
[997, 773, 514, 351, 225, 157, 140, 138]
[997, 523, 220, 82, 69, 68]
[997, 785, 612, 531, 517, 513]
[997, 777, 593, 456, 389, 384]
[997, 822, 785, 779, 777]
[997, 789, 557, 366, 252, 217, 212]
[997, 912, 908]
[997, 911, 906, 904]
[997, 751, 533, 371, 262, 194, 155]
[997, 798, 657, 630, 624, 622]
[997, 511, 205, 10]
[997, 526, 236, 32, 31]
[997, 821, 727, 719]
[997, 705, 438, 206, 134, 119]
[997, 777, 524, 362, 233, 179, 174]
[997, 769, 526, 368, 239, 184, 168]
[997, 495, 238, 55, 46]
[997, 674, 418, 189, 102, 90]
[997, 792, 585, 477, 435]
[997, 847, 832]
[997, 850, 820, 819]
[997, 800, 625, 544, 534]
[997, 751, 524, 377, 268, 219]
[997, 811, 683, 673]
[997, 857, 817]
[997, 838, 800, 794]
[997, 804, 694, 678, 673]
[997, 770, 566, 431, 345, 315, 312]
[997, 639, 386, 163, 93, 87]
[997, 918, 912, 910]
[997, 825, 773, 770]
[997, 794, 674, 667, 665]
[997, 812, 737, 736]
[997, 733, 500, 315, 198, 157, 151]
[997, 879, 870]
[997, 844, 749, 737]
[997, 803, 650, 598, 594, 592]
[997, 832, 782, 779]
[997, 781, 578, 412, 288, 233, 220, 216]
[997, 717, 487, 330, 225, 164, 150, 148]
[997, 708, 458, 269, 164, 151]
[997, 630, 371, 178, 111, 109]
[997, 719, 444, 268, 158, 124, 119]
[997, 581, 269, 109, 79, 67]
[997, 864, 835, 831]
[997, 611, 317, 180, 143, 136, 133]
[997, 699, 427, 239, 144, 126]
[997, 804, 665, 615, 613]
[997, 788, 592, 471, 418, 414]
[997, 850, 816, 811, 809]
[997, 852, 829]
[997, 609, 303, 141, 105, 104, 101]
[997, 716, 393, 191, 113, 103]
[997, 835, 771, 769]
[997, 762, 496, 316, 194, 141, 137]
[997, 770, 562, 383, 221, 171, 166]
[997, 791, 667, 645, 644, 642]
[997, 773, 572, 429, 324, 290, 286]
[997, 683, 400, 230, 145, 132, 128, 127]
[997, 712, 480, 310, 195, 170, 167]
[997, 851, 824, 822]
[997, 777, 569, 431, 341, 322]
[997, 832, 769, 766]
[997, 638, 323, 130, 92, 90]
[997, 755, 549, 393, 268, 195, 155, 148]
[997, 636, 332, 130, 99, 97]
[997, 827, 734, 721, 720]
[997, 806, 644, 564, 545, 539]
[997, 824, 714, 693]
[997, 841, 805, 802]
[997, 704, 445, 273, 163, 136, 131]
[997, 741, 499, 333, 216, 153, 135]
[997, 820, 765, 757]
[997, 776, 552, 390, 277, 234, 233]
[997, 743, 499, 328, 201, 135, 130]
[997, 789, 645, 622, 616]
[997, 808, 662, 622, 616]
[997, 758, 571, 445, 386, 381, 375]
[997, 793, 652, 591, 583]
[997, 726, 478, 306, 177, 123, 115, 113]
[997, 687, 431, 256, 149, 123, 119]
[997, 777, 543, 390, 246, 184, 175, 174]
[997, 772, 583, 453, 364, 321, 315]
[997, 830, 760, 752]
[997, 783, 559, 392, 280, 195, 178, 177]
[997, 709, 448, 253, 142, 112]
[997, 864, 846]
[997, 594, 333, 106, 65, 63]
[997, 817, 721, 715, 713]
[997, 840, 800]
[997, 760, 582, 475, 398, 388]
[997, 482, 190, 63, 46]
[997, 815, 751, 744]
[997, 811, 706, 691]
[997, 870, 854, 852]
[997, 850, 828, 826]
[997, 811, 675, 650, 647]
[997, 836, 779, 764, 761]
[997, 861, 816, 814, 812]
[997, 843, 750, 744]
[996, 744, 507, 328, 196, 155, 151]
[997, 484, 173, 72, 55]
[997, 830, 795]
[997, 715, 523, 359, 248, 167, 144, 137]
[997, 577, 259, 41, 36]
[997, 726, 478, 312, 225, 188, 184]
[997, 788, 567, 413, 311, 260, 247, 243, 242]
[997, 851, 827, 825]
[997, 854, 825, 818]
[997, 586, 295, 117, 78, 59, 56, 37]
[997, 723, 513, 325, 215, 188]
[997, 597, 294, 132, 104, 94]
[997, 787, 594, 478, 423, 421]
[997, 878, 866]
[997, 840, 814, 809, 805]
[997, 855, 817]
[997, 827, 775, 767]
[997, 853, 811]
[997, 781, 612, 513, 477, 475]
[997, 766, 560, 421, 288, 197, 161, 153]
[997, 748, 511, 345, 228, 163, 148]
[997, 834, 749, 741, 739]
[997, 485, 183, 14, 14]
[997, 704, 419, 236, 150, 124]
[997, 771, 583, 470, 415, 407, 405]
[997, 799, 668, 626, 618]
[997, 811, 675, 625, 624]
[997, 855, 809, 806, 803]
[997, 721, 435, 272, 160, 124, 117, 115]
[997, 798, 639, 546, 528]
[997, 870, 844, 840]
[997, 715, 461, 305, 218, 198, 195]
[997, 828, 757, 744, 740]
[997, 829, 705, 696, 690]
[997, 813, 696, 674, 668]
[997, 854, 796, 785]
[997, 666, 401, 232, 122, 108, 97]
[997, 856, 829, 818]
[997, 540, 169, 29, 29]
[996, 690, 401, 199, 135, 121]
[997, 751, 548, 413, 315, 268, 256]
[997, 867, 831]
[997, 640, 367, 176, 82, 78]
[997, 895, 879, 877]
[997, 669, 404, 186, 74, 56, 54]
[997, 848, 818, 815]
[997, 875, 872]
[997, 832, 766, 757]
[997, 868, 858]
[997, 887, 873]
[997, 901, 888, 887]
[997, 832, 808, 805]
[997, 889, 870, 868]
[997, 806, 690, 644, 641]
[997, 667, 384, 135, 76, 70]
[997, 712, 447, 268, 148, 103, 101, 100]
[997, 776, 599, 458, 372, 352]
[997, 752, 536, 386, 305, 281]
[997, 729, 471, 308, 195, 147]
[997, 627, 333, 169, 104, 99]
[997, 735, 516, 344, 229, 189, 181]
[997, 704, 464, 291, 198, 174]
[997, 871, 843, 839]
[997, 711, 471, 289, 172, 147, 146]
[997, 848, 824, 821]
[997, 736, 512, 342, 216, 150, 124, 123]
[997, 820, 744]
[997, 660, 360, 178, 107, 92, 90]
[997, 858, 823, 816, 814]
[997, 795, 642, 556, 524, 523, 521]
[997, 800, 709, 703]
[997, 797, 663, 636, 632]
[997, 818, 706, 681, 679]
[997, 809, 689, 651, 646]
[997, 804, 672, 644, 643]
[997, 744, 533, 393, 249, 179, 157]
[997, 784, 593, 435, 317, 250, 232]
[996, 713, 464, 327, 214, 179, 176]
[996, 720, 442, 232, 152, 125, 109]
[997, 653, 384, 184, 130, 119, 118]
[997, 751, 511, 334, 221, 185, 182]
[997, 693, 457, 284, 183, 138, 128]
[997, 672, 392, 222, 140, 98, 86]
[997, 688, 425, 198, 92, 89, 88]
[997, 596, 255, 30, 28]
[996, 456, 79, 39]
[997, 833, 787, 784]
[997, 708, 480, 306, 209, 155, 141]
[997, 770, 586, 459, 392, 373]
[997, 852, 812, 810]
[997, 793, 622, 533, 521]
[997, 700, 449, 277, 158, 134, 133]
[997, 610, 323, 162, 98, 97]
[997, 722, 483, 320, 221, 196, 194]
[997, 812, 649, 545, 512, 504]
[997, 760, 576, 439, 339, 284, 275]
[997, 824, 746, 729]
[997, 739, 495, 322, 195, 143, 136]
[997, 810, 653, 586, 583]
[997, 757, 534, 378, 231, 169, 165]
[997, 690, 464, 286, 176, 144, 134]
[997, 678, 402, 219, 138, 131, 130]
[997, 721, 472, 295, 178, 137, 119]
[997, 869, 845, 843]
[997, 784, 606, 502, 471, 469]
[997, 781, 595, 464, 387, 371, 370, 368]
[997, 746, 480, 330, 225, 192, 191, 185]
[997, 765, 531, 366, 213, 150, 147]
[997, 622, 311, 97, 53, 51]
[996, 558, 297, 74, 18]
[997, 630, 363, 135, 45]
[997, 774, 574, 422, 332, 299, 289, 287]
[997, 865, 839]
[997, 817, 680, 641, 639]
[997, 851, 802, 788]
[997, 752, 503, 346, 198, 135, 123, 115]
[997, 883, 875, 869]
[997, 725, 491, 307, 179, 135, 126]
[997, 541, 270, 130, 71, 63]
[997, 828, 779, 777]
[997, 679, 443, 250, 134, 123]
[997, 753, 502, 347, 208, 143, 118, 107, 106]
[997, 733, 479, 313, 214, 191, 185]
[997, 829, 748, 738]
[997, 833, 772, 766]
[997, 831, 777, 770, 768]
[997, 821, 755, 751]
[997, 488, 134, 27, 25]
[997, 868, 846, 845]
[997, 830, 780]
[997, 787, 592, 478, 397, 385, 383]
[997, 798, 660, 606, 605, 602]
[997, 899, 889]
[997, 714, 455, 270, 157, 116, 113]
[997, 860, 839, 833]
[997, 849, 807]
[997, 702, 451, 276, 173, 139, 134]
[997, 775, 582, 471, 416, 397, 394]
[997, 785, 585, 434, 318, 266, 255]
[997, 788, 589, 448, 334, 281, 261, 256]
[996, 526, 191, 25, 25]
[997, 678, 393, 189, 125, 119]
[997, 716, 464, 266, 168, 136, 134]
[997, 847, 819, 818]
[997, 799, 696, 686, 683]
[997, 823, 746, 742]
[997, 823, 681, 649, 644]
[997, 763, 543, 367, 249, 194, 180, 178]
[997, 776, 563, 435, 329, 271, 266]
[997, 739, 536, 365, 265, 206, 199]
[997, 831, 765, 758]
[997, 600, 322, 107, 81]
[997, 798, 676, 672]
[997, 747, 493, 336, 192, 138, 124, 122]
[997, 742, 512, 297, 174, 145, 136]
[997, 781, 587, 414, 305, 230, 201, 199]
[997, 831, 796, 792]
[997, 580, 283, 104, 75]
[997, 854, 830, 828]
[997, 783, 572, 457, 310, 213, 149, 136]
[997, 709, 459, 268, 114, 85, 84]
[997, 841, 821, 820]
[997, 846, 788, 777]
[997, 587, 314, 90, 58, 32]
[997, 786, 598, 506, 479, 477]
[997, 686, 449, 258, 183, 155, 151]
[997, 656, 383, 184, 119, 112]
[997, 750, 506, 318, 214, 182, 179]
[997, 727, 499, 318, 172, 123, 97, 94]
[996, 850, 825, 823]
[997, 723, 486, 332, 252, 223]
[997, 895, 876, 869]
[997, 867, 857, 852]
[997, 790, 659, 619, 613]
[997, 714, 483, 328, 211, 176, 173]
[997, 763, 532, 395, 292, 232, 212]
[997, 768, 563, 391, 330, 320]
[997, 886, 872, 870]
[997, 706, 455, 275, 147, 120, 119]
[997, 724, 495, 321, 186, 144, 136, 134]
[997, 723, 467, 278, 188, 155, 151, 150]
[997, 777, 566, 389, 247, 181, 171, 169]
[997, 659, 406, 209, 128, 93, 92]
[997, 840, 814]
[997, 600, 306, 101, 76, 74]
[997, 889, 885, 880]
[997, 703, 465, 263, 191, 179]
[997, 813, 692, 669, 663]
[997, 628, 357, 157, 115, 113, 106]
[997, 555, 248, 44, 33, 32, 26]
[997, 662, 404, 196, 95, 57, 55, 34]
[997, 762, 555, 388, 276, 221, 213]
[997, 805, 704, 697]
[997, 803, 628, 499, 459, 455]
[997, 728, 496, 322, 224, 191, 189, 187]
[997, 708, 433, 224, 119, 112]
[997, 560, 239, 67, 60]
[997, 810, 672, 632, 623, 621, 619]
[997, 795, 600, 466, 338, 269, 236, 231]
[997, 676, 372, 175, 107, 96, 95]
[997, 936, 934, 932]
[997, 765, 500, 317, 206, 171, 168]
[997, 758, 495, 331, 221, 172, 158]
[997, 813, 720, 711]
[997, 782, 610, 527, 498, 497]
[997, 792, 646, 593, 582]
[997, 695, 431, 240, 123, 102]
[997, 748, 541, 396, 307, 243, 231, 227]
[997, 744, 501, 334, 252, 211, 205]
[997, 688, 455, 239, 160, 151]
[997, 780, 578, 433, 356, 339]
[997, 711, 428, 263, 173, 150]
[997, 781, 548, 381, 239, 173, 165, 163]
[997, 816, 685, 668, 664]
[997, 710, 456, 254, 154, 138]
[997, 703, 469, 281, 179, 142, 136, 135]
[997, 877, 855, 851]
[997, 865, 856, 851]
[997, 818, 733, 721, 717]
[997, 708, 414, 199, 124, 118]
[997, 709, 476, 242, 126, 116, 115]
[997, 779, 549, 377, 244, 163, 120, 111, 103]
[997, 838, 795, 789]
[997, 783, 594, 490, 441, 440]
[997, 822, 733, 726, 724]
[997, 867, 856, 854]
[997, 841, 771, 766]
[997, 770, 556, 385, 259, 196, 177, 176]
[997, 735, 497, 313, 215, 180, 179]
[997, 861, 831, 823]
[997, 753, 491, 308, 198, 159, 158]
[997, 792, 680, 657, 655]
[997, 563, 241, 58, 45]
[997, 779, 579, 459, 388, 360, 356]
[997, 844, 791, 788]
[997, 738, 500, 358, 262, 207, 195]
[997, 757, 520, 335, 215, 176, 171]
[997, 489, 145, 17, 17]
[997, 881, 867]
[997, 693, 433, 218, 109, 90]
[997, 876, 868]
[997, 920, 901, 897]
[997, 816, 672, 648, 642]
[997, 695, 478, 263, 114, 87, 83]
[997, 736, 464, 305, 189, 154, 153]
[997, 739, 510, 352, 240, 186, 166]
[997, 752, 518, 375, 277, 214, 201]
[997, 674, 430, 246, 148, 132, 131]
[997, 856, 825, 821]
[997, 845, 796, 789]
[997, 479, 81, 29]
[997, 926, 919, 915]
[997, 758, 537, 346, 218, 179, 173]
[997, 778, 557, 379, 224, 148, 114, 107, 106]
[997, 713, 435, 233, 163, 153]
[997, 798, 637, 550, 541, 539]
[997, 762, 565, 422, 310, 253, 241, 239]
[997, 804, 684, 663, 658]
[997, 864, 844, 839]
[997, 688, 445, 297, 188, 159, 156]
[997, 848, 769, 749, 748, 746]
[997, 819, 720, 696]
[997, 651, 354, 127, 62, 58]
[997, 739, 519, 341, 177, 128, 122]
[997, 791, 624, 555, 541]
[997, 814, 703, 691, 688]
[997, 691, 411, 189, 128, 120]
[997, 814, 693, 678]
[997, 631, 363, 154, 99, 96, 95]
[997, 585, 298, 75, 56]
[997, 878, 871, 869]
[997, 726, 509, 304, 173, 133, 129]
[997, 753, 513, 371, 285, 255, 252]
[997, 679, 379, 174, 93, 83, 82]
[997, 786, 593, 458, 372, 341]
[997, 707, 470, 309, 196, 152, 143, 142]
[997, 701, 468, 289, 192, 162, 158]
[997, 833, 774, 763]
[997, 867, 854]
[997, 732, 476, 323, 227, 199, 196]
[997, 792, 650, 609]
[997, 657, 393, 176, 112]
[997, 857, 831]
[996, 816, 701, 680, 678]
[997, 864, 858, 856]
[997, 829, 764, 761]
[997, 809, 697, 679, 673]
[997, 876, 866, 860]
[997, 789, 641, 582, 579]
[997, 821, 741, 726]
[997, 637, 358, 151, 103, 99]
[997, 853, 841, 837]
[997, 802, 614, 502, 475]
[997, 589, 320, 122, 72]
[997, 817, 756, 752]
[997, 738, 500, 323, 203, 157, 148]
[997, 767, 517, 350, 198, 153, 148]
[997, 739, 516, 351, 236, 161, 134, 132]
[997, 759, 566, 431, 346, 303, 299]
[997, 803, 683, 660, 656, 652]
[997, 873, 858]
[997, 635, 365, 188, 130, 115]
[997, 812, 731, 724]
[997, 705, 438, 202, 89, 84]
[997, 896, 894]
[997, 829, 779, 778, 776]
[997, 678, 432, 238, 152, 130]
[997, 676, 406, 193, 140, 129]
[997, 874, 864, 862]
[997, 769, 533, 370, 255, 169, 146, 142]
[996, 753, 515, 377, 282, 255, 248]
[997, 756, 521, 347, 258, 201, 185, 184]
[997, 734, 497, 318, 216, 157, 129, 123, 113]
[997, 753, 511, 345, 204, 160, 149]
[997, 682, 411, 194, 112, 90, 87]
[997, 754, 517, 351, 184, 112, 102]
[997, 795, 641, 548, 534, 530]
[997, 768, 541, 390, 280, 223, 182, 181]
[997, 750, 504, 329, 218, 167, 161, 159]
[997, 852, 812, 809]
[997, 682, 459, 282, 200, 177, 172]
[997, 761, 548, 375, 243, 173, 158, 154]
[997, 781, 545, 372, 227, 147, 101, 94]
[997, 687, 440, 254, 169, 162]
[997, 722, 455, 269, 147, 132, 125, 124]
[997, 840, 790, 787]
[997, 692, 476, 314, 207, 154, 136, 129]
[997, 752, 529, 371, 241, 185, 174, 172]
[997, 890, 874, 871]
[997, 694, 418, 253, 156, 126, 125]
[997, 548, 248, 51, 26]
[997, 627, 332, 141, 104, 101]
[997, 809, 697, 687]
[997, 900, 881, 879]
[997, 776, 580, 438, 345, 321, 319]
[997, 826, 745, 743]
[997, 794, 621, 511, 473, 462]
[997, 832, 792, 790]
[997, 689, 431, 247, 176, 158]
[997, 856, 823]
[997, 824, 759, 755]
[997, 668, 374, 158, 98, 81]
[996, 825, 751, 747]
[997, 704, 446, 286, 162, 136]
[997, 736, 496, 326, 197, 133, 119, 116]
[997, 674, 439, 276, 182, 133, 126]
[997, 594, 314, 84, 54, 33]
[997, 762, 556, 417, 348, 336]
[997, 894, 881, 878]
[997, 539, 227, 100, 73, 71]
[997, 804, 642, 574, 570, 568]
[997, 832, 784, 782]
[997, 640, 333, 141, 90]
[997, 866, 832]
[997, 831, 791, 788]
[997, 835, 799, 794]
[997, 693, 434, 250, 151, 140, 138]
[997, 786, 540, 408, 346, 321]
[997, 675, 447, 264, 162, 124, 123]
[997, 687, 451, 218, 120, 98, 93]
[997, 609, 284, 95, 44, 19]
[997, 577, 253, 116, 98]
[997, 688, 458, 271, 141, 112, 109]
[997, 828, 770, 761]
[997, 725, 502, 315, 190, 119, 108]
[996, 791, 667, 656, 655]
[997, 676, 426, 243, 162, 138]
[997, 772, 563, 419, 304, 261, 245, 242]
[997, 709, 424, 255, 165, 143, 141]
[997, 756, 519, 353, 259, 226, 225]
[997, 784, 593, 462, 330, 244, 203, 195]
[997, 820, 730, 721]
[997, 693, 480, 305, 214, 165]
[997, 862, 850, 848]
[997, 709, 495, 298, 179, 124, 104]
[997, 875, 867]
[997, 833, 801, 800]
[997, 841, 786, 782]
[997, 912, 905, 903]
[997, 674, 391, 169, 83, 80]
[997, 839, 807, 801, 799]
[997, 836, 751, 750]
[997, 710, 453, 275, 173, 151, 149]
[997, 803, 670, 657, 655]
[997, 746, 499, 325, 152, 111, 109]
[997, 532, 229, 18]
[997, 777, 553, 390, 245, 173, 158, 155]
[997, 830, 763, 757, 755]
[997, 793, 594, 471, 395, 381, 379]
[997, 754, 555, 421, 320, 281, 274]
[997, 611, 357, 133, 97, 87]
[997, 710, 477, 318, 182, 148, 142, 141]
[997, 770, 566, 417, 318, 270, 268]
[997, 916, 905]
[997, 647, 373, 190, 123, 115]
[997, 774, 559, 400, 307, 277, 275]
[997, 747, 512, 358, 240, 170, 128, 122, 121]
[997, 826, 765, 760]
[997, 857, 831, 829]
[997, 610, 320, 125, 80, 70]
[997, 874, 849]
[997, 899, 890, 886]
[997, 798, 629, 569, 552]
[997, 859, 839, 833]
[997, 776, 601, 480, 436, 425]
[997, 761, 514, 361, 263, 189, 159, 154]
[997, 877, 869, 866]
[997, 795, 673, 647, 643]
[997, 729, 465, 275, 143, 120, 118]
[997, 684, 422, 247, 105, 75]
[997, 809, 701, 686]
[997, 546, 257, 45, 27]
[997, 709, 449, 244, 153, 129, 127]
[997, 726, 494, 352, 249, 212, 211]
[997, 734, 524, 329, 216, 161, 149, 148]
[997, 823, 724, 711, 706]
[997, 727, 490, 310, 200, 160, 151]
[997, 840, 776, 764]
[997, 748, 504, 319, 202, 142, 137]
[997, 735, 478, 285, 130, 89, 72, 68]
[997, 772, 561, 429, 297, 251, 240]
[997, 786, 616, 497, 454, 447]
[997, 724, 500, 303, 179, 132, 129]
[997, 840, 768, 759]
[997, 843, 782, 777, 775]
[997, 827, 750, 746, 743]
[997, 736, 505, 322, 197, 133, 122]
[997, 732, 521, 377, 288, 264]
[997, 866, 852]
[997, 793, 644, 580, 567]
[997, 776, 577, 450, 397, 379, 377]
[997, 777, 544, 362, 240, 170, 143, 135, 124]
[997, 646, 356, 103, 59, 53]
[997, 733, 492, 336, 199, 140, 134]
[997, 692, 438, 223, 123, 112]
[997, 776, 548, 375, 252, 185, 168]
[997, 659, 404, 187, 109, 87]
[997, 784, 592, 481, 452, 444]
[997, 754, 507, 356, 219, 166, 147, 146]
[997, 821, 689, 640, 636]
[997, 847, 791, 787]
[997, 622, 337, 141, 97, 87]
[997, 765, 513, 321, 204, 166, 148]
[997, 725, 493, 288, 211, 180, 179]
[997, 689, 408, 212, 125, 118]
[997, 891, 883, 874]
[997, 791, 598, 466, 401, 380]
[996, 769, 520, 338, 222, 150, 132, 131]
[997, 913, 909]
[997, 687, 437, 211, 126, 90, 88]
[997, 850, 812, 809]
[997, 758, 526, 346, 216, 175, 164]
[997, 802, 616, 504, 469]
[997, 655, 354, 224, 162, 146, 145]
[997, 791, 622, 545, 531]
[997, 824, 732, 719, 718]
[997, 663, 414, 202, 108, 85, 80]
[997, 855, 815, 803]
[997, 705, 471, 276, 186, 161]
[997, 774, 557, 373, 238, 188, 174]
[997, 839, 791, 781]
[997, 763, 532, 344, 207, 167, 160]
[997, 755, 511, 365, 245, 181, 146, 139]
[997, 604, 297, 69, 58]
[997, 732, 512, 325, 210, 165, 163]
[997, 685, 422, 209, 130, 116]
[997, 742, 534, 376, 262, 201, 186, 184, 181]
[997, 745, 532, 381, 247, 189, 174, 172]
[997, 857, 823, 819, 817]
[997, 800, 620, 475, 357, 319, 315]
[997, 750, 513, 372, 247, 184, 147, 143]
[997, 877, 862, 860]
[997, 844, 826, 824]
[997, 817, 736, 729]
[997, 835, 787, 784]
[997, 789, 612, 487, 460, 458]
[997, 844, 777, 769, 767]
[997, 788, 582, 443, 349, 318, 316]
[997, 861, 830, 829]
[997, 707, 473, 294, 183, 156]
[997, 668, 382, 157, 107, 95]
[997, 692, 490, 329, 197, 165, 155]
[997, 922, 919]
[997, 836, 783, 781]
[997, 817, 729, 722]
[997, 782, 607, 530, 520, 519]
[997, 845, 766, 760, 759, 757]
[997, 871, 838]
[997, 779, 591, 474, 404, 387]
[997, 597, 309, 78, 58]
[997, 768, 552, 397, 270, 187, 153, 139]
[997, 771, 573, 458, 415, 412]
[997, 719, 497, 335, 229, 178, 162]
[997, 783, 584, 437, 355, 323, 321, 319]
[996, 699, 393, 216, 130, 105]
[997, 753, 532, 355, 202, 132, 109]
[997, 893, 886]
[997, 815, 718, 706]
[997, 754, 525, 366, 219, 138, 112, 105]
[997, 758, 533, 403, 306, 279, 270]
[997, 644, 362, 160, 76, 67]
[997, 738, 503, 342, 265, 253]
[997, 734, 518, 353, 236, 198, 190]
[997, 634, 349, 152, 99, 93, 91]
[997, 830, 799, 797]
[997, 634, 331, 192, 138, 124]
[997, 720, 484, 314, 193, 155, 150]
[997, 792, 627, 515, 465, 458, 456]
[997, 839, 790, 786, 784]
[997, 710, 463, 271, 184, 146, 139]
[997, 615, 306, 145, 105, 104]
[997, 775, 532, 358, 227, 177, 169]
[997, 734, 478, 318, 200, 140, 135, 134]
[997, 650, 351, 146, 99]
[997, 634, 270, 90, 71, 48]
[997, 851, 818, 816]
[997, 871, 863]
[997, 642, 354, 127, 53, 35]
[997, 641, 319, 120, 67]
[997, 814, 729, 712, 709]
[997, 857, 820, 816]
[997, 620, 343, 115, 51, 46]
[997, 853, 832, 827]
[997, 823, 712, 690]
[997, 758, 538, 369, 228, 175, 148, 144]
[997, 795, 718, 710]
[997, 812, 616, 478, 400, 392]
[997, 861, 836, 834]
[997, 667, 372, 173, 113, 106]
[997, 796, 636, 562, 538, 536]
[997, 849, 830, 828]
[997, 613, 357, 180, 112, 98]
[997, 874, 857, 854]
[997, 938, 927]
[997, 838, 769, 761, 758]
[997, 755, 501, 301, 176, 136, 130, 129]
[997, 619, 347, 170, 120, 116]
[997, 895, 892]
[997, 764, 536, 383, 273, 206, 194]
[997, 682, 381, 194, 95, 83]
[997, 814, 737, 726, 724]
[997, 743, 504, 320, 195, 152, 137]
[997, 739, 537, 372, 260, 226, 218]
[997, 700, 482, 296, 165, 108, 94]
[997, 778, 589, 481, 443, 441]
[997, 800, 609, 495, 428, 421]
[997, 828, 736, 735]
[997, 613, 293, 105, 72, 68]
[997, 643, 327, 148, 116, 115]
[997, 640, 326, 155, 120, 117]
[997, 745, 497, 310, 214, 179, 176]
[997, 882, 873]
[997, 849, 830, 827]
[997, 673, 443, 255, 156, 124, 118]
[997, 850, 831, 829]
[997, 632, 340, 134, 97, 91]
[997, 810, 690, 664, 659]
[997, 867, 817, 812]
[997, 679, 388, 183, 86, 75]
[997, 805, 696, 680, 677]
[997, 753, 537, 362, 235, 153, 133]
[997, 703, 470, 278, 185, 164]
[997, 910, 901, 899]
[997, 696, 434, 217, 159, 146]
[997, 854, 836]
[997, 602, 308, 122, 52, 50]
[997, 885, 875]
[997, 768, 575, 414, 277, 199, 158, 153]
[997, 698, 443, 285, 169, 146, 134]
[997, 750, 509, 336, 180, 119, 105, 98]
[997, 827, 715, 684]
[997, 783, 614, 536, 523]
[997, 903, 896, 894]
[997, 910, 901, 899]
[997, 834, 749, 744, 741]
[997, 800, 639, 556, 535, 529]
[997, 840, 739, 730, 728]
[997, 723, 473, 275, 145, 121]
[997, 674, 429, 265, 166, 134, 132]
[997, 594, 291, 112, 86]
[997, 882, 871]
[997, 835, 802, 800]
[997, 785, 616, 524, 497, 493]
[997, 694, 464, 291, 173, 135, 128, 127]
[997, 693, 450, 241, 146, 117, 113]
[997, 747, 492, 293, 171, 136, 130]
[997, 728, 472, 291, 165, 140]
[997, 748, 521, 356, 210, 118, 90, 73]
[997, 630, 406, 218, 129, 121]
[997, 888, 863, 857]
[997, 596, 340, 135, 94, 89, 74, 71]
[997, 804, 661, 609, 604]
[997, 660, 421, 229, 153, 128]
[997, 795, 606, 502, 463, 460]
[997, 735, 503, 354, 223, 190, 176]
[997, 875, 867, 863]
[997, 761, 572, 456, 399, 391, 390]
[997, 628, 364, 184, 119, 113]
[997, 821, 743, 738]
[997, 840, 763, 754, 752]
[997, 671, 421, 241, 134, 116]
[997, 646, 387, 150, 84, 81]
[997, 572, 229, 24, 24]
[997, 881, 860, 852, 850]
[997, 881, 861]
[997, 873, 861, 860]
[997, 731, 489, 282, 156, 123, 118]
[997, 877, 868, 864]
[997, 879, 858, 854]
[997, 677, 416, 224, 122, 110]
[997, 778, 576, 460, 398, 393]
[997, 882, 870, 866]
[997, 809, 681, 639, 633]
[997, 667, 413, 169, 93, 85, 83]
[997, 764, 546, 378, 226, 171, 133, 124]
[997, 659, 350, 144, 118, 112]
[997, 831, 759, 753]
[997, 435, 124, 37, 35]
[997, 820, 746, 738]
[997, 823, 748, 737]
[997, 653, 403, 193, 101, 89, 86]
[997, 780, 550, 418, 351, 331, 328]
[997, 881, 867]
[997, 680, 444, 266, 131, 80, 70]
[997, 756, 533, 357, 271, 209, 178, 158, 154]
[997, 842, 795, 791]
[997, 857, 820, 818]
[997, 779, 573, 420, 258, 184, 158]
[997, 633, 364, 171, 74, 67]
