[428]
[179]
[145]
[275]
[151]
[148]
[159]
[93]
[215]
[127]
[95]
[227]
[208]
[137]
[177]
[253]
[302]
[159]
[119]
[91]
[223]
[159]
[253]
[201]
[284]
[80]
[173]
[159]
[99]
[178]
[133]
[150]
[266]
[174]
[163]
[173]
[183]
[261]
[145]
[259]
[310]
[119]
[272]
[219]
[153]
[225]
[145]
[251]
[111]
[256]
[138]
[129]
[194]
[334]
[84]
[171]
[113]
[186]
[282]
[131]
[351]
[308]
[144]
[125]
[262]
[179]
[180]
[189]
[194]
[177]
[140]
[232]
[136]
[188]
[107]
[210]
[59]
[194]
[174]
[163]
[289]
[176]
[193]
[291]
[108]
[133]
[172]
[173]
[157]
[168]
[198]
[108]
[150]
[192]
[119]
[138]
[206]
[115]
[95]
[131]
[91]
[193]
[227]
[182]
[170]
[215]
[146]
[375]
[179]
[110]
[190]
[150]
[119]
[123]
[118]
[228]
[239]
[245]
[185]
[167]
[111]
[200]
[141]
[315]
[188]
[176]
[103]
[276]
[163]
[98]
[156]
[129]
[114]
[204]
[224]
[135]
[228]
[314]
[209]
[185]
[428]
[248]
[113]
[131]
[169]
[99]
[142]
[423]
[164]
[92]
[320]
[189]
[331]
[139]
[261]
[548]
[215]
[132]
[131]
[137]
[215]
[244]
[174]
[196]
[143]
[122]
[142]
[169]
[258]
[318]
[104]
[210]
[141]
[125]
[526]
[382]
[190]
[225]
[219]
[189]
[156]
[149]
[137]
[147]
[171]
[131]
[136]
[121]
[169]
[143]
[71]
[223]
[137]
[237]
[106]
[164]
[179]
[142]
[497]
[175]
[111]
[438]
[171]
[344]
[204]
[129]
[159]
[110]
[131]
[113]
[291]
[195]
[173]
[171]
[281]
[172]
[201]
[88]
[149]
[307]
[480]
[226]
[310]
[285]
[193]
[108]
[161]
[103]
[210]
[135]
[131]
[276]
[303]
[141]
[383]
[147]
[95]
[249]
[150]
[298]
[429]
[231]
[636]
[307]
[146]
[275]
[266]
[176]
[305]
[153]
[129]
[226]
[151]
[169]
[186]
[96]
[124]
[345]
[192]
[225]
[441]
[139]
[191]
[169]
[222]
[129]
[232]
[154]
[321]
[311]
[102]
[158]
[154]
[250]
[138]
[284]
[221]
[169]
[174]
[196]
[88]
[135]
[264]
[268]
[149]
[309]
[179]
[163]
[220]
[246]
[62]
[339]
[194]
[193]
[225]
[174]
[180]
[198]
[164]
[244]
[141]
[386]
[145]
[336]
[347]
[166]
[103]
[489]
[147]
[128]
[382]
[188]
[102]
[214]
[240]
[131]
[522]
[138]
[515]
[310]
[244]
[238]
[167]
[83]
[98]
[119]
[219]
[251]
[197]
[171]
[255]
[171]
[398]
[86]
[92]
[86]
[494]
[282]
[140]
[96]
[182]
[296]
[207]
[176]
[302]
[178]
[222]
[185]
[179]
[121]
[146]
[119]
[76]
[271]
[116]
[118]
[259]
[346]
[124]
[192]
[77]
[241]
[193]
[164]
[227]
[149]
[184]
[170]
[133]
[161]
[119]
[171]
[211]
[116]
[187]
[114]
[150]
[113]
[144]
[327]
[355]
[192]
[121]
[164]
[183]
[124]
[488]
[309]
[316]
[178]
[130]
[263]
[122]
[152]
[109]
[126]
[195]
[130]
[111]
[221]
[272]
[151]
[153]
[155]
[354]
[158]
[223]
[193]
[121]
[81]
[146]
[135]
[197]
[137]
[206]
[184]
[284]
[229]
[94]
[104]
[149]
[131]
[130]
[442]
[342]
[247]
[190]
[127]
[211]
[155]
[197]
[391]
[109]
[134]
[428]
[105]
[177]
[214]
[231]
[125]
[110]
[135]
[109]
[185]
[140]
[354]
[146]
[149]
[112]
[133]
[340]
[349]
[279]
[369]
[396]
[210]
[88]
[128]
[89]
[101]
[148]
[205]
[325]
[106]
[219]
[266]
[102]
[92]
[146]
[154]
[117]
[81]
[481]
[137]
[201]
[226]
[188]
[425]
[112]
[209]
[240]
[299]
[151]
[402]
[239]
[158]
[122]
[252]
[129]
[149]
[131]
[252]
[77]
[116]
[178]
[112]
[102]
[200]
[99]
[275]
[99]
[146]
[144]
[137]
[278]
[154]
[189]
[193]
[294]
[142]
[192]
[212]
[134]
[480]
[288]
[282]
[237]
[144]
[117]
[174]
[126]
[306]
[186]
[185]
[291]
[111]
[149]
[528]
[253]
[240]
[441]
[115]
[116]
[143]
[122]
[154]
[250]
[187]
[221]
[98]
[152]
[99]
[113]
[328]
[119]
[242]
[134]
[190]
[231]
[95]
[221]
[187]
[98]
[192]
[221]
[411]
[142]
[213]
[267]
[198]
[137]
[167]
[194]
[264]
[129]
[177]
[186]
[131]
[310]
[133]
[173]
[143]
[140]
[88]
[170]
[220]
[144]
[111]
[133]
[154]
[208]
[195]
[131]
[181]
[186]
[481]
[86]
[202]
[159]
[192]
[374]
[126]
[154]
[205]
[207]
[107]
[117]
[202]
[171]
[231]
[230]
[130]
[165]
[400]
[153]
[208]
[270]
[263]
[99]
[147]
[369]
[103]
[161]
[232]
[209]
[197]
[227]
[205]
[282]
[199]
[178]
[115]
[170]
[262]
[94]
[96]
[122]
[114]
[119]
[123]
[115]
[101]
[161]
[86]
[291]
[208]
[214]
[149]
[172]
[101]
[218]
[139]
[367]
[85]
[194]
[172]
[209]
[80]
[503]
[373]
[343]
[148]
[130]
[262]
[165]
[228]
[219]
[224]
[162]
[88]
[163]
[112]
[123]
[201]
[114]
[394]
[112]
[146]
[175]
[89]
[252]
[254]
[109]
[195]
[304]
[114]
[162]
[208]
[207]
[218]
[284]
[148]
[273]
[237]
[147]
[171]
[296]
[134]
[390]
[238]
[234]
[131]
[188]
[211]
[114]
[107]
[219]
[435]
[133]
[112]
[143]
[200]
[221]
[170]
[172]
[327]
[110]
[147]
[292]
[337]
[355]
[422]
[100]
[136]
[203]
[517]
[96]
[195]
[364]
[128]
[165]
[96]
[144]
[112]
[175]
[122]
[206]
[124]
[110]
[205]
[171]
[182]
[326]
[152]
[438]
[255]
[249]
[188]
[170]
[334]
[115]
[302]
[106]
[179]
[223]
[160]
[264]
[233]
[218]
[149]
[130]
[134]
[169]
[102]
[793]
[183]
[130]
[163]
[175]
[316]
[117]
[159]
[146]
[149]
[190]
[282]
[87]
[311]
[202]
[115]
[435]
[230]
[169]
[156]
[108]
[133]
[263]
[236]
[220]
[88]
[105]
[154]
[154]
[160]
[152]
[187]
[164]
[217]
[257]
[150]
[199]
[138]
[194]
[211]
[201]
[297]
[372]
[120]
[354]
[121]
[441]
[191]
[73]
[196]
[144]
[254]
[147]
[183]
[338]
[149]
[160]
[331]
[156]
[395]
[181]
[314]
[139]
[184]
[118]
[156]
[117]
[282]
[175]
[341]
[204]
[236]
[198]
[235]
[107]
[149]
[305]
[95]
[189]
[157]
[155]
[167]
[347]
[181]
[141]
[240]
[83]
[113]
[206]
[460]
[268]
[228]
[169]
[152]
[102]
[282]
[123]
[182]
[258]
[273]
[141]
[223]
[192]
[121]
[380]
[156]
[155]
[81]
[288]
[92]
[155]
[184]
[150]
[175]
[177]
[140]
[167]
[144]
[273]
[425]
[204]
[273]
[127]
[139]
[334]
[333]
[149]
[293]
[117]
[260]
[138]
[168]
[233]
[436]
[129]
[106]
[317]
[162]
[166]
[137]
[116]
[174]
[208]
[226]
[211]
[118]
[115]
[239]
[146]
[210]
[192]
[205]
[207]
[298]
[211]
[131]
[226]
[186]
[567]
[175]
[143]
[178]
[153]
[83]
[316]
[370]
[278]
[197]
[148]
[155]
[122]
[179]
[235]
[92]
[279]
[308]
[314]
[238]
[157]
[325]
[431]
[254]
[499]
[248]
[161]
[68]
[407]
[126]
[115]
[218]
[104]
[74]
[374]
[111]
[254]
[171]
[189]
[124]
[198]
[141]
[164]
[103]
[187]
[273]
[406]
[218]
[138]
[264]
[250]
[113]
[319]
[164]
[171]
[87]
[210]
[267]
[80]
[111]
[347]
[210]
[233]
[404]
[189]
[103]
[134]
[167]
