[28.83, 23.8, 0.63, 0.09]
[28.71, 24.48, 3.16, 0.18, 0.17]
[29.18, 29.02, 28.82, 28.8]
[4997, 4488, 4428, 4421]
[4997, 3634, 2113, 1116, 577, 517, 516]
[4997, 4279, 4089, 4069]
[4997, 3499, 2043, 1086, 608, 533, 529, 526]
[4997, 3722, 2440, 1484, 819, 596, 549, 547, 542]
[4997, 4034, 3250, 2874, 2718, 2695, 2692]
[4997, 3948, 2705, 1857, 1081, 643, 570, 568]
[4997, 3690, 2379, 1433, 711, 520, 508, 507]
[4997, 4086, 3390, 3186, 3134, 3129]
[4997, 4240, 4055, 4028, 4024]
[4997, 4317, 4163, 4144, 4140]
[4997, 4588, 4550, 4545]
[4997, 4205, 3906, 3868, 3857]
[4997, 4041, 3134, 2567, 2133, 2017, 1999, 1998]
[4997, 4207, 3904, 3880, 3876]
[4997, 4142, 3711, 3664, 3649]
[4997, 4353, 4208, 4186, 4182]
[4997, 4081, 3316, 3061, 3016, 3006, 3003]
[4997, 3349, 1831, 881, 532, 497]
[4997, 4331, 4231, 4216, 4208]
[4997, 3674, 2318, 1462, 871, 649, 629]
[4997, 3374, 1915, 832, 419, 381, 374, 373]
[4997, 4357, 4215, 4198, 4196, 4194]
[4997, 4607, 4578]
[4997, 4337, 4231, 4222, 4220]
[4997, 4025, 3175, 2658, 2343, 2267, 2260]
[4997, 3902, 2665, 1835, 1058, 708, 644]
[4997, 3616, 2256, 1303, 687, 504, 483, 481]
[4997, 4125, 3441, 3220, 3181, 3173]
[4997, 4039, 3160, 2653, 2394, 2364]
[4997, 4213, 3847, 3795, 3777]
[4997, 2970, 1201, 360, 272, 270]
[4997, 4505, 4417, 4395, 4392]
[4997, 3954, 2788, 1937, 1140, 769, 671, 669, 668]
[4997, 3990, 2942, 2140, 1410, 988, 790, 761, 756]
[4997, 4350, 4215, 4198]
[4997, 4370, 4263, 4256]
[4997, 3859, 2557, 1718, 1024, 736, 675, 673]
[4997, 4218, 3813, 3758, 3754]
[4997, 4417, 4265, 4242, 4236]
[4997, 3939, 2806, 1996, 1229, 827, 727, 714, 713]
[4997, 4423, 4336, 4325]
[4997, 4305, 4113, 4099, 4097]
[4997, 4372, 4280, 4263]
[4997, 4407, 4342, 4333]
[4997, 4613, 4586, 4576]
[4997, 4337, 4219, 4191, 4187]
[4997, 3943, 2891, 2095, 1305, 869, 696, 673]
[4997, 3703, 2316, 1322, 614, 486, 482]
[4997, 4237, 3995, 3969, 3962]
[4997, 4313, 4178, 4161, 4160, 4158]
[4997, 4437, 4365, 4352, 4350]
[4997, 4403, 4314, 4292, 4282]
[4997, 4055, 3161, 2555, 2231, 2187, 2184]
[4997, 3942, 2924, 2134, 1423, 1039, 900, 884, 882]
[4997, 4417, 4342, 4323, 4320]
[4997, 3999, 3018, 2301, 1648, 1153, 926, 882, 880]
[4997, 4209, 3905, 3877, 3873]
[4997, 4093, 3569, 3500, 3493]
[4997, 4002, 2948, 2211, 1528, 1127, 975, 937, 917]
[4997, 4183, 3673, 3557, 3525, 3522]
[4997, 4406, 4342, 4334, 4332]
[4997, 4295, 4136, 4111, 4110]
[4997, 4395, 4289, 4280]
[4997, 3745, 2447, 1491, 840, 600, 574]
[4997, 3959, 2879, 2095, 1270, 814, 656, 639]
[4997, 4267, 4090, 4060, 4054]
[4997, 3505, 2167, 1168, 655, 585, 577, 573]
[4997, 4437, 4349, 4340, 4338]
[4997, 3946, 2907, 2147, 1428, 988, 812, 791, 790]
[4997, 4480, 4426, 4423]
[4997, 3988, 2961, 2216, 1465, 961, 756, 695, 688]
[4997, 4099, 3529, 3430, 3399]
[4997, 3925, 2785, 2064, 1316, 891, 727, 705, 701]
[4997, 4377, 4299, 4278, 4276]
[4997, 3571, 2173, 1133, 529, 473, 468]
[4997, 4081, 3372, 3123, 3054, 3045, 3043]
[4997, 3547, 2140, 1189, 529, 437, 425]
[4997, 3909, 2682, 1927, 1234, 896, 806, 794, 790]
[4997, 2829, 1247, 363, 254, 248]
