[497, 227, 2]
[497, 105, 4, 2]
[497, 200, 11, 11]
[497, 209, 6]
[496, 184, 7, 5]
[497, 196, 52, 3]
[497, 169, 3]
[497, 176, 3]
[497, 224, 20, 6]
[497, 234, 17, 8]
[497, 263, 14, 14]
[497, 205, 7, 7]
[497, 117, 4, 2]
[497, 149, 3, 2]
[497, 134, 3]
[497, 207, 11, 5]
[497, 256, 38, 10]
[497, 208, 14, 10]
[497, 298, 65, 5, 5]
[497, 175, 6, 5]
[497, 201, 28, 15]
[497, 60, 7, 3]
[497, 268, 42, 14]
[497, 167, 2]
[497, 140, 2]
[497, 200, 8, 6]
[497, 167, 3]
[497, 258, 8, 8]
[497, 263, 80, 2]
[497, 211, 12, 11]
[497, 157, 4, 4]
[497, 317, 94, 3]
[497, 155, 2]
[497, 252, 54, 4]
[497, 195, 3]
[497, 211, 4]
[497, 163, 3]
[497, 234, 9, 8]
[497, 199, 3]
[497, 261, 49, 8]
[497, 217, 3]
[497, 185, 2]
[497, 172, 2]
[497, 204, 9, 9]
[497, 254, 26, 9]
[497, 141, 5, 3]
[496, 148, 2]
[497, 214, 6]
[497, 184, 19, 4]
[497, 182, 3]
[497, 244, 36, 7]
[497, 188, 2]
[497, 211, 20, 10]
[497, 229, 31, 6, 6]
[497, 238, 6]
[497, 325, 150, 4]
[497, 257, 27, 17]
[497, 150, 2]
[497, 233, 40, 9]
[497, 286, 82, 6]
[497, 273, 85, 12, 7]
[497, 201, 4]
[497, 345, 162, 4]
[497, 204, 10, 5]
[497, 264, 13, 12, 6]
[497, 158, 4]
[497, 256, 39, 19]
[497, 196, 23, 7]
[497, 168, 3]
[497, 241, 5]
[497, 294, 86, 6, 6]
[497, 252, 28, 3]
[497, 211, 25, 14]
[497, 181, 13, 6]
[496, 207, 13, 11]
[497, 180, 6]
[497, 150, 3, 1]
[497, 203, 19, 11]
[497, 151, 2]
[497, 188, 6]
[497, 196, 7]
[497, 116, 6, 2]
[497, 201, 9, 9]
[497, 258, 12, 12]
[497, 228, 7, 3]
[497, 162, 2]
[497, 174, 3, 2]
[497, 109, 4, 3]
[497, 233, 8, 5]
[497, 202, 11]
[497, 161, 3]
[497, 161, 5]
[497, 302, 85, 4, 4]
[497, 171, 2]
[497, 155, 2]
[497, 161, 6, 2]
[496, 218, 39, 8]
[497, 154, 2]
[497, 152, 4]
[497, 211, 6]
[497, 254, 43, 3, 3]
[497, 245, 52, 6, 6]
[497, 157, 2]
[497, 211, 4]
[497, 178, 11, 7]
[497, 182, 5]
[497, 188, 19, 11]
[497, 177, 2]
[497, 311, 150, 12, 10]
[497, 226, 12, 8]
[497, 157, 3, 2]
[497, 115, 4, 2]
[497, 269, 4]
[497, 213, 5]
[497, 221, 30, 11]
[497, 212, 2]
[497, 348, 140, 10]
[497, 270, 55, 25, 24]
[497, 218, 10, 7]
[497, 148, 2]
[497, 258, 20, 7]
[497, 120, 2]
[497, 187, 3]
[497, 219, 21, 8]
[497, 154, 5, 3]
[497, 216, 22, 5]
[497, 133, 2]
[497, 237, 19, 8]
[497, 199, 11, 9]
[497, 309, 93, 10, 6]
[497, 195, 4]
[497, 98, 6, 3]
[497, 219, 6]
[497, 322, 105, 4, 3]
[497, 146, 7, 7]
[497, 203, 15]
[497, 153, 7, 3]
[497, 157, 2]
[496, 197, 4, 4]
[497, 284, 80, 9, 9]
[497, 218, 5, 5]
[497, 205, 3]
[497, 179, 5]
[497, 225, 33, 12]
[497, 179, 3]
[497, 196, 5]
[497, 215, 34, 9]
[497, 157, 3]
[497, 190, 2]
[497, 182, 2]
[497, 266, 90, 2]
[497, 161, 3, 2]
[497, 229, 7]
[497, 173, 3]
[497, 198, 6]
[497, 230, 12, 7]
[497, 225, 7, 6]
[497, 126, 4]
[497, 128, 5, 2]
[497, 228, 18, 13]
[497, 118, 3, 2]
[497, 190, 6]
[497, 211, 32, 7]
[497, 238, 13, 5]
[497, 164, 3, 2]
[497, 240, 10, 4]
[497, 188, 8]
[497, 185, 4]
[497, 213, 5]
[497, 216, 12]
[497, 213, 10]
[497, 159, 2]
[497, 220, 34, 5, 5]
[497, 223, 9]
[497, 177, 5]
[497, 174, 3]
[497, 216, 4]
[497, 214, 18, 6]
[497, 193, 8]
[497, 265, 79, 7, 7]
[497, 192, 4]
[497, 299, 89, 7, 7]
[497, 164, 7]
[497, 260, 22, 6]
[497, 141, 3, 2]
[497, 210, 3]
[497, 232, 3]
[497, 161, 5, 2]
[497, 146, 9, 4]
[497, 128, 4, 4]
[497, 175, 3]
[497, 232, 35, 6, 6]
[497, 201, 4]
[497, 190, 6]
[497, 203, 16, 10]
[497, 222, 12, 12]
[497, 201, 14, 10]
[497, 199, 5]
[497, 261, 40, 7]
[497, 302, 70, 12, 12]
[497, 214, 21, 15]
[496, 147, 3]
[497, 72, 4, 2]
[497, 123, 3, 2]
[497, 272, 82, 9, 9]
[497, 219, 27, 4, 4]
[497, 207, 3]
[497, 220, 5, 3]
[497, 148, 3]
[497, 342, 141, 6]
[497, 152, 3, 3]
[497, 209, 5]
[497, 327, 88, 3, 2]
[497, 200, 3]
[497, 175, 17, 6]
[497, 263, 52, 5, 4]
[497, 179, 4]
[497, 287, 64, 6, 4]
[497, 211, 7]
[497, 184, 3]
[497, 149, 4]
[497, 213, 8, 7]
[497, 144, 3, 3]
[497, 153, 3, 2]
[497, 141, 2]
[497, 226, 5]
[497, 261, 48, 6, 6]
[497, 183, 9, 9]
[497, 196, 1]
[497, 134, 2]
[497, 202, 3, 2]
[497, 177, 3]
[497, 198, 5, 5]
[497, 176, 4]
[497, 200, 4]
[497, 191, 5]
[497, 149, 3, 2]
[497, 167, 3]
[497, 228, 3]
[497, 161, 2]
[497, 276, 70, 9, 9]
[497, 158, 2]
[497, 161, 3, 3]
[497, 218, 9, 4]
[497, 249, 26, 12]
[497, 248, 49, 7]
[497, 251, 78, 3, 3]
[497, 198, 5, 2]
[497, 178, 3]
[497, 261, 48, 7, 7]
[497, 138, 4, 2]
[497, 258, 21, 11]
[497, 185, 5]
[497, 190, 5]
[497, 191, 5]
[497, 199, 3]
[497, 164, 7]
[497, 237, 4]
[497, 218, 13, 11]
[497, 191, 5]
[497, 223, 4]
[497, 207, 7]
[497, 169, 7]
[497, 177, 4]
[497, 254, 87, 2]
[497, 255, 7]
[497, 224, 6, 5]
[497, 168, 4, 2]
[497, 256, 35, 6]
[497, 226, 7, 6]
[497, 147, 3]
[497, 276, 64, 14, 6, 5]
[497, 348, 170, 4]
[497, 174, 5]
[497, 249, 41, 4, 4]
[497, 195, 4]
[497, 179, 3]
[497, 168, 5]
[497, 203, 6]
[497, 191, 5]
[497, 174, 3]
[496, 158, 3, 2]
[497, 334, 88, 13, 13]
[497, 177, 7, 4]
[497, 180, 2]
[497, 211, 11, 6]
[497, 269, 21, 13]
[497, 269, 43, 4, 4]
[497, 306, 123, 13]
[497, 181, 7]
[497, 300, 108, 9]
[497, 182, 11, 9]
[497, 234, 53, 13]
[497, 170, 4]
[497, 199, 5]
[497, 273, 24, 9]
[497, 102, 3, 2]
[497, 255, 25, 5]
[497, 229, 5]
[497, 167, 3, 2]
[497, 212, 13]
[497, 116, 4]
[497, 202, 18, 4]
[497, 193, 4]
[497, 272, 91, 2]
[497, 297, 124, 3]
[497, 218, 21, 12]
[497, 113, 5, 2]
[497, 171, 4]
[497, 220, 6]
[497, 186, 34, 13, 10]
[497, 230, 15, 14, 12]
[497, 167, 3, 2]
[497, 247, 7]
[497, 248, 10]
[497, 299, 111, 2]
[497, 172, 9]
[497, 243, 6]
[497, 156, 2]
[497, 129, 4, 2]
[496, 141, 2]
[497, 291, 108, 2]
[497, 185, 5, 5]
[497, 245, 49, 10, 10]
[497, 300, 64, 3, 2]
[497, 173, 2]
[497, 156, 5, 5]
[497, 152, 3]
[497, 158, 3]
[497, 227, 9, 9]
[497, 179, 6, 6]
[497, 224, 2]
[497, 220, 37, 8, 5]
[497, 273, 61, 8]
[497, 213, 27, 7]
[497, 232, 9, 7]
[497, 280, 86, 5]
[497, 239, 11]
[497, 160, 5, 3]
[497, 171, 4]
[497, 229, 32, 7]
[497, 166, 4]
[497, 259, 35, 7, 6]
[497, 163, 5]
[497, 201, 2]
[497, 148, 2]
[497, 196, 2]
[497, 189, 4]
[497, 306, 76, 17]
[497, 189, 2]
[497, 202, 6, 5]
[496, 211, 4]
[497, 295, 96, 17, 17]
[497, 252, 52, 6]
[497, 221, 19, 9]
[497, 260, 49, 10, 10]
[497, 188, 7, 7]
[497, 279, 60, 16, 16]
[497, 164, 7]
[497, 191, 3]
[497, 146, 2]
[497, 156, 2]
[497, 173, 3]
[497, 165, 6]
[497, 208, 2]
[497, 231, 2]
[497, 217, 17, 14, 12]
[497, 228, 14, 4]
[497, 155, 1]
[497, 206, 8]
[497, 149, 2]
[496, 210, 5]
[497, 299, 79, 6, 4]
[497, 178, 2]
[497, 207, 8, 6]
[497, 159, 6]
[497, 277, 72, 4, 3]
[497, 128, 3, 2]
[497, 159, 4]
[497, 220, 6]
[497, 146, 5, 2]
[497, 156, 2]
[497, 173, 7, 4]
[497, 200, 3]
[497, 203, 2]
[497, 248, 32, 7]
[496, 207, 33, 11]
[497, 237, 9, 6]
[497, 215, 4, 3]
[497, 129, 4]
[497, 287, 66, 13, 5]
[497, 209, 10, 5]
[497, 252, 49, 4]
[497, 246, 36, 5, 5]
[497, 188, 7, 7]
[497, 190, 5]
[497, 231, 6]
[497, 233, 19, 9]
[497, 297, 135, 3]
[497, 319, 92, 5]
[497, 113, 5, 2]
[497, 237, 14, 12]
[497, 183, 2]
[497, 178, 4]
[497, 206, 30, 7]
[497, 191, 8]
[497, 186, 7, 5]
[497, 170, 8]
[497, 188, 5, 5]
[497, 155, 3]
[497, 203, 5, 3]
[497, 227, 10, 6]
[497, 189, 3, 2]
[497, 175, 3, 2]
[497, 224, 59, 5, 5]
[497, 219, 3]
[497, 217, 4]
[497, 133, 4, 3]
[497, 166, 4]
[497, 188, 3]
[497, 191, 7, 7]
[497, 155, 2]
[497, 187, 10]
[497, 175, 3]
[497, 178, 2]
[497, 159, 4]
[497, 209, 11, 9]
[497, 228, 9, 5]
[497, 165, 4]
[497, 180, 5]
[497, 153, 1]
[497, 279, 45, 5, 3]
[497, 176, 5]
[496, 265, 11, 9]
[497, 152, 2]
[497, 173, 6]
[497, 185, 6]
[497, 297, 30, 12]
[497, 226, 9, 6]
[497, 196, 3]
[497, 175, 3]
[497, 232, 9, 5]
[497, 280, 45, 5, 3]
[497, 300, 125, 2]
[497, 119, 5]
[497, 144, 3, 2]
[497, 156, 3]
[497, 271, 59, 10]
[497, 223, 7]
[497, 297, 108, 3]
[497, 201, 4]
[497, 148, 6]
[497, 189, 3]
[497, 188, 3]
[497, 193, 8, 6]
[497, 166, 5]
[497, 269, 90, 3]
[497, 193, 5]
[497, 252, 20, 13]
[497, 240, 22, 12]
[497, 180, 2]
[497, 279, 19, 5]
[497, 188, 4]
[497, 323, 133, 13, 7]
[497, 213, 3]
[497, 177, 2]
[497, 155, 3, 2]
[497, 227, 12, 10]
[497, 154, 4]
[497, 182, 3]
[497, 143, 2]
[497, 171, 2]
[497, 146, 2]
[497, 170, 9]
[497, 280, 102, 14, 7]
[497, 218, 21, 8]
[497, 194, 3]
[497, 176, 4, 4]
[497, 191, 5, 5]
[497, 184, 6, 6]
[497, 264, 81, 4]
[497, 122, 6, 6]
[497, 135, 2]
[497, 147, 6]
[497, 208, 3]
[497, 174, 6]
[497, 240, 45, 7, 4]
[497, 184, 5]
[497, 171, 6]
[497, 161, 18, 15]
[497, 200, 7]
[497, 285, 67, 8, 8]
[497, 238, 42, 14]
[497, 195, 5]
[497, 230, 3]
[497, 175, 8, 8]
[497, 191, 2]
[497, 293, 119, 4]
[497, 249, 32, 6]
[497, 185, 3, 3]
[497, 249, 16, 7]
[497, 275, 41, 12, 12]
[497, 194, 5]
[497, 140, 4, 4]
[497, 233, 37, 14, 9]
[497, 248, 4, 4]
[497, 170, 5]
[497, 121, 6, 3]
[497, 174, 3]
[497, 235, 4]
[497, 145, 2]
[496, 156, 4]
[497, 147, 2]
[497, 198, 4]
[497, 156, 2]
[497, 205, 6]
[497, 209, 3]
[497, 222, 8, 8]
[497, 244, 13]
[497, 196, 6]
[497, 336, 168, 8]
[497, 204, 3]
[497, 157, 2]
[497, 222, 10, 8]
[497, 157, 2]
[497, 236, 10]
[497, 230, 9, 6]
[497, 210, 5]
[497, 245, 56, 8, 8]
[497, 196, 2]
[497, 224, 21, 12]
[497, 256, 56, 5, 5]
[497, 217, 6]
[497, 153, 3, 3]
[497, 206, 3]
[497, 244, 22, 17]
[497, 126, 6, 2]
[497, 168, 2]
[497, 204, 4, 4]
[497, 248, 13, 8]
[497, 231, 4]
[497, 161, 3]
[497, 236, 28, 12]
[497, 203, 7, 4]
[497, 248, 58, 13, 13]
[497, 279, 30, 14]
[497, 162, 2]
[497, 266, 74, 7, 7]
[497, 228, 21, 14]
[497, 135, 3, 3]
[497, 192, 3, 3]
[497, 178, 7]
[497, 205, 5]
[497, 150, 2]
[497, 199, 12, 12]
[497, 222, 34, 6, 6]
[497, 254, 5]
[497, 283, 40, 7, 7]
[497, 232, 15, 11]
[497, 261, 75, 3]
[497, 177, 3]
[497, 227, 49, 4]
[497, 229, 26, 18]
[497, 281, 78, 3]
[497, 271, 22, 9]
[496, 164, 3]
[497, 205, 8, 4]
[497, 250, 10, 4]
[496, 251, 47, 4, 4]
[497, 211, 6]
[497, 205, 48, 5, 5]
[497, 123, 4, 2]
[497, 232, 8, 4]
[497, 279, 48, 18, 14]
[497, 162, 3, 2]
[497, 175, 2]
[497, 188, 3]
[497, 264, 18, 13]
[497, 172, 3, 3]
[497, 172, 4, 2]
[497, 211, 18, 5]
[497, 260, 53, 8, 8]
[497, 204, 5]
[497, 140, 6, 6]
[497, 170, 6]
[497, 192, 2]
[497, 228, 5]
[497, 164, 5]
[497, 209, 3]
[497, 116, 2]
[497, 145, 2]
[497, 328, 115, 4, 4]
[497, 247, 22, 10]
[497, 242, 13, 10]
[497, 167, 2]
[497, 242, 22, 12]
[497, 181, 3, 3]
[497, 169, 2]
[497, 323, 81, 5, 5]
[497, 297, 50, 4, 4]
[497, 209, 8]
[497, 158, 4]
[497, 242, 10, 8]
[497, 295, 80, 9, 9]
[497, 248, 6, 3]
[497, 284, 82, 13, 13]
[497, 202, 3]
[497, 189, 11, 9]
[497, 153, 3, 3]
[497, 168, 2]
[497, 134, 5]
[497, 180, 4]
[497, 217, 5]
[497, 197, 3]
[497, 172, 3]
[497, 159, 2]
[497, 296, 114, 4]
[497, 211, 5]
[497, 269, 53, 7, 6]
[497, 247, 38, 7]
[497, 237, 31, 15]
[497, 229, 5]
[497, 271, 56, 5, 3]
[497, 194, 11, 8]
[497, 104, 4, 2]
[497, 275, 51, 6, 3]
[497, 171, 2]
[497, 150, 4]
[497, 198, 5]
[497, 300, 65, 5, 2]
[497, 163, 2]
[497, 195, 4]
[497, 231, 24, 17]
[497, 267, 4]
[497, 175, 9, 6]
[497, 211, 2]
[497, 225, 6]
[497, 177, 3]
[497, 249, 32, 16]
[497, 197, 2]
[497, 251, 25, 11]
[497, 270, 55, 4, 4]
[497, 226, 14, 13]
[497, 235, 45, 10, 10]
[497, 282, 91, 5]
[497, 134, 4, 2]
[497, 276, 105, 14, 8]
[497, 194, 5]
[497, 193, 3]
[497, 181, 4]
[497, 228, 22, 8]
[497, 156, 3]
[497, 161, 2]
[497, 281, 60, 6, 6]
[497, 166, 2]
[497, 188, 4]
[497, 199, 3]
[497, 253, 19, 9]
[497, 253, 36, 19]
[497, 190, 3]
[497, 140, 3, 3]
[497, 170, 3]
[497, 175, 7, 7]
[497, 149, 3]
[497, 271, 73, 9]
[497, 241, 10, 10]
[497, 177, 5]
[497, 215, 22, 9]
[497, 320, 144, 6]
[497, 191, 25, 5]
[497, 232, 12, 6]
[497, 195, 4]
[497, 190, 3]
[497, 259, 20, 12]
[497, 117, 2]
[497, 179, 3, 3]
[497, 211, 10, 8]
[497, 226, 11]
[497, 228, 7]
[497, 220, 31, 5]
[497, 241, 30, 8]
[497, 180, 2]
[496, 216, 56, 9]
[497, 207, 9, 6]
[497, 170, 3]
[497, 214, 34, 10]
[496, 238, 28, 11]
[497, 173, 2]
[497, 255, 20, 7]
[497, 215, 7, 4]
[497, 170, 3]
[497, 99, 5, 3]
[497, 186, 2]
[496, 198, 25, 16]
[497, 214, 6, 4]
[497, 237, 13, 7]
[497, 315, 97, 3]
[497, 166, 4]
[497, 195, 3]
[497, 154, 4, 1]
[497, 132, 3, 2]
[497, 152, 2]
[497, 231, 4]
[497, 203, 4]
[497, 244, 12]
[497, 193, 15, 9]
[497, 198, 23, 8]
[497, 202, 4]
[497, 248, 33, 4]
[497, 159, 3]
[497, 182, 8, 4]
[497, 253, 21, 5]
[497, 277, 63, 4]
[497, 177, 6]
[497, 159, 3]
[497, 180, 6, 6]
[497, 226, 12, 5]
[497, 200, 3]
[497, 246, 24, 9]
[497, 155, 3]
[497, 185, 2]
[497, 242, 14, 5]
[497, 171, 2]
[497, 194, 4]
[497, 141, 3, 3]
[497, 315, 150, 16, 12]
[497, 184, 2]
[497, 238, 11, 11]
[497, 190, 4]
[497, 300, 87, 5]
[497, 157, 6]
[497, 221, 21, 15, 11]
[497, 201, 5, 5]
[497, 286, 73, 2]
[497, 210, 9, 5]
[497, 197, 4, 4]
[497, 261, 39, 10, 10]
[497, 181, 3]
[497, 143, 5, 5]
[497, 217, 7]
[497, 181, 10, 8]
[497, 238, 8]
[497, 232, 5]
[497, 192, 6]
[497, 197, 8, 5]
[497, 188, 4, 4]
[497, 274, 36, 12]
[497, 343, 138, 7]
[497, 241, 7, 7]
[497, 205, 6]
[497, 206, 7, 6]
[497, 199, 5]
[497, 292, 91, 16, 11]
[497, 259, 47, 5]
[497, 168, 5]
[497, 235, 13, 9, 9]
[497, 211, 15, 13]
[497, 193, 3, 3]
[497, 156, 3, 3]
[497, 194, 25, 14]
[497, 148, 2]
[497, 202, 5]
[497, 213, 24, 4]
[497, 174, 6]
[497, 201, 11]
[497, 165, 4]
[497, 204, 11, 4]
[497, 266, 62, 7]
[497, 232, 11]
[497, 266, 71, 5]
[497, 177, 2]
[497, 223, 8]
[497, 170, 2]
[497, 150, 2]
[497, 311, 61, 20, 20]
[497, 199, 3]
[496, 225, 30, 14]
[497, 184, 5]
[497, 135, 4]
[497, 246, 6]
[497, 202, 2]
[497, 146, 2]
[497, 88, 4, 4]
[497, 218, 7, 7]
[497, 215, 18, 7]
[497, 168, 4]
[497, 163, 7, 7]
[497, 164, 13]
[496, 183, 2]
[496, 176, 2]
[497, 223, 30, 13]
[497, 148, 8]
[497, 166, 3]
[497, 233, 10, 6]
[497, 312, 114, 4]
[497, 228, 5]
[497, 267, 23, 8]
[497, 186, 3]
[497, 291, 139, 2]
[497, 218, 11, 7]
[497, 299, 93, 7]
[497, 220, 9]
[497, 162, 2]
[497, 171, 4, 4]
[497, 209, 21, 6]
[497, 289, 83, 5, 3]
[497, 186, 4]
[497, 216, 9]
[497, 172, 10]
[497, 148, 3, 3]
[496, 194, 3]
[497, 277, 68, 6, 6]
[497, 177, 3]
[497, 254, 22, 8]
[497, 239, 60, 5, 2]
[497, 241, 39, 13]
[497, 158, 3, 2]
[497, 242, 37, 11, 7]
[497, 223, 6]
[497, 295, 112, 5]
[497, 279, 11, 11]
[497, 164, 4]
[497, 94, 6, 2]
[497, 155, 3]
[497, 183, 2]
[497, 229, 18, 10]
[497, 197, 3]
[497, 185, 14, 6]
[496, 207, 7, 5]
[497, 270, 41, 29, 20]
[497, 164, 3]
[497, 174, 4]
[497, 146, 3, 3]
[497, 159, 3, 3]
[497, 280, 58, 4]
[497, 211, 8, 8]
[497, 189, 4]
[497, 200, 4]
[497, 170, 4]
[497, 239, 12, 12]
[497, 292, 103, 18, 8]
[497, 136, 3]
[497, 153, 3, 3]
[497, 178, 2]
[496, 188, 13, 6]
[497, 146, 3, 2]
[497, 243, 5]
[497, 212, 5]
[497, 158, 3, 2]
[497, 190, 4]
[497, 168, 5]
[497, 146, 3]
[497, 177, 11, 11]
[497, 211, 45, 8, 8]
[497, 276, 36, 4]
[497, 168, 3, 2]
[497, 204, 3, 3]
[496, 154, 2]
[497, 222, 7]
[497, 177, 2]
[497, 240, 21, 9]
[497, 208, 3]
[497, 258, 85, 6, 6]
[497, 196, 2]
[497, 256, 50, 6, 6]
[497, 198, 10]
[497, 339, 174, 35, 18]
[497, 222, 4]
[497, 212, 22, 15]
[497, 208, 4, 3]
[497, 153, 2]
[497, 234, 46, 5, 5]
[497, 171, 4]
[497, 155, 2]
[497, 165, 11, 5]
[497, 141, 4, 2]
[497, 201, 7]
[497, 140, 2]
[497, 294, 106, 2]
[497, 185, 3]
[497, 322, 133, 9, 5]
[497, 134, 2]
[497, 199, 4]
[497, 150, 2]
[497, 242, 38, 10, 10]
[497, 175, 3]
[497, 220, 4]
[497, 218, 10, 5]
[497, 169, 6, 6]
[497, 137, 4, 2]
[497, 212, 12]
[497, 259, 62, 4]
[497, 165, 3]
[497, 127, 5, 5]
[497, 178, 3]
[497, 271, 84, 6, 6]
[497, 241, 15, 10]
[497, 238, 11]
[497, 150, 6, 6]
[497, 276, 57, 6]
[497, 192, 2]
[497, 231, 24, 11]
[496, 142, 4, 2]
[497, 207, 11, 5]
[497, 172, 7, 7]
[497, 180, 2]
[497, 145, 3, 2]
[497, 140, 5]
[497, 162, 2]
[497, 224, 19]
[497, 191, 2]
[497, 172, 7, 3]
[496, 156, 3]
[497, 241, 8, 8]
[497, 175, 3, 3]
[497, 179, 6]
[497, 209, 10, 5]
[497, 168, 3, 2]
[497, 148, 3]
[497, 204, 4]
[497, 174, 4]
[497, 245, 27, 13]
[497, 168, 4]
[497, 202, 4, 4]
[497, 336, 182, 46, 19]
[497, 175, 3]
[497, 246, 46, 9, 9]
[497, 231, 47, 8, 8]
[497, 190, 8]
[497, 202, 8]
[497, 278, 84, 5, 5]
[496, 200, 5]
[497, 214, 32, 4, 4]
[497, 165, 8]
[497, 147, 4]
[497, 170, 2]
[497, 187, 3]
[497, 191, 9]
[497, 186, 7]
[497, 179, 3, 3]
[497, 193, 8]
[497, 225, 25, 14]
[497, 110, 4, 3]
[497, 132, 4, 4]
[497, 195, 4]
[497, 274, 56, 5, 5]
[497, 131, 3, 3]
[497, 228, 6, 6]
[497, 147, 4]
[497, 214, 10, 5]
[497, 187, 2]
[497, 296, 79, 24, 23]
[497, 214, 12, 5]
[497, 226, 26, 6]
[497, 308, 134, 2]
[497, 253, 75, 12, 12]
[497, 172, 8, 4]
[497, 118, 2]
[497, 234, 22, 7]
[497, 150, 2]
[497, 212, 52, 21, 21]
[497, 230, 6]
[497, 241, 19, 10]
[497, 190, 3]
[497, 85, 5, 2]
[497, 161, 15, 12, 9]
[497, 163, 3, 2]
[497, 150, 2]
[497, 219, 6]
[497, 188, 37, 9]
[497, 170, 2]
[497, 250, 28, 11]
[497, 186, 5, 2]
[497, 141, 2]
[497, 247, 11]
[497, 254, 3]
[497, 125, 2]
[497, 218, 5]
[497, 156, 2]
[497, 293, 95, 4]
