[907, 743, 397, 3]
[903, 698, 320, 3, 2]
[905, 703, 333, 4]
[906, 776, 537, 86, 8, 8]
[902, 755, 455, 5]
[903, 765, 498, 16, 10]
[905, 679, 226, 6, 3]
[905, 752, 459, 6]
[907, 783, 501, 10]
[906, 816, 758, 750, 746]
[908, 794, 590, 258, 3, 3]
[903, 711, 367, 6, 6]
[905, 765, 485, 15, 13]
[906, 760, 494, 9]
[903, 716, 356, 4, 4]
[906, 770, 513, 18]
[902, 705, 333, 4]
[905, 745, 454, 7]
[902, 709, 360, 4]
[905, 692, 336, 2]
[909, 794, 558, 110, 11, 4]
[904, 709, 372, 3]
[901, 801, 662, 427, 14]
[904, 730, 401, 7]
[908, 705, 336, 2]
[910, 784, 539, 87, 14, 3]
[906, 750, 461, 3]
[908, 790, 528, 38, 11]
[904, 790, 569, 153, 8, 2]
[906, 739, 376, 4]
[908, 896]
[905, 797, 557, 135, 15, 3, 2]
[905, 792, 552, 57, 9]
[904, 660, 225, 5, 3]
[904, 821, 765, 746, 742]
[907, 779, 505, 18, 17, 8]
[903, 729, 351, 3]
[908, 885, 882]
[909, 749, 441, 14]
[904, 801, 599, 228, 4, 4]
[902, 764, 533, 43, 11, 11]
[903, 675, 162, 8, 3]
[906, 716, 366, 4, 3]
[908, 756, 503, 40, 13]
[904, 738, 441, 4]
[907, 733, 403, 3]
[909, 767, 492, 33, 9]
[907, 828, 796, 792]
[907, 839, 830, 829]
[905, 715, 355, 3]
[902, 762, 501, 14, 9]
[903, 628, 45, 12]
[908, 756, 438, 3]
[904, 710, 345, 3]
[907, 766, 523, 68, 13, 4, 2]
[908, 756, 463, 9]
[904, 836, 823, 815]
[911, 813, 659, 350, 5]
[904, 729, 387, 3]
[901, 694, 316, 2]
[904, 714, 365, 4, 4]
[903, 750, 438, 5]
[905, 776, 524, 58, 9, 9]
[904, 792, 560, 147, 4, 3]
[904, 743, 424, 5]
[904, 761, 500, 17, 17]
[905, 811, 766, 764]
[903, 693, 315, 6, 3]
[907, 816, 762, 754]
[904, 831, 812, 808]
[904, 774, 510, 23, 14]
[904, 809, 722, 614, 391, 13]
[904, 807, 732, 710, 705]
[907, 731, 400, 4, 4]
[905, 782, 545, 110, 11, 3]
[902, 630, 62, 12, 4]
[904, 714, 369, 5]
[905, 763, 495, 5]
[904, 843, 836, 835]
[904, 725, 397, 3]
[906, 780, 551, 134, 3, 3]
[905, 707, 349, 3]
[904, 793, 598, 249, 4, 3]
[905, 778, 523, 38, 9, 9]
[907, 744, 471, 8]
[901, 684, 280, 2]
[909, 782, 533, 30, 8]
[905, 774, 538, 71, 7, 5]
[903, 705, 317, 3, 3]
[904, 735, 425, 6]
[906, 707, 322, 2]
[905, 674, 225, 5, 3]
[904, 819, 729, 685, 681]
[903, 756, 473, 4]
[903, 781, 552, 166, 5, 2]
[909, 851, 844]
[901, 772, 506, 14, 11]
[904, 785, 508, 21]
[906, 798, 593, 239, 3, 2]
[903, 834, 824, 822]
