[676, 448, 75]
[663, 405, 116, 116]
[673, 331, 148, 84, 75]
[707, 456, 69]
[686, 311, 37]
[671, 74, 74]
[665, 535, 322, 75]
[657, 344, 193, 91, 40]
[642, 502, 412, 277, 224, 97, 73]
[654, 468, 109]
[600, 298, 96, 52]
[651, 491, 266, 115, 33]
[679, 490, 40, 40]
[656, 300, 66]
[690, 352, 36, 36]
[675, 343, 59, 42]
[672, 523, 372, 213, 135]
[675, 380, 53]
[710, 531, 72, 72]
[652, 503, 302, 56]
[658, 442, 325, 93, 45]
[689, 410, 44, 44]
[684, 359, 48]
[633, 536, 423, 276, 257, 213]
[657, 500, 373, 187, 162, 88]
[608, 395, 41]
[677, 495, 179, 165, 133, 60]
[618, 288, 36]
[661, 447, 83]
[661, 312, 63]
[678, 414, 263, 112, 106, 106]
[704, 546, 190, 78, 78]
[686, 371, 21, 21]
[663, 450, 259, 119, 119]
[674, 524, 250, 68]
[699, 451, 267, 45]
[716, 409, 141, 102]
[703, 519, 34, 34]
[661, 286, 81, 65]
[655, 471, 148, 31]
[676, 472, 41, 41]
[672, 304, 65]
[660, 354, 121, 53]
[702, 499, 36, 36]
[654, 477, 237, 87]
[635, 465, 169, 88]
[666, 300, 157, 112]
[689, 415, 152, 76]
[670, 323, 33]
[696, 282, 18]
[657, 394, 187, 164, 76]
[665, 484, 200, 99, 98, 80]
[695, 444, 287, 56]
[670, 414, 46]
[646, 322, 37, 37]
[679, 415, 15]
[684, 440, 101, 84]
[665, 385, 206, 100]
[641, 518, 478, 475, 451]
[651, 487, 173, 54]
[676, 456, 26, 26]
[697, 469, 242, 108, 67]
[673, 472, 218, 106]
[686, 395, 121, 108]
[652, 434, 38]
[689, 596, 296, 179, 130, 109]
[616, 350, 85, 78]
[682, 477, 217, 97, 35]
[679, 463, 218, 116]
[673, 468, 274, 182, 76]
[712, 440, 53, 53]
[641, 480, 179, 62]
[685, 472, 61]
[644, 317, 117]
[630, 453, 55]
[667, 553, 74, 74]
[683, 527, 81, 81]
[670, 429, 41]
[657, 234, 115, 63]
[678, 371, 28]
[675, 435, 54]
[704, 486, 87]
[678, 160, 78]
[687, 571, 380, 60]
[658, 290, 167, 102]
[638, 160, 97]
[724, 353, 52]
[620, 398, 44]
[632, 329, 91, 91]
[668, 310, 79]
[682, 521, 63, 63]
[690, 410, 65, 37]
[635, 452, 173, 118, 76]
[642, 360, 189, 68]
[627, 272, 50]
[695, 474, 69]
[668, 427, 300, 27, 27]
[657, 464, 239, 148]
[642, 351, 154, 144, 38]
[673, 521, 71, 71]
