[904, 326, 2]
[903, 348, 1]
[906, 335, 1]
[905, 338, 3, 2]
[904, 352, 1]
[902, 357, 2]
[903, 323, 3, 2]
[906, 314, 3, 2]
[904, 345, 2]
[908, 356, 2]
[904, 381, 2]
[902, 356, 2]
[909, 351, 2]
[905, 357, 2]
[901, 316, 2]
[906, 310, 4, 2]
[903, 371, 3]
[906, 346, 2]
[904, 352, 2]
[903, 321, 2]
[907, 319, 2]
[903, 320, 2]
[905, 351, 2]
[908, 339, 2]
[905, 333, 6, 2]
[902, 330, 1]
[907, 382, 2]
[909, 349, 2]
[901, 383, 2]
[909, 318, 2]
[906, 306, 3, 2]
[903, 363, 2]
[905, 312, 3, 2]
[905, 303, 3, 2]
[905, 357, 2]
[903, 316, 3, 2]
[904, 316, 1]
[906, 300, 2]
[904, 348, 2]
[905, 357, 2]
[901, 322, 2]
[906, 319, 3, 2]
[903, 308, 4, 2]
[904, 302, 3, 2]
[906, 309, 2]
[903, 310, 3, 2]
[904, 376, 1]
[902, 342, 3, 2]
[903, 348, 2]
[904, 331, 3, 2]
[905, 378, 2]
[902, 350, 2]
[903, 337, 3, 2]
[904, 308, 2]
[905, 350, 2]
[906, 336, 3, 2]
[905, 317, 3, 2]
[905, 331, 2]
[904, 264, 3, 2]
[903, 314, 2]
[905, 302, 8, 2]
[907, 338, 2]
[904, 298, 3, 2]
[905, 325, 2]
[904, 352, 3]
[907, 336, 2]
[903, 332, 3, 2]
[906, 321, 2]
[903, 345, 2]
[904, 336, 2]
[903, 332, 3, 2]
[902, 337, 2]
[903, 347, 3, 2]
[907, 298, 2]
[904, 320, 2]
[907, 314, 3, 2]
[909, 300, 3, 2]
[904, 319, 2]
[910, 339, 2]
[906, 360, 2]
[905, 359, 2]
[910, 377, 3, 2]
[906, 314, 3, 2]
[907, 318, 3, 2]
[902, 363, 1]
[907, 336, 2]
[907, 351, 2]
[902, 323, 3, 2]
[903, 334, 2]
[906, 334, 2]
[906, 326, 3, 1]
[907, 335, 2]
[904, 344, 3, 2]
[906, 354, 2]
[904, 363, 2]
[906, 356, 2]
[908, 352, 2]
[901, 359, 3, 2]
[903, 315, 3, 2]
[908, 382, 2]
