[901, 846]
[906, 883]
[908, 901]
[906, 899]
[910, 907]
[906, 905]
[905, 882]
[904, 887]
[907, 903]
[905, 897]
[904, 862]
[905, 888]
[902, 854]
[901, 824, 821]
[905, 898]
[906, 897]
[904, 898]
[903, 879]
[905, 872]
[902, 859]
[907, 896]
[905, 890]
[906, 888]
[905, 901]
[903, 863]
[904, 883]
[902, 891]
[905, 862]
[905, 893]
[905, 878]
[908, 903]
[905, 893]
[905, 873]
[905, 874]
[904, 861]
[909, 900]
[905, 886]
[905, 892]
[909, 899]
[905, 898]
[904, 849]
[905, 881]
[904, 891]
[903, 856, 854]
[907, 902]
[903, 882]
[905, 898]
[906, 896]
[906, 901]
[902, 871]
[906, 891]
[902, 838]
[903, 877]
[901, 874]
[904, 854]
[905, 899]
[907, 889]
[905, 888]
[906, 890]
[902, 871]
[903, 889]
[904, 879]
[908, 902]
[902, 873]
[902, 829, 827]
[905, 880]
[904, 874]
[904, 888]
[902, 859]
[904, 850]
[901, 864]
[909, 903]
[904, 851]
[905, 893]
[906, 881]
[903, 844]
[904, 885]
[905, 889]
[908, 900]
[904, 886]
[907, 884]
[905, 884]
[906, 894, 892]
[904, 889]
[905, 881]
[903, 870]
[901, 855]
[903, 892]
[903, 874]
[904, 856]
[903, 879]
[901, 832, 831]
[906, 898]
[907, 899]
[907, 897]
[901, 834]
[906, 874]
[908, 902]
[905, 895]
[903, 891]
