[904, 896, 895, 893]
[904, 847, 837]
[907, 899]
[906, 878]
[904, 858, 854]
[906, 897]
[903, 886]
[903, 887, 886, 884]
[903, 867, 863]
[911, 904, 903]
[903, 880, 876]
[903, 892]
[906, 891]
[905, 860, 858]
[903, 868, 867]
[906, 893]
[907, 885, 879]
[903, 900]
[905, 877]
[910, 904]
[904, 889]
[908, 884]
[906, 894, 892]
[904, 838, 834, 832]
[906, 875, 873]
[905, 883, 879]
[909, 895, 893]
[902, 855]
[904, 893]
[904, 898]
[903, 883]
[905, 882, 879]
[903, 878]
[904, 898, 897]
[904, 895]
[903, 828, 820, 814]
[902, 857, 856]
[906, 835, 833]
[903, 890, 884]
[906, 882, 878]
[909, 868, 865]
[904, 898]
[901, 864, 856]
[909, 897]
[903, 872]
[906, 875, 874]
[906, 884]
[906, 869]
[903, 869, 867]
[901, 879]
[905, 883]
[906, 895]
[906, 886]
[905, 899]
[906, 893]
[904, 891, 889]
[902, 884]
[907, 894]
[904, 884]
[906, 879, 878]
[906, 891]
[905, 899, 898]
[907, 894, 893, 891]
[908, 894]
[907, 898]
[907, 886]
[907, 875, 871]
[903, 881, 878]
[905, 891, 888]
[909, 905]
[905, 887]
[901, 826, 820, 818]
[900, 858, 854]
[903, 892]
[902, 810, 798, 793]
[903, 886, 881]
[905, 856, 847]
[905, 887, 885, 883]
[902, 852, 850]
[904, 893, 891]
[904, 886]
[906, 891, 889]
[903, 852, 850]
[906, 882]
[903, 876]
[904, 882, 881, 879]
[908, 876]
[901, 882, 880]
[904, 891]
[906, 889]
[905, 891, 889]
[904, 812, 792, 790]
[906, 894]
[905, 891]
[905, 885, 882, 880]
[902, 880, 876, 874]
[903, 885, 883, 880]
[904, 877, 874]
[903, 879, 875]
[902, 868, 865]
