[880, 602, 23, 23]
[871, 595, 44, 34, 21]
[885, 552, 13, 13]
[885, 668, 218, 20, 20]
[888, 602, 36, 19]
[887, 495, 7, 7]
[867, 629, 30, 30]
[877, 535, 11, 11]
[885, 565, 23, 23]
[869, 597, 53, 51, 40]
[877, 615, 9]
[877, 657, 184, 12, 12]
[882, 584, 35, 35]
[878, 569, 13]
[870, 664, 288, 9, 5]
[872, 661, 148, 27, 27]
[885, 601, 27, 14]
[861, 432, 9, 8]
[875, 716, 438, 13, 13]
[874, 535, 16, 16]
[869, 568, 16, 16]
[872, 578, 39, 25]
[882, 726, 404, 9, 9]
[876, 524, 7, 7]
[881, 631, 158, 18]
[886, 672, 355, 9, 9]
[874, 604, 22, 22]
[875, 504, 7, 6]
[870, 606, 28, 24]
[882, 643, 31, 31]
[874, 693, 302, 20, 20]
[878, 622, 52, 34]
[887, 634, 45, 19]
[881, 507, 10, 10]
[887, 620, 28]
[883, 539, 6]
[879, 647, 24, 24]
[885, 737, 492, 106, 27]
[869, 722, 377, 12, 12]
[883, 587, 59, 19]
[875, 523, 21, 21]
[881, 561, 9, 9]
[882, 591, 25, 16]
[877, 536, 7, 7]
[874, 571, 21, 21]
[883, 443, 7, 7]
[883, 714, 324, 25, 16]
[869, 663, 149, 35]
[880, 694, 362, 29, 29]
[878, 625, 27, 27]
[884, 437, 11, 11]
[871, 593, 15, 15]
[876, 597, 30, 30]
[886, 632, 44, 37]
[883, 572, 38, 38]
[870, 558, 60, 14]
[885, 504, 27, 27]
[877, 497, 9, 9]
[869, 618, 105, 16]
[884, 588, 83, 19]
[875, 619, 79, 24]
[885, 658, 254, 13, 13]
[876, 542, 8, 8]
[881, 668, 153, 18, 18]
[886, 574, 17, 17]
[875, 636, 178, 10, 10]
[885, 567, 16, 16]
[883, 630, 60, 23]
[877, 691, 204, 9, 8]
[880, 611, 33, 33]
[886, 532, 13, 10]
[874, 575, 10, 10]
[871, 605, 18, 18]
[869, 617, 133, 22]
[881, 546, 11, 11]
[879, 534, 12, 12]
[886, 648, 36, 20]
[866, 636, 208, 10, 9]
[869, 566, 32, 24]
[888, 597, 14, 14]
[881, 633, 133, 27]
[879, 679, 178, 14, 11]
[867, 570, 59, 23]
[862, 572, 44, 23]
[881, 497, 10, 10]
[873, 670, 41, 40]
[878, 710, 337, 14, 8]
[871, 594, 58, 33]
[885, 633, 105, 20]
[875, 648, 168, 14]
[893, 688, 232, 7, 6]
[894, 652, 173, 15, 15]
[884, 668, 97, 30, 30]
[879, 474, 8, 8]
[876, 559, 14]
[876, 540, 11, 11]
[879, 569, 25, 25]
[879, 529, 22, 22]
[882, 609, 37, 28, 14]
[866, 607, 37, 22]
