[456, 445]
[453, 376, 250, 5]
[452, 331, 99, 8, 2]
[455, 416, 376, 352]
[450, 340, 134, 2]
[454, 394, 296, 74, 4, 3]
[451, 357, 181, 2]
[451, 405, 376, 367]
[453, 348, 167, 2]
[451, 405, 352, 241, 37, 8, 2]
[452, 403, 360, 305, 218, 49, 8, 4]
[450, 325, 77, 8, 2]
[451, 329, 60, 8, 5]
[452, 422, 417]
[453, 345, 140, 3, 2]
[453, 426]
[452, 435, 433]
[452, 334, 116, 3, 2]
[453, 349, 141, 2]
[454, 381, 230, 4]
[453, 394, 259, 14, 8]
[452, 319, 56, 6, 6]
[450, 325, 74, 4, 2]
[452, 333, 111, 3, 2]
[453, 342, 138, 2]
[454, 405, 306, 110, 5, 2]
[452, 385, 273, 39, 8]
[451, 352, 167, 3]
[451, 399, 317, 171, 6]
[451, 402, 315, 120, 2]
[452, 394, 271, 48, 8, 4]
[452, 415, 408]
[454, 407, 367, 334, 318]
[450, 377, 236, 6]
[451, 398, 308, 112, 2]
[453, 357, 170, 2]
[453, 331, 78, 8, 2]
[454, 391, 263, 30, 9]
[450, 371, 229, 5]
[452, 352, 145, 3, 2]
[450, 357, 177, 2]
[450, 319, 34, 9, 9]
[451, 331, 104, 2]
[451, 344, 122, 4, 2]
[452, 400, 273, 27, 10, 10]
[454, 350, 154, 4, 3]
[453, 413, 354, 234, 7, 7]
[453, 351, 155, 2]
[451, 357, 170, 2]
[452, 400, 299, 102, 3, 2]
[451, 350, 174, 3]
[452, 410, 388, 383]
[453, 349, 129, 6, 2]
[454, 409, 393, 390]
[452, 424, 417]
[452, 352, 149, 6, 2]
[451, 338, 110, 4, 3]
[451, 352, 164, 3, 3]
[455, 398, 286, 112, 4, 2]
[454, 400, 312, 125, 2]
[452, 372, 216, 4]
[453, 389, 255, 4, 4]
[452, 381, 225, 4]
[454, 412, 378, 342, 311, 297, 294]
[454, 426, 420, 418]
[452, 342, 132, 3, 2]
[452, 392, 284, 60, 9, 3, 2]
[452, 352, 158, 2]
[452, 401, 321, 164, 4]
[452, 362, 183, 2]
[452, 375, 245, 15, 6]
[454, 427, 422]
[451, 393, 260, 15, 11]
[452, 406, 353, 212, 8, 6]
[452, 399, 289, 113, 2]
[454, 382, 228, 4]
[453, 380, 274, 86, 4, 2]
[457, 402, 323, 169, 3]
[452, 381, 218, 2]
[450, 389, 272, 27, 7, 7]
[452, 354, 190, 4]
[450, 333, 142, 4, 2]
[451, 400, 297, 136, 2]
[454, 346, 151, 2]
[454, 382, 257, 10]
[454, 408, 361, 283, 148, 4, 4]
[451, 353, 145, 3]
[455, 398, 310, 137, 3, 3]
[450, 364, 196, 5]
[450, 362, 181, 2]
[451, 343, 130, 3, 2]
[451, 417, 412]
[451, 339, 117, 3, 2]
[450, 381, 222, 3]
[457, 398, 281, 19, 6]
[453, 355, 169, 3]
[454, 426, 425, 423]
[454, 392, 274, 46, 6, 3]
[452, 360, 162, 3]
[453, 353, 143, 3, 2]
