[906, 343, 142]
[904, 326, 158, 156]
[904, 352, 154]
[904, 332, 159, 156]
[908, 289, 180, 178]
[903, 346, 155, 151]
[905, 371, 179, 178]
[907, 301, 165, 163]
[906, 255, 219, 193, 189]
[907, 331, 191, 186]
[904, 267, 192, 191]
[904, 367, 150]
[906, 315, 154]
[903, 336, 169, 165]
[905, 316, 191, 186]
[903, 354, 149]
[906, 332, 159]
[904, 327, 185, 184]
[906, 301, 177, 175]
[905, 296, 192, 185]
[902, 313, 168, 167]
[904, 319, 163, 162]
[901, 330, 140, 139]
[902, 345, 140]
[906, 280, 227, 209, 205]
[903, 378, 148]
[903, 376, 161]
[906, 315, 162, 161]
[903, 351, 156, 155]
[908, 347, 154]
[907, 339, 140]
[904, 392, 127]
[905, 328, 150, 148]
[902, 292, 181, 179]
[902, 356, 191, 190]
[906, 371, 163]
[906, 385, 146]
[909, 339, 153, 152]
[908, 381, 145]
[904, 369, 154]
[908, 379, 129]
[904, 352, 169]
[903, 370, 177, 176]
[903, 382, 144]
[906, 322, 201, 192]
[910, 325, 163, 161]
[908, 286, 170, 167]
[905, 355, 155]
[905, 370, 175]
[905, 383, 149]
[905, 336, 143]
[904, 333, 153, 152]
[909, 285, 190, 186]
[907, 304, 188, 179]
[903, 355, 155]
[907, 368, 144]
[903, 353, 150, 149]
[903, 385, 117]
[907, 275, 186, 183]
[906, 324, 166]
[904, 380, 152, 151]
[903, 330, 178]
[901, 245, 225, 208, 206]
[905, 291, 210, 196, 194]
[905, 352, 182, 180]
[901, 263, 214, 201, 199]
[907, 284, 192, 190]
[906, 327, 183, 178]
[906, 326, 151, 150]
[907, 384, 163, 161]
[905, 342, 160]
[906, 375, 146, 145]
[908, 325, 165, 162]
[905, 394, 143]
[904, 345, 181, 176]
[902, 329, 162, 161]
[902, 382, 145]
[904, 336, 160]
[902, 355, 157]
[906, 305, 192]
[907, 368, 145]
[904, 288, 189, 187]
[906, 372, 152]
[908, 368, 146]
[907, 321, 177, 173]
[905, 342, 170]
[904, 246, 183, 175]
[903, 338, 164]
[905, 395, 123]
[906, 326, 160, 159]
[905, 305, 167]
[905, 345, 204, 201]
[903, 307, 185, 183]
[904, 309, 182, 179]
[908, 357, 149, 148]
[902, 368, 146]
[907, 264, 222, 209, 207]
[904, 366, 175, 174]
[902, 332, 157]
[906, 350, 174]
[903, 352, 178, 177]
[904, 387, 161]
[909, 348, 152, 151]
[909, 304, 179, 174]
[905, 360, 139]
[910, 274, 200, 191]
[905, 380, 157]
[905, 273, 188, 185]
[906, 335, 186, 183]
[903, 375, 153, 152]
[909, 341, 160]
[903, 384, 146]
[903, 386, 170, 169]
[909, 316, 188, 186]
[904, 377, 136]
[904, 342, 179, 178]
[902, 335, 165, 164]
[903, 300, 179, 176]
[904, 326, 150]
[904, 372, 135]
[905, 335, 153, 150]
[908, 290, 206, 192]
[904, 364, 163, 162]
[905, 367, 121]
[906, 294, 237, 217, 213]
[905, 342, 169, 168]
[906, 407, 123]
[903, 341, 159, 158]
[908, 248, 200, 191]
[908, 284, 177, 172]
[906, 361, 160, 159]
[904, 354, 173]
[904, 386, 157]
[900, 272, 180, 175]
[906, 341, 176]
[903, 314, 195, 191]
[905, 315, 148]
[903, 358, 140]
[906, 372, 142, 141]
[903, 328, 222, 219]
[906, 332, 181]
[907, 317, 200, 188]
[903, 322, 173, 172]
[906, 288, 181, 172]
[906, 288, 197, 190]
[908, 369, 158]
[904, 258, 223, 205]
[905, 320, 185, 183]
[907, 306, 174, 172]
[903, 360, 163, 159]
[912, 366, 153, 152]
[906, 381, 140]
[905, 352, 160, 159]
[905, 307, 185, 181]
[904, 351, 149]
[905, 363, 143]
[905, 315, 172, 164]
[903, 328, 145]
[903, 380, 156, 153]
[905, 371, 141]
[903, 368, 146]
[908, 303, 180, 179]
[906, 385, 156]
[907, 289, 168, 167]
[905, 373, 150]
[904, 313, 198, 193]
[906, 346, 155]
[903, 405, 157]
[906, 331, 183, 182]
[908, 275, 175, 171]
[902, 355, 175, 173]
[907, 401, 131, 130]
[904, 365, 153, 152]
[909, 342, 157]
[907, 382, 146]
[905, 368, 149]
[907, 394, 159, 158]
[905, 339, 140]
[906, 352, 153]
[901, 319, 164, 161]
[902, 339, 133]
[907, 364, 169]
[904, 361, 185]
[906, 369, 164, 155, 154]
[903, 370, 171]
[904, 348, 142, 141]
[904, 391, 157, 156]
[903, 316, 183, 178]
[906, 286, 190, 180]
[904, 332, 162, 160]
[906, 292, 177, 171]
[906, 343, 152, 151]
[905, 319, 144, 143]
[904, 347, 213, 206]
[902, 303, 181, 176]
[906, 373, 147]
[908, 320, 157, 156]
[905, 295, 188, 185]
[903, 382, 145]
[902, 380, 160]
[905, 269, 189, 176]
[903, 365, 146]
[904, 366, 154]
[902, 367, 138]
[907, 330, 184, 182]
[905, 342, 189, 186]
[904, 375, 175]
[903, 295, 181, 178]
[906, 354, 156, 154]
[903, 272, 176, 171]
[905, 330, 159, 157]
[902, 318, 224, 213, 212]
[904, 373, 134]
[904, 254, 188, 184]
[904, 300, 220, 210]
[907, 376, 130]
[903, 355, 156]
[908, 400, 138]
[906, 320, 201, 188]
[907, 253, 209, 187]
[908, 360, 127, 125]
[907, 347, 190, 186]
[902, 354, 175, 174]
[902, 376, 160]
[902, 349, 174, 173]
[906, 388, 142]
[902, 251, 185, 173]
[905, 347, 158, 156]
[906, 368, 170, 169]
[906, 341, 143]
[905, 379, 150, 148]
[911, 318, 167, 165]
[903, 319, 180, 178]
[906, 318, 159, 155]
[905, 318, 198, 195]
[904, 368, 147, 145]
[906, 369, 156, 155]
[900, 360, 158]
[903, 325, 145]
[906, 311, 171]
[904, 333, 147]
[905, 234, 192, 184]
[906, 373, 154]
[907, 344, 188]
[905, 379, 149]
[906, 394, 147]
[905, 369, 124]
[909, 296, 197, 186]
[907, 352, 147]
[901, 354, 161, 160]
[905, 349, 149]
[901, 391, 155]
[905, 262, 206, 201]
[905, 259, 179, 176]
[907, 336, 171, 167]
[906, 347, 155]
[906, 343, 138, 137]
[903, 353, 168]
[903, 351, 151]
[902, 393, 170, 169]
[904, 232, 203, 192, 188]
[906, 319, 184, 178]
[904, 289, 235, 221, 215]
[902, 282, 203, 196]
[904, 350, 190, 189]
[906, 347, 160]
[905, 280, 192, 184]
[904, 379, 140]
[905, 372, 156]
[906, 364, 147]
[905, 362, 181, 179]
[905, 387, 134]
[909, 288, 174, 173]
[903, 385, 142, 141]
[901, 303, 187, 185]
[905, 348, 151, 150]
[903, 358, 156]
[904, 325, 167]
[905, 298, 174, 170]
[903, 305, 170]
[907, 317, 170, 165]
[904, 306, 176, 175]
[902, 379, 167, 166]
[906, 319, 172, 168]
[906, 379, 159, 158]
[901, 303, 168, 162]
[902, 354, 154, 153]
[901, 329, 175, 173]
[906, 306, 191, 184]
[906, 336, 186, 185]
[903, 323, 162, 159]
[903, 320, 201, 200]
[905, 386, 166]
[908, 367, 151]
[910, 325, 197, 191]
[904, 298, 214, 205]
[903, 389, 166]
[901, 321, 155]
[903, 336, 184, 181]
[905, 333, 134, 132]
[910, 387, 144]
[904, 354, 170, 169]
[902, 338, 154]
[906, 388, 176, 152, 151]
[904, 358, 157]
[902, 385, 150]
[908, 365, 123]
[906, 378, 149]
[907, 343, 132, 130]
[901, 370, 163, 162]
[900, 375, 163]
[905, 400, 131]
[912, 358, 157]
[906, 350, 141, 140]
[907, 359, 163]
[906, 233, 205, 192, 186]
[910, 331, 193, 188]
[907, 312, 165]
[906, 384, 162]
[906, 365, 172]
[904, 344, 136, 134]
[902, 336, 165, 164]
[904, 373, 173]
[903, 323, 178, 173]
[904, 339, 162]
[907, 392, 153, 150]
[903, 370, 139]
[903, 359, 130, 129]
[904, 361, 156]
[908, 344, 189]
[903, 364, 170, 169]
[905, 292, 217, 206]
[909, 331, 188, 185]
[908, 277, 227, 206, 203]
[907, 360, 155, 153]
[904, 356, 173, 171]
[906, 275, 239, 212, 205]
[903, 283, 198, 188]
[904, 263, 189, 186]
[903, 368, 144]
[902, 257, 237, 220, 200]
[904, 310, 184, 179]
[902, 373, 154]
[902, 281, 166, 163]
[906, 392, 137]
[903, 349, 144, 143]
[906, 326, 147]
[903, 373, 162]
[905, 366, 134]
[902, 336, 155, 151]
[906, 346, 170, 169]
[908, 319, 177, 169]
[903, 317, 197, 192]
[908, 349, 148, 146]
[903, 401, 161]
[905, 369, 138]
[902, 363, 165, 163]
[902, 358, 152]
[905, 299, 170, 169]
[904, 363, 163]
[907, 318, 162, 161]
[905, 319, 158]
[905, 341, 178, 177]
[908, 353, 166]
[904, 354, 172, 170]
[903, 353, 150]
[902, 361, 164]
[907, 358, 149]
[908, 343, 162]
[902, 278, 225, 217]
[906, 307, 190, 187]
[905, 330, 176, 174]
[904, 373, 150]
[908, 345, 173, 171]
[905, 333, 174, 173]
[908, 279, 204, 194, 191]
[905, 371, 156, 155]
[905, 363, 176]
[902, 311, 180]
[906, 365, 176]
[901, 338, 149, 146]
[903, 333, 176, 174]
[904, 296, 176, 166]
[907, 386, 148]
[905, 364, 143, 142]
[907, 301, 168, 163]
[903, 348, 144]
[904, 283, 212, 203]
[907, 384, 144, 143]
[907, 345, 141]
[907, 285, 186, 182]
[910, 307, 164, 163]
[910, 352, 184]
[902, 364, 175]
[906, 357, 168]
[902, 365, 158, 156]
[906, 310, 142]
[903, 328, 188]
[906, 366, 139]
[902, 382, 174, 173]
[906, 362, 148]
[906, 342, 164, 163]
[904, 351, 178]
[907, 263, 178, 176]
[905, 351, 143]
[904, 319, 192, 189]
[909, 400, 137]
[904, 301, 191, 179]
[901, 236, 215, 197, 189]
[906, 345, 162]
[904, 279, 162]
[902, 250, 218, 201, 198]
[904, 361, 152]
[903, 339, 173, 172]
[906, 377, 162]
[903, 330, 167, 165]
[907, 294, 191, 185]
[907, 346, 187, 186]
[904, 380, 149, 146]
[905, 270, 188, 184]
[906, 236, 183, 172, 171]
[905, 282, 175, 173]
[906, 381, 126, 125]
[901, 277, 249, 231, 221]
[907, 326, 168, 166]
[905, 337, 127]
[904, 382, 153, 152]
[908, 370, 129]
[905, 339, 166, 165]
[905, 369, 134, 133]
[907, 327, 145, 144]
[902, 303, 196, 190]
[904, 369, 159]
[906, 403, 156]
[903, 250, 223, 207, 198]
[903, 335, 164]
[903, 326, 127]
[903, 377, 156, 155]
[902, 379, 142]
[906, 300, 185, 182]
[904, 372, 134, 133]
[905, 336, 171, 169]
[906, 325, 156]
[907, 374, 147]
[903, 368, 151]
[905, 252, 184, 181]
[907, 427, 121]
[903, 373, 165, 164]
[902, 362, 154]
[903, 318, 200, 186, 185]
[905, 344, 178]
[903, 348, 194, 193]
[908, 352, 130]
[906, 357, 161]
[903, 332, 193, 188]
[908, 358, 150, 149]
[904, 338, 156]
[905, 265, 188, 178]
[904, 340, 157]
[902, 328, 152, 149]
[904, 296, 182, 180]
[903, 373, 132]
[903, 375, 135]
[903, 328, 162, 156]
[908, 354, 154]
[910, 342, 167]
[906, 351, 156]
[905, 307, 178, 175]
[906, 294, 186, 182]
[905, 361, 147]
[905, 307, 177, 174]
[905, 320, 173, 169]
[905, 316, 177, 175]
[904, 388, 152]
[904, 359, 140]
[905, 343, 192, 190]
[904, 365, 132]
[903, 305, 187, 182]
[905, 312, 165, 163]
[905, 319, 146, 144]
[906, 321, 181, 180]
[904, 344, 159]
[902, 315, 154, 151]
[906, 324, 172, 167]
[905, 343, 169]
[904, 357, 132]
[905, 380, 159]
[903, 359, 145]
[904, 338, 159]
[903, 276, 189, 181]
[904, 334, 143]
[909, 340, 175]
[906, 345, 156]
[905, 348, 156]
[902, 263, 209, 190, 186]
[909, 373, 141]
[904, 332, 157]
[906, 355, 115]
[905, 332, 154, 153]
[907, 358, 140, 139]
[900, 312, 188, 186]
[903, 374, 151]
[901, 358, 181, 177]
[905, 353, 139]
[904, 322, 189, 185]
[908, 352, 161, 160]
[905, 363, 158]
[905, 349, 150]
[902, 283, 188, 186]
[903, 361, 145, 143]
[904, 397, 161, 160]
[905, 352, 160]
[905, 363, 173]
[908, 290, 174, 171]
[904, 351, 150, 148]
[908, 350, 171]
[907, 294, 186, 175, 174]
[907, 372, 132, 131]
[912, 388, 139, 138]
[902, 352, 170, 169]
[902, 305, 174, 169]
[902, 305, 148, 147]
[905, 306, 187, 183]
[904, 357, 147]
[904, 307, 162, 161]
[904, 380, 145]
[904, 318, 162, 160]
[904, 351, 164]
[906, 364, 123]
[904, 359, 128]
[906, 360, 157]
[905, 372, 149]
[909, 331, 170, 169]
[907, 311, 174, 173]
[908, 352, 143]
[906, 375, 157]
[903, 380, 142]
[906, 343, 157]
[906, 371, 184, 183]
[907, 344, 141, 140]
[902, 352, 128]
[908, 319, 161, 160]
[904, 268, 158, 157]
[906, 362, 159, 158]
[907, 353, 161, 160]
[906, 378, 165, 163]
[903, 379, 176]
[905, 356, 164]
[907, 268, 215, 201, 200]
[905, 299, 182, 181]
[902, 374, 166]
[906, 321, 146]
[906, 372, 149]
[903, 323, 172, 170]
[910, 379, 157, 153]
[907, 291, 192, 191]
[905, 316, 161, 153]
[904, 312, 219, 208, 206]
[906, 299, 191, 186]
[904, 320, 158, 156]
[903, 264, 186, 183]
[905, 369, 163]
[907, 372, 151]
[901, 357, 151, 150]
[902, 340, 167, 163]
[903, 335, 173, 167]
[903, 381, 161]
[904, 311, 189, 183]
[908, 378, 126]
[904, 304, 168, 166]
[904, 368, 143]
[907, 330, 167, 162]
[905, 293, 173, 166]
[904, 385, 157]
[904, 330, 153, 151]
[908, 284, 187, 185]
[907, 389, 144]
[903, 292, 205, 196]
[905, 367, 149, 148]
[909, 363, 162]
[907, 322, 162]
[904, 325, 196, 192]
[904, 362, 160, 159]
[908, 350, 157]
[906, 370, 175, 169]
[904, 321, 191, 186]
[905, 326, 148, 147]
[905, 319, 177, 174]
[902, 336, 176, 175]
[909, 328, 148]
[904, 337, 144, 141]
[906, 267, 176, 173]
[904, 382, 140]
[905, 369, 133]
[906, 354, 134]
[904, 285, 183, 174]
[907, 348, 133]
[903, 335, 171, 169]
[903, 302, 182, 173]
[905, 364, 178]
[903, 278, 179, 175]
[904, 242, 237]
[907, 352, 125]
[907, 293, 195, 191]
[904, 364, 156]
[905, 272, 211, 204]
[905, 353, 138]
[903, 348, 199, 197]
[910, 356, 143, 140]
[904, 374, 155]
[902, 284, 182]
[906, 362, 150]
[904, 385, 138]
[903, 321, 159, 158]
[905, 263, 153, 151]
[905, 372, 150, 149]
[905, 315, 196, 189]
[907, 332, 188, 185]
[904, 375, 163]
[905, 310, 183, 180]
[907, 342, 153]
[903, 257, 176, 173]
[901, 316, 164]
[903, 296, 202, 193]
[905, 340, 158]
[903, 290, 166, 162]
[905, 314, 198, 196]
[906, 362, 151]
[902, 336, 150]
[906, 375, 138]
[908, 289, 219, 199]
[904, 376, 142]
[904, 378, 143, 141]
[905, 347, 163, 160]
[901, 305, 182, 180]
[901, 361, 146]
[903, 366, 147]
[906, 343, 171]
[907, 316, 169, 167]
[906, 366, 133, 130]
[904, 313, 167, 164]
[903, 258, 188, 185]
[904, 387, 139]
[903, 353, 174]
[907, 371, 139, 138]
[906, 408, 140]
[905, 310, 175, 169]
[903, 373, 139]
[905, 373, 158, 157]
[902, 329, 140]
[904, 366, 164]
[904, 325, 200, 195]
[907, 410, 182, 169]
[903, 360, 144]
[907, 314, 175, 174]
[903, 391, 153]
[902, 260, 164, 163]
[903, 317, 168, 167]
[904, 364, 160]
[903, 370, 144]
[903, 374, 154, 153]
[906, 288, 189, 184]
[904, 333, 199, 190]
[906, 308, 157]
[905, 380, 148]
[902, 375, 147]
[905, 383, 148]
[902, 320, 144]
[902, 286, 179, 176]
[905, 345, 170, 169]
[905, 381, 160, 156]
[904, 282, 188, 183]
[908, 338, 178, 176]
[906, 378, 157]
[904, 267, 197, 184]
[905, 284, 182, 177]
[905, 338, 154, 152]
[907, 302, 193, 190]
[902, 332, 169, 166]
[903, 342, 173, 170]
[907, 381, 155]
[904, 363, 159, 158]
[905, 223, 215]
[904, 345, 152]
[905, 296, 205, 200]
[909, 357, 154, 153, 152]
[906, 392, 135, 133]
[902, 336, 168, 166]
[902, 334, 164, 163]
[906, 310, 157]
[906, 344, 198, 197]
[903, 353, 152]
[903, 353, 156, 155]
[906, 355, 146]
[906, 313, 144, 141]
[902, 305, 185, 184]
[904, 385, 152]
[904, 368, 151, 150]
[906, 340, 175, 172]
[905, 375, 153, 152]
[904, 375, 152]
[906, 403, 153, 150]
[907, 361, 145]
[904, 329, 143, 141]
[907, 330, 161]
[903, 319, 149]
[903, 366, 151, 150]
[905, 377, 163]
[911, 312, 157]
[903, 353, 158, 156]
[902, 342, 164, 163]
[905, 338, 161, 160]
[901, 287, 198, 189]
[906, 361, 154, 152, 150]
[905, 325, 193, 189]
[904, 326, 159]
[905, 327, 168, 165]
[901, 252, 207, 189, 186]
[902, 296, 172, 167]
[902, 266, 178, 172]
[905, 324, 161]
[903, 315, 184, 180]
[906, 308, 161, 160]
[909, 354, 142]
[902, 354, 156, 155]
[905, 311, 170, 168]
[907, 332, 174]
[904, 349, 180, 179]
[905, 353, 151]
[904, 337, 160]
[909, 373, 152]
[908, 366, 157, 156]
[904, 342, 164]
[908, 316, 201, 194]
[906, 359, 148, 147]
[903, 395, 150, 149]
[906, 364, 152]
[907, 386, 161]
[903, 401, 145, 143]
[905, 224, 215]
[902, 285, 184, 179]
[903, 312, 166, 165]
[905, 278, 179, 178]
[907, 355, 120]
[908, 292, 164, 163]
[906, 358, 156, 154]
[905, 358, 152]
[906, 368, 141]
[909, 323, 169, 165]
[905, 337, 141]
[903, 347, 166, 164]
[907, 381, 145, 142]
[904, 302, 204, 200]
[912, 291, 159, 156]
[904, 320, 173, 172]
[905, 354, 135]
[902, 324, 192, 187]
[905, 324, 181, 178]
[906, 343, 153, 152]
[904, 323, 188, 185]
[909, 282, 181, 176]
[906, 241, 224, 202, 195]
[905, 379, 140, 139]
[907, 375, 154]
[901, 401, 137]
[903, 279, 202, 190]
[902, 320, 192, 190]
[906, 302, 211, 203]
[908, 347, 187]
[907, 249, 238]
[911, 357, 162, 157]
[903, 291, 188, 182]
[903, 376, 162, 161]
[901, 296, 204, 200]
[904, 359, 168]
[905, 329, 161]
[907, 342, 156]
[903, 276, 231, 214, 209]
[904, 365, 147, 146]
[904, 320, 167, 164]
[906, 390, 153, 151]
[904, 274, 190, 186]
[904, 390, 156]
[904, 377, 149, 148]
[904, 342, 165, 164]
[910, 379, 143]
[904, 347, 198, 197]
[907, 303, 177, 176]
[903, 292, 177, 174]
[908, 303, 186, 184]
[907, 303, 236, 217, 216]
[906, 300, 198, 192]
[905, 328, 167]
[904, 400, 146]
[909, 364, 139]
[905, 276, 205, 195, 191]
[903, 378, 151]
[905, 370, 131]
[902, 312, 185, 181]
[904, 335, 144]
[908, 312, 154, 152]
[903, 266, 193, 188]
[906, 284, 190, 187]
[902, 355, 151]
[904, 286, 184, 178]
[904, 354, 165]
[903, 329, 208, 202]
[902, 335, 156, 155]
[906, 294, 175, 174]
[901, 359, 159, 158]
[901, 288, 179, 177]
[903, 327, 153]
[903, 367, 157, 156]
[904, 349, 156]
[906, 323, 173, 171]
[903, 298, 186, 183]
[905, 258, 174, 164, 159]
[903, 319, 179, 174]
[907, 367, 137]
[905, 263, 200, 183, 180]
[903, 336, 149]
[905, 353, 156]
[909, 285, 177, 172]
[905, 378, 139]
[904, 346, 159, 158]
[903, 308, 165]
[905, 308, 187, 185]
[905, 305, 173]
[904, 318, 145]
[907, 329, 166, 164]
[906, 331, 161, 160]
[905, 260, 228, 210, 207]
[902, 316, 157, 155]
[905, 382, 139]
[909, 358, 139]
[909, 327, 144]
[901, 365, 140]
[903, 373, 162, 155]
[907, 326, 147]
[905, 306, 195, 181]
[903, 293, 207, 201]
[902, 349, 147]
[904, 352, 161, 158]
[901, 330, 165, 163]
[904, 271, 196, 192]
[905, 336, 197, 193]
[905, 358, 148]
[904, 371, 144]
[906, 279, 211, 192, 191]
[904, 351, 143]
[901, 343, 172]
[907, 306, 176, 175]
[903, 311, 179, 177]
[906, 300, 171, 169]
[908, 258, 207, 194, 191]
[905, 338, 174]
[903, 305, 194, 189]
[903, 309, 194, 190]
[906, 297, 198, 194]
[901, 338, 173, 171]
[904, 376, 152]
[907, 320, 154]
[906, 294, 185, 181]
[905, 351, 172]
[905, 321, 179]
[908, 366, 154, 153]
[902, 363, 152, 151]
[904, 309, 196, 193]
[904, 360, 156, 155]
[905, 365, 155]
[908, 310, 139]
[905, 275, 197, 189]
[903, 373, 150]
[904, 378, 158]
[904, 377, 138]
[904, 326, 167, 163]
[904, 272, 182, 176]
[903, 328, 186, 182]
[908, 332, 171, 169]
[904, 326, 185, 184]
[905, 366, 137]
[904, 367, 169, 168]
[902, 304, 159]
[902, 347, 155]
[903, 327, 144, 142]
[905, 315, 149, 146]
[902, 297, 178, 177]
[903, 371, 163]
[906, 281, 173, 171]
[908, 348, 164, 163]
[903, 351, 154, 153]
[902, 358, 135]
[906, 387, 149, 148]
[904, 306, 184, 183]
[901, 340, 156, 155]
[906, 338, 169]
[905, 310, 164, 160]
[904, 379, 131]
[903, 382, 155]
[906, 309, 183, 178]
[904, 329, 161]
[906, 296, 161, 157]
[906, 372, 168]
[901, 351, 153]
[905, 318, 192, 186]
[904, 358, 162, 161]
[904, 277, 183, 180]
[905, 380, 136]
[904, 330, 155, 154]
[904, 342, 150]
[904, 333, 175, 173]
[902, 300, 208, 198]
[908, 322, 175]
[907, 367, 178]
[904, 330, 182]
[905, 334, 167]
[902, 370, 152]
[905, 320, 180, 176]
[907, 364, 144, 142]
[906, 371, 186, 185]
[902, 277, 202, 197]
[905, 341, 181, 179]
[903, 327, 176, 174]
[904, 354, 127]
[905, 277, 193, 184]
[905, 392, 130]
[908, 345, 167]
[900, 317, 190, 189]
[906, 360, 150]
[905, 341, 145, 144]
[903, 343, 175, 174]
[904, 373, 164]
[910, 389, 145]
[907, 372, 165]
[903, 329, 177, 175]
[903, 302, 173, 172]
[904, 338, 147]
[909, 367, 158, 157]
[902, 247, 200, 185, 181]
[906, 320, 155]
[906, 372, 151]
[905, 374, 169]
[907, 284, 176, 175]
[904, 353, 158, 157]
[905, 264, 193, 186]
[904, 379, 168]
[903, 342, 150]
[907, 387, 144]
[904, 381, 163]
[906, 321, 186, 184]
[905, 376, 177]
[905, 404, 148]
[904, 341, 179, 177]
[902, 314, 214, 212]
[905, 380, 153]
[903, 312, 188, 184]
[902, 344, 187, 184]
[907, 338, 174]
[902, 330, 172]
[907, 322, 164]
[908, 389, 163]
[904, 363, 151, 150]
[901, 349, 162, 159]
[906, 273, 196, 184, 178]
[904, 279, 211, 194, 193]
[905, 312, 138]
[905, 326, 162, 160]
[905, 353, 165, 162]
[903, 412, 147]
[907, 297, 165, 161]
[907, 362, 151]
[906, 376, 168]
[904, 369, 151]
[905, 386, 152]
[903, 352, 161, 160]
[904, 347, 150]
[903, 378, 152]
[904, 353, 172, 171]
[902, 331, 190, 184]
[903, 289, 178, 174]
[904, 302, 168, 165]
[906, 285, 185, 180]
[908, 235, 211, 192, 179]
[902, 328, 171, 165]
[907, 353, 149]
[904, 346, 151]
[905, 379, 151]
[904, 311, 185, 184]
[902, 354, 161]
[907, 299, 184, 180]
[905, 374, 155, 154]
[909, 399, 149, 148]
[904, 342, 158]
[904, 340, 180, 177]
[905, 286, 203, 191]
[904, 382, 153, 149]
[907, 372, 160]
[904, 336, 163, 162]
[906, 337, 154]
[907, 377, 148]
