[905, 835, 822]
[910, 767, 676, 653, 649]
[905, 360, 189, 183]
[903, 849, 836, 833]
[903, 860, 856, 854]
[904, 696, 440, 297, 216, 198, 196]
[905, 612, 360, 227, 199, 192]
[905, 574, 334, 223, 216]
[908, 826, 797, 790]
[902, 708, 486, 319, 223, 189, 185]
[906, 765, 624, 503, 387, 306, 249, 219, 214]
[905, 546, 304, 209, 201]
[903, 726, 511, 345, 253, 225]
[902, 736, 570, 433, 324, 238, 202, 188]
[908, 874, 868, 863]
[906, 505, 235, 195, 192]
[904, 604, 352, 224, 194, 189]
[903, 627, 356, 224, 197, 195]
[906, 842, 835, 830]
[904, 786, 697, 670]
[907, 880, 873, 872]
[904, 708, 461, 306, 201, 161, 157]
[905, 622, 369, 219, 193, 189]
[905, 665, 443, 295, 222, 199, 195, 191]
[902, 476, 240, 185, 182, 181]
[904, 689, 468, 300, 230, 208]
[907, 765, 648, 608, 606]
[905, 683, 449, 293, 201, 171]
[907, 613, 363, 222, 191, 188]
[905, 604, 354, 230, 196, 192]
[903, 737, 538, 383, 262, 205, 170, 160, 156]
[902, 668, 436, 275, 203, 193, 192]
[903, 788, 726, 714, 712]
[906, 601, 348, 239, 209, 208]
[909, 601, 346, 214, 209, 208]
[905, 848, 837, 836]
[905, 474, 225, 195, 193, 192]
[908, 693, 452, 302, 217, 195, 190, 189]
[907, 619, 361, 231, 203, 202]
[904, 753, 610, 534, 504, 498]
[909, 622, 354, 219, 191, 186, 185]
[901, 466, 204, 192, 190]
[907, 885]
[902, 680, 451, 282, 212, 199]
[904, 576, 326, 215, 190, 186]
[904, 650, 419, 274, 222, 209]
[906, 675, 414, 260, 216, 208, 204, 203]
[904, 837, 821, 819]
[904, 625, 387, 216, 197, 196]
[902, 733, 540, 387, 242, 197, 183]
[906, 492, 260, 206, 204]
[903, 692, 443, 266, 188, 179]
[904, 649, 396, 265, 214, 202]
[910, 842, 828, 823, 822]
[905, 791, 748, 745]
[904, 827, 810, 806]
[906, 789, 718, 708, 706]
[905, 859, 853]
[904, 672, 435, 260, 199, 183, 181, 180]
[905, 871, 868]
[905, 443, 224, 205]
[910, 897, 893, 891]
[905, 680, 457, 312, 229, 195, 193]
[904, 750, 592, 428, 295, 191, 148, 142, 141]
[906, 724, 478, 341, 234, 198, 195]
[910, 727, 469, 328, 226, 199, 195]
[903, 864, 860, 859]
[907, 477, 234, 198]
[906, 831, 815, 813]
[908, 674, 443, 285, 230, 216, 215]
[904, 476, 192, 187]
[903, 702, 431, 274, 209, 199]
[907, 594, 346, 216, 202, 200]
[905, 884, 878]
[908, 439, 195, 193]
[908, 854, 846, 843]
[903, 786, 700, 682]
[904, 538, 277, 187, 182, 176]
[908, 805, 770, 767]
[906, 798, 738, 717, 716, 715]
[908, 871, 868]
[903, 616, 381, 231, 206, 204]
[902, 780, 687, 645, 638]
[905, 616, 388, 259, 217, 208, 206]
[906, 858, 846, 845]
[903, 618, 376, 222, 191, 190]
[906, 469, 235, 195, 191]
[905, 451, 207, 194]
[904, 602, 361, 221, 200, 198, 197]
[902, 708, 450, 274, 187, 167, 165]
[904, 444, 172, 168]
[905, 768, 629, 509, 434, 415, 414, 413]
[908, 758, 584, 427, 332, 276, 265]
[905, 824, 806, 801]
[908, 864, 851, 850]
[909, 757, 602, 422, 307, 241, 212, 209]
[904, 793, 746, 733, 731]
[905, 543, 296, 198, 186]
[903, 646, 401, 271, 202, 193]
[906, 646, 378, 229, 199, 197]
[906, 755, 600, 443, 311, 228, 169, 146, 137]
[903, 752, 643, 596, 588]
[902, 666, 405, 256, 216, 197, 191]
[903, 830, 809, 806]
[906, 531, 281, 211, 198]
[904, 552, 291, 199, 188, 187]
[903, 867, 858, 854]
[907, 772, 619, 469, 341, 278, 235, 225]
[903, 639, 393, 277, 228, 218]
[903, 540, 292, 195, 193]
[905, 823, 790, 785]
[909, 757, 596, 441, 315, 225, 198, 192]
[907, 816, 794, 790]
[904, 457, 218, 198, 196]
[906, 856, 852, 850]
[903, 804, 774, 766, 765, 763]
[908, 764, 692, 683, 682, 681]
[904, 767, 655, 605, 599, 598]
[904, 733, 500, 357, 252, 221, 214, 213]
[905, 532, 283, 197, 190]
[907, 677, 433, 296, 229, 191, 186]
[902, 661, 403, 252, 182, 173, 172]
[905, 819, 795, 784]
[910, 727, 527, 369, 252, 204, 190, 189]
[904, 769, 644, 593, 589]
[903, 786, 701, 678, 672]
[902, 739, 517, 317, 236, 194, 189]
[910, 629, 347, 203, 171, 170]
[903, 717, 474, 312, 216, 186, 180]
[908, 813, 770, 760, 758]
[910, 863, 854, 850]
[904, 726, 502, 315, 229, 184, 176]
[904, 697, 457, 302, 199, 177, 175, 174]
[902, 781, 738, 723, 720]
[904, 715, 475, 299, 253, 226]
[902, 815, 785, 778, 776]
[908, 779, 688, 658, 657]
[908, 871, 868, 867]
[906, 553, 301, 200, 188]
[907, 790, 731, 724, 722]
[908, 891, 890, 889]
[903, 650, 380, 257, 234, 231, 230]
[904, 762, 644, 607, 598, 597]
[904, 612, 380, 201, 166, 159]
[902, 786, 718, 693, 691]
[909, 827, 802, 798, 797]
[911, 796, 748, 743]
[906, 879, 872, 870]
[906, 676, 436, 269, 209, 206]
[903, 692, 435, 312, 235, 212]
[903, 571, 323, 209, 188, 186]
[904, 676, 453, 303, 225, 200, 199]
[908, 624, 396, 213, 164]
[906, 600, 381, 237, 208, 205]
[905, 712, 478, 318, 229, 197, 189]
[902, 833, 813, 811]
[905, 759, 651, 615, 608]
[907, 723, 503, 335, 220, 165, 154, 153]
[905, 480, 252, 200, 191]
[905, 783, 719, 709, 706]
[904, 861, 846, 844]
[902, 827, 813, 809]
[907, 590, 353, 215, 186, 185]
[907, 833, 821, 819]
[908, 824, 807, 806]
[905, 466, 216, 182, 179]
[903, 652, 428, 245, 200, 196]
[902, 500, 262, 204, 200]
[908, 655, 395, 270, 205, 192]
[904, 696, 474, 308, 224, 186, 174]
[906, 806, 746, 734, 733]
[902, 756, 614, 478, 361, 259, 202, 178, 173, 172]
[908, 783, 712, 699, 697]
[908, 828, 809, 806]
[905, 829, 802, 796]
[904, 705, 427, 297, 217, 182, 172, 169, 168]
[904, 759, 580, 379, 258, 217, 202, 201]
[904, 810, 774, 771]
[908, 778, 704, 687]
[904, 660, 414, 270, 225, 202, 199]
[905, 687, 440, 293, 228, 206, 199]
[903, 585, 359, 213, 191, 190]
[905, 504, 260, 184, 179]
[901, 847, 840]
[903, 731, 549, 393, 282, 215, 179, 171]
[905, 495, 254, 198, 196]
[904, 824, 801, 799, 798]
[907, 794, 754, 747, 745]
[908, 820, 809, 806]
[903, 850, 842]
[906, 568, 318, 201, 189]
[906, 859, 855]
[904, 837, 828, 827]
[905, 775, 690, 671, 668]
[904, 780, 682, 630, 623]
[908, 804, 763, 756, 755]
[905, 873, 865, 862]
[905, 629, 359, 231, 203, 200]
[909, 774, 662, 622, 618, 617]
[907, 577, 305, 216, 209, 207]
[905, 366, 183]
[903, 753, 606, 464, 361, 307, 299, 298]
[903, 790, 758, 753]
[908, 877, 869, 868]
[903, 858, 853]
[905, 638, 385, 240, 191, 187]
[904, 758, 614, 495, 417, 373, 363, 362]
[905, 846, 840, 839]
[907, 800, 774, 767]
[906, 465, 207, 187]
[907, 881, 879]
[905, 751, 592, 432, 319, 244, 215]
[905, 694, 429, 271, 200, 178, 172]
[904, 799, 753, 751]
[905, 490, 233, 207, 203]
[904, 607, 350, 230, 191, 188, 187]
[903, 568, 311, 202, 176]
[908, 828, 810, 804, 801]
[902, 558, 263, 197, 185]
[906, 855, 837, 834]
[904, 561, 322, 187, 161, 160, 157]
[906, 715, 493, 332, 239, 185, 170, 169]
[907, 784, 693, 680]
[907, 476, 226, 172, 171]
[904, 862, 851, 848]
[908, 884, 878]
[904, 558, 303, 206, 193]
[905, 608, 350, 210, 198, 197]
[905, 625, 395, 244, 215, 212]
[904, 746, 575, 418, 285, 216, 178, 171]
[903, 547, 302, 199, 193]
[903, 784, 708, 698, 697]
[902, 716, 497, 339, 230, 195, 177]
[905, 772, 625, 526, 493, 483, 482]
[906, 814, 787, 779]
[903, 493, 213, 170]
[910, 775, 691, 676, 673]
[902, 666, 434, 253, 185, 180, 179]
[904, 862, 860, 859]
[905, 778, 709, 691, 688]
[902, 529, 259, 197, 192, 191]
[903, 827, 804, 801]
[904, 695, 473, 303, 202, 174, 168]
[906, 687, 455, 306, 214, 199]
[905, 886]
[904, 766, 654, 591, 579, 578]
[902, 559, 303, 193, 191]
[910, 707, 469, 321, 254, 235]
[907, 539, 280, 183, 177]
[903, 864, 856]
[905, 862, 853, 852]
[905, 575, 311, 231, 205, 197]
[904, 586, 352, 243, 218]
[904, 560, 334, 216, 207]
[903, 652, 408, 240, 200, 195]
[903, 471, 206, 180]
[904, 559, 309, 223, 205]
[903, 801, 779]
[904, 808, 787, 786]
[906, 780, 735, 727]
[905, 762, 666, 632, 628]
[905, 685, 428, 268, 181, 165]
[901, 659, 399, 238, 182, 178]
[905, 639, 393, 225, 190, 187]
[903, 732, 507, 353, 247, 211, 209]
[907, 787, 752, 748]
[907, 703, 468, 316, 230, 186, 180]
[903, 663, 409, 266, 212, 208]
[904, 606, 375, 247, 207, 200, 199]
[908, 663, 422, 276, 205, 199, 197]
[906, 629, 409, 264, 212, 195, 194]
[906, 732, 533, 373, 254, 195, 176]
[904, 837, 827, 819, 818]
[907, 670, 398, 264, 221, 216]
[905, 801, 757, 745]
[903, 614, 365, 224, 199, 196, 194]
[905, 859, 851, 847]
[908, 516, 253, 208, 202]
[905, 842, 835, 834]
[903, 875, 873]
[905, 523, 279, 221, 215]
[902, 710, 484, 322, 207, 185, 184]
[907, 532, 260, 198, 188, 186]
[904, 628, 398, 253, 216, 212]
[905, 717, 463, 304, 224, 203]
[903, 752, 574, 396, 282, 221, 205, 203]
[905, 589, 354, 236, 223]
[903, 775, 697, 678, 677]
[905, 645, 405, 242, 206, 205]
[907, 585, 318, 211, 202, 200]
[902, 851, 838, 837]
[905, 730, 519, 353, 240, 201, 188, 187]
[902, 790, 730, 714, 711]
[906, 795, 737, 729]
[904, 812, 794, 791]
[904, 622, 364, 227, 194, 190]
[910, 705, 483, 321, 243, 198, 183, 182]
[905, 834, 823, 819]
[903, 812, 772, 770]
[904, 713, 482, 310, 205, 178, 173, 171]
[906, 644, 386, 230, 206, 204, 201, 200]
[906, 550, 298, 210, 203]
[905, 835, 811, 810]
[908, 843, 824, 822, 821]
[905, 691, 453, 288, 223, 197, 193]
[902, 718, 509, 385, 275, 235, 226, 223, 222]
[906, 751, 571, 397, 273, 207, 175, 173]
[905, 861]
[902, 768, 684, 663, 662]
[903, 468, 222, 185, 183]
[903, 848, 843, 841]
[906, 559, 290, 199, 196]
[908, 642, 413, 237, 195, 191]
[904, 788, 736, 729]
[907, 502, 252, 188, 185]
[904, 407, 165]
[907, 801, 755, 733, 731]
[907, 822, 802, 797]
[905, 674, 416, 273, 224, 216, 214]
[905, 806, 788, 787]
[906, 865, 861]
[905, 489, 227, 175, 174]
[906, 521, 299, 205, 197]
[906, 720, 502, 295, 205, 179, 176]
[902, 745, 602, 508, 429, 398, 396]
[903, 754, 597, 457, 337, 236, 192, 179]
[912, 847, 829, 828]
[902, 756, 639, 596, 595]
[905, 774, 724, 713, 711]
[906, 722, 503, 327, 217, 183, 180]
[903, 502, 260, 202, 199]
[902, 633, 401, 236, 189, 176]
[906, 840, 819, 813]
[903, 741, 520, 351, 243, 194, 187, 186]
[906, 727, 521, 373, 261, 190, 165, 163]
[905, 846, 836, 834]
[907, 484, 242, 213]
[905, 676, 415, 260, 198, 187, 186]
[907, 824, 799, 792]
[903, 513, 263, 179, 175]
[904, 729, 510, 351, 225, 180, 173]
[904, 503, 288, 187, 183]
[906, 521, 279, 183, 173, 172]
[906, 746, 568, 412, 278, 183, 158, 155]
[904, 517, 287, 206, 197]
[905, 566, 290, 214, 207]
[904, 521, 265, 195, 192, 190]
[905, 559, 313, 188, 183]
[904, 825, 809, 808]
[903, 674, 424, 277, 208, 195]
[904, 669, 426, 261, 208, 186, 180, 179]
[903, 621, 384, 274, 241, 236, 235]
[904, 833, 821, 818]
[905, 630, 397, 250, 201, 197]
[905, 747, 543, 369, 257, 210, 203]
[907, 645, 417, 298, 222, 199, 193]
[903, 633, 396, 240, 189, 182]
[904, 782, 720, 710, 709]
[903, 696, 453, 313, 214, 190]
[904, 700, 465, 310, 216, 170, 162]
[905, 883, 881]
[906, 851, 849]
[904, 863, 859]
[904, 762, 666, 650, 649]
[904, 852, 845]
[906, 697, 425, 286, 191, 168, 165]
[904, 841, 823, 820]
[903, 566, 325, 195, 177]
[905, 600, 358, 233, 197, 189, 188]
[904, 771, 716, 704, 703, 702]
[907, 673, 434, 301, 217, 197, 194, 193]
[903, 675, 413, 269, 216, 198]
[907, 840, 831, 826]
[904, 756, 607, 484, 397, 348, 333, 332]
[903, 855, 847]
[904, 580, 332, 204, 192, 189]
[905, 749, 552, 369, 242, 185, 178]
[904, 679, 421, 282, 221, 206, 204]
[901, 609, 383, 248, 210, 208]
[904, 810, 785, 782]
[906, 873, 869, 868]
[904, 888, 887]
[903, 719, 471, 316, 229, 200, 195]
[902, 631, 378, 229, 176, 174]
[903, 875, 872]
[902, 572, 351, 218, 205, 203]
[905, 848, 830]
[905, 524, 295, 196]
[907, 803, 769, 763]
[905, 598, 362, 217, 194, 190]
[907, 713, 457, 312, 208, 165, 164]
[905, 633, 407, 262, 214, 205, 204]
[904, 693, 460, 291, 225, 195, 183, 181]
[903, 493, 270, 195, 192]
[906, 774, 674, 633, 631]
[904, 502, 278, 184, 173, 172]
[902, 532, 300, 205, 200, 198]
[905, 611, 375, 232, 198]
[906, 755, 631, 569, 548, 547]
[904, 664, 426, 265, 217, 202]
[908, 728, 466, 321, 239, 213, 207, 206]
[905, 749, 583, 403, 278, 207, 178, 173, 172]
[906, 560, 267, 196, 187, 186]
[903, 646, 403, 252, 199, 193]
[905, 603, 354, 231, 205, 202]
[905, 428, 211, 205]
[906, 726, 513, 357, 256, 214, 205]
[907, 834, 820, 819]
[906, 792, 742, 735, 734, 733]
[912, 592, 351, 220, 204, 199]
[902, 531, 317, 217, 208, 202, 201]
[904, 524, 268, 191, 181]
[902, 527, 312, 220, 201]
[903, 694, 465, 300, 215, 196, 192]
[906, 824, 806, 804]
[905, 650, 425, 272, 215, 207]
[906, 754, 637, 569, 552, 550, 549]
[904, 789, 744, 731, 728]
[905, 727, 532, 381, 268, 208, 194]
[906, 675, 406, 259, 202, 198]
[904, 584, 334, 208, 191, 187]
[905, 542, 305, 203, 188]
[905, 617, 385, 225, 183, 179]
[902, 587, 337, 228, 214, 212, 211]
[905, 840, 820, 816]
[904, 855, 851, 849, 848]
[904, 715, 482, 317, 229, 203, 197]
[906, 584, 343, 233, 215, 212]
[905, 661, 410, 279, 223, 218]
[905, 782, 701, 681, 678]
[903, 638, 410, 264, 193, 184, 183]
[903, 727, 500, 354, 254, 216, 208, 207]
[905, 439, 226, 190, 187]
[907, 723, 486, 317, 216, 180, 174, 173]
[904, 764, 665, 620, 611]
[908, 887, 885]
[905, 790, 731, 718, 717, 716, 711]
[904, 843, 835, 832]
[904, 868, 863, 862]
[906, 617, 350, 219, 189, 187]
[906, 824, 799, 792]
[903, 846, 840, 837]
[908, 687, 443, 308, 217, 193, 188]
[903, 779, 719, 707, 705]
[902, 792, 753, 747, 746, 745, 744]
[906, 781, 713, 708]
[906, 869, 861, 859]
[909, 873, 865]
[903, 512, 265, 179, 177, 174]
[902, 759, 576, 421, 302, 230, 212, 209]
[903, 678, 397, 264, 208, 199]
[905, 594, 341, 212, 194, 191]
[905, 806, 755, 749]
[902, 865, 864]
[906, 855, 847, 846]
[907, 592, 305, 216, 201, 199]
[902, 779, 712, 702]
[903, 661, 410, 257, 215, 207, 206]
[907, 867, 857, 856, 854]
[906, 514, 293, 219, 211]
[906, 854, 841, 839]
[907, 784, 729, 719, 718]
[904, 670, 412, 269, 210, 194]
[904, 565, 334, 226, 203]
[904, 851, 846, 843]
[902, 880, 879]
[905, 724, 491, 324, 228, 205, 202, 201]
[903, 806, 760, 751, 747, 746]
[904, 731, 479, 344, 245, 215, 212]
[906, 820, 795, 791, 790]
[907, 587, 340, 226, 202, 200]
[902, 562, 299, 186, 177]
[907, 659, 390, 245, 217, 215]
[908, 865, 858]
[901, 759, 622, 548, 524, 519, 516]
[907, 793, 753, 745, 741]
[903, 565, 307, 187, 178, 171, 170]
[906, 714, 481, 326, 225, 184, 178]
[905, 811, 779, 768, 763]
[906, 556, 301, 215, 205, 202]
[907, 739, 566, 409, 292, 214, 190, 186, 185]
[904, 707, 455, 318, 219, 187, 184]
[901, 765, 704, 684, 683]
[910, 783, 719, 712, 709]
[904, 633, 412, 254, 214, 201]
[900, 825, 810, 806, 805]
[903, 705, 467, 276, 198, 189, 188]
[903, 830, 792, 778]
[906, 724, 483, 340, 199, 179, 178]
[904, 602, 341, 215, 186, 180]
[908, 732, 532, 363, 246, 205, 191, 189]
[902, 630, 413, 253, 211, 209]
[904, 826, 814, 811]
[904, 778, 695, 666, 662]
[906, 562, 320, 197, 185]
[905, 626, 350, 242, 200, 194]
[903, 744, 571, 401, 278, 203, 177, 172, 171, 170]
[902, 849, 840]
[908, 443, 231, 198]
[906, 725, 513, 342, 232, 188, 177]
[907, 582, 311, 201, 186]
[904, 367, 159]
[902, 778, 713, 701]
[905, 835, 823, 820]
[903, 791, 742, 729, 726]
[902, 846, 840]
[905, 705, 464, 294, 207, 184]
[904, 808, 776, 769]
[906, 715, 486, 330, 217, 179, 173]
[903, 813, 791, 787]
[907, 728, 521, 329, 222, 160, 154]
[903, 857, 852, 851]
[907, 762, 653, 631, 621]
[902, 819, 800, 797, 796]
[908, 572, 310, 207, 200]
[906, 432, 255, 208, 201]
[904, 801, 774, 767, 766]
[907, 794, 754, 751, 750]
[906, 743, 532, 358, 229, 177, 167]
[906, 649, 357, 231, 193, 189, 188]
[905, 481, 229, 195]
[905, 701, 440, 297, 190, 164, 162]
[908, 871, 866, 863]
[904, 842, 835, 833]
[909, 811, 791, 786, 783]
[904, 603, 343, 230, 203, 194, 193]
[905, 715, 479, 322, 228, 191, 186]
[907, 733, 537, 373, 239, 187, 167, 164]
[906, 706, 443, 271, 182, 162, 161]
[906, 701, 469, 315, 219, 204, 203]
[904, 850, 837, 834, 833]
[907, 540, 312, 229, 227]
[906, 610, 385, 234, 192, 186, 185]
[903, 771, 642, 545, 472, 448, 446]
[903, 555, 285, 187, 182]
[903, 452, 223, 187, 184]
[904, 776, 684, 657, 655]
[904, 714, 468, 311, 207, 193]
[902, 488, 247, 186, 185]
[905, 797, 757, 746]
[904, 588, 358, 220, 177, 170]
[908, 641, 416, 267, 221, 210]
[903, 578, 337, 203, 178, 176]
[900, 548, 298, 224, 214, 213]
[905, 571, 321, 229, 200, 195, 194]
[905, 640, 367, 225, 198, 196]
[902, 588, 334, 207, 179, 178]
[904, 837, 827]
[903, 651, 427, 287, 227, 219, 217]
[902, 768, 683, 662, 660]
[902, 798, 764, 754, 753]
[907, 858, 854, 853]
[902, 808, 769, 766]
[903, 710, 496, 324, 221, 165, 155, 154]
[905, 775, 630, 502, 356, 258, 217, 203]
[905, 767, 648, 594, 587]
[904, 838, 828, 826]
[904, 526, 274, 192, 186]
[909, 637, 399, 240, 190, 186]
[905, 646, 415, 243, 204, 200]
[902, 742, 543, 365, 239, 193, 185, 182]
[904, 551, 303, 198, 193, 190]
[901, 456, 226, 188, 183]
[906, 812, 788, 784]
[904, 721, 470, 321, 237, 216, 212]
[906, 860, 857]
[904, 792, 688, 633, 624, 622, 619]
[906, 773, 686, 667, 664]
[904, 817, 800, 792]
[903, 546, 293, 200, 188, 184]
[901, 532, 296, 182, 179, 178]
[903, 633, 408, 246, 193, 182, 180]
[905, 786, 726, 721]
[905, 679, 454, 289, 199, 174, 171]
[904, 491, 247, 192, 189, 185, 184]
[905, 569, 339, 217, 201]
[908, 686, 450, 272, 210, 194]
[902, 467, 265, 199, 198]
[905, 832, 820, 819]
[904, 585, 348, 231, 206, 205]
[905, 834, 816, 809]
[905, 625, 351, 225, 207, 205]
[904, 410, 202, 190]
[902, 643, 400, 248, 217, 214]
[907, 850, 837, 835]
[904, 750, 573, 415, 313, 246, 214, 204]
[907, 829, 813, 811]
[902, 625, 412, 262, 212, 206, 203]
[905, 834, 827, 825]
[907, 511, 231, 191, 190]
[909, 617, 358, 220, 183, 175, 174]
[905, 712, 504, 334, 235, 187, 174]
[905, 792, 735, 722]
[905, 509, 255, 194, 189]
[910, 886]
[906, 711, 453, 274, 199, 186, 185]
[902, 783, 705, 685, 680]
[904, 621, 370, 214, 194, 193]
[904, 813, 796, 790]
[901, 575, 317, 199, 186, 184]
[904, 811, 793, 788]
[904, 617, 346, 208, 196, 195]
[905, 770, 653, 579, 568]
[908, 792, 756, 750]
[906, 638, 382, 229, 186, 183]
[904, 784, 731, 720, 719]
[906, 482, 245, 198, 196]
[904, 525, 231, 177, 176]
[904, 742, 589, 431, 315, 233, 185, 173, 168]
[905, 703, 465, 312, 214, 187]
[905, 736, 509, 362, 262, 207, 187, 183]
[906, 799, 768, 767]
[907, 647, 367, 236, 196, 191]
[904, 508, 255, 185, 182]
[902, 697, 445, 317, 225, 202, 199]
[904, 747, 521, 333, 211, 185, 178, 175]
[902, 527, 262, 186, 184]
[903, 647, 388, 247, 196, 194, 193]
[906, 762, 608, 462, 324, 229, 198, 189, 188]
[907, 566, 287, 212, 209]
[906, 475, 246, 196, 187, 185]
[902, 727, 525, 352, 245, 179, 149, 145]
[902, 807, 765, 756]
[902, 669, 424, 252, 198, 189]
[907, 858, 850, 849]
[902, 804, 763, 752, 751]
[906, 831, 807, 803]
[903, 809, 785, 779]
[911, 882, 875]
[906, 700, 471, 282, 200, 183, 176]
[903, 777, 673, 638, 636]
[906, 701, 448, 291, 200, 170, 162]
[907, 720, 479, 301, 207, 176, 173]
[907, 529, 291, 207, 191]
[907, 800, 739, 723, 720]
[906, 782, 701, 686, 685, 684]
[904, 653, 411, 258, 209, 202]
[908, 637, 401, 242, 195, 185]
[902, 689, 432, 282, 221, 189, 181]
[904, 871, 868, 867]
[905, 477, 245, 189, 188]
[904, 559, 283, 194, 181]
[904, 414, 169, 168]
[906, 829, 811, 810]
[905, 563, 289, 208, 206]
[906, 846, 832, 826, 824]
[905, 635, 388, 239, 197, 189]
[905, 787, 732, 720]
[905, 652, 387, 273, 231, 224]
[903, 845, 831, 827]
[902, 684, 449, 275, 185, 171]
[902, 609, 394, 205, 187, 181]
[904, 776, 694, 667, 663]
[906, 656, 402, 270, 226, 215]
[905, 729, 530, 337, 228, 195, 184]
[904, 530, 298, 216, 199, 198]
[905, 820, 788, 786]
[906, 800, 777, 776]
[908, 864, 853, 852]
[902, 718, 476, 307, 226, 181, 179]
[903, 657, 405, 263, 188, 182, 180, 176]
[907, 824, 804, 801]
[902, 634, 387, 251, 211, 207, 205]
[903, 665, 424, 263, 203, 198]
[906, 860, 853, 850]
[903, 636, 399, 256, 226]
[903, 709, 488, 332, 260, 229, 225]
[907, 696, 465, 299, 200, 178, 173, 172]
[909, 678, 442, 268, 218, 190]
[906, 626, 368, 218, 187, 185]
[906, 654, 392, 249, 212, 206, 203, 202]
[906, 851, 846]
[902, 784, 704, 687, 684, 683]
[901, 636, 388, 241, 198, 197]
[903, 740, 567, 395, 266, 223, 216, 215]
[902, 742, 585, 440, 321, 257, 230]
[907, 827, 803, 799]
[905, 448, 175, 174]
[908, 450, 186, 182]
[905, 690, 454, 298, 204, 184, 180, 179]
[905, 721, 487, 333, 233, 204, 202]
[904, 727, 527, 371, 236, 182, 171, 169]
[902, 585, 331, 221, 205]
[904, 678, 407, 267, 215, 208]
[905, 834, 820, 817]
[905, 556, 273, 209]
[904, 882, 880]
[905, 632, 382, 227, 177, 171, 170]
[902, 588, 332, 223, 194, 187]
[907, 875, 862]
[902, 601, 358, 221, 194, 179, 178, 177]
[903, 667, 435, 288, 219, 202]
[908, 632, 372, 210, 194]
[904, 656, 431, 238, 200, 184]
[906, 558, 338, 238, 195, 190]
[903, 598, 329, 225, 206, 203]
[905, 862, 860, 859]
[907, 783, 721, 707, 706]
[910, 834, 816, 812, 811]
[904, 600, 354, 244, 221, 217]
[910, 879, 876, 875]
[904, 550, 269, 209, 202]
[905, 758, 636, 573, 546, 537]
[904, 729, 503, 340, 228, 206]
[905, 583, 365, 228, 189, 185, 184]
[905, 573, 302, 223, 208, 205]
[906, 888, 882, 881]
[903, 681, 440, 267, 203, 196]
[904, 738, 519, 351, 241, 193, 184, 183]
[904, 700, 471, 302, 223, 193, 183]
[906, 656, 422, 253, 194, 182]
[903, 849, 823, 822]
[906, 626, 412, 258, 217, 211]
[911, 631, 352, 237, 192, 186, 185]
[905, 793, 746, 734]
[902, 854, 845, 844]
[903, 709, 509, 339, 239, 201, 195, 194]
[902, 552, 316, 181, 177]
[906, 750, 557, 379, 290, 244, 235]
[905, 736, 555, 380, 248, 195, 173, 171]
[908, 648, 380, 255, 218, 205, 199]
[903, 577, 349, 204, 197]
[905, 476, 238, 190]
[907, 760, 602, 468, 348, 264, 234, 233]
[906, 822, 789, 781, 780]
[908, 549, 309, 209, 195]
[907, 545, 306, 207, 196, 195]
[905, 687, 444, 300, 220, 194, 190]
[906, 750, 572, 424, 274, 198, 176, 168]
[904, 626, 405, 254, 221]
[906, 771, 655, 603, 592, 589]
[903, 622, 384, 223, 191, 189]
[905, 590, 324, 220, 190, 188]
[901, 717, 517, 356, 241, 208, 201]
[905, 728, 518, 374, 267, 196, 179, 175]
[905, 645, 388, 240, 201, 198]
[904, 664, 436, 280, 236, 229, 228]
[906, 691, 460, 320, 226, 192, 184]
[906, 730, 524, 367, 270, 216, 196, 191]
[903, 713, 468, 303, 238, 195, 187]
[905, 832, 812, 808]
[904, 609, 372, 215, 187, 184]
[903, 595, 361, 224, 193, 191]
[903, 458, 212, 191]
[904, 554, 321, 239, 225, 222]
[906, 845, 829, 825]
[904, 720, 477, 305, 218, 192, 189]
[902, 445, 190, 172]
[903, 575, 309, 219, 203, 202]
[906, 826, 806, 803]
[903, 736, 557, 400, 280, 207, 179, 176]
[902, 543, 268, 194, 186, 184]
[907, 521, 291, 192, 189, 187]
[903, 871, 869]
[907, 771, 677, 643, 636, 633]
[908, 611, 320, 214, 197, 196]
[902, 469, 201, 185]
[904, 494, 235, 206]
[905, 679, 439, 257, 178, 174]
[904, 715, 469, 325, 238, 209, 206]
[907, 683, 420, 246, 193, 179, 178]
[906, 810, 776, 775]
[907, 490, 242, 192, 189]
[906, 837, 820, 817]
[906, 495, 228, 169, 165]
[903, 509, 281, 205, 204]
[906, 785, 736, 727]
[901, 520, 278, 227, 210, 209]
[906, 448, 200, 198]
[905, 626, 368, 248, 209, 198]
[902, 594, 363, 223, 196, 193]
[903, 620, 318, 225, 200, 197]
[903, 637, 382, 222, 197, 196]
[908, 645, 388, 248, 194, 189]
[905, 742, 588, 450, 348, 264, 207, 188]
[901, 513, 268, 191, 189, 188]
[904, 824, 793, 777, 771]
[907, 785, 718, 687]
[902, 807, 770, 764]
[908, 835, 824]
[908, 488, 211, 182]
[906, 754, 598, 452, 308, 222, 190, 178]
[906, 747, 525, 352, 265, 219, 201]
[904, 761, 664, 641, 634]
[901, 823, 804, 800]
[905, 740, 505, 360, 250, 201, 187, 186]
[906, 846, 833, 829]
[904, 728, 508, 362, 253, 205, 196]
[906, 637, 410, 263, 198, 173, 169]
[904, 606, 353, 233, 203, 201]
[907, 880, 877]
[902, 595, 374, 259, 216, 207]
[905, 852, 837, 835]
[903, 838, 825, 822]
[907, 774, 652, 572, 548, 543]
[902, 626, 390, 241, 193, 189]
[911, 755, 588, 466, 358, 259, 211, 200]
[906, 723, 487, 321, 222, 184, 175, 173]
[907, 560, 315, 196, 189]
[905, 812, 776, 771, 769]
[903, 746, 561, 388, 273, 219, 190, 183]
[904, 608, 376, 229, 189, 185]
[903, 479, 262, 209, 205, 204]
[905, 852, 845]
[905, 704, 481, 320, 232, 199, 198]
[906, 525, 275, 172]
[904, 552, 287, 204, 200, 199, 198, 197]
[901, 667, 427, 259, 211, 206, 205]
[906, 839, 832]
[906, 792, 749, 744]
[904, 719, 493, 349, 246, 207, 201, 196, 195]
[905, 770, 685, 666, 664]
[904, 643, 415, 261, 208, 197]
[904, 841, 830, 829]
[902, 859, 850, 848]
[905, 816, 787]
[905, 826, 815, 811]
[907, 846, 833, 830, 829]
[904, 869, 866]
[905, 511, 282, 206, 203]
[905, 611, 341, 204, 192]
[906, 819, 799, 794]
[905, 767, 699, 691, 687]
[903, 816, 785, 783]
[910, 478, 217, 187]
[903, 837, 820, 813]
[906, 791, 743, 736]
[902, 382, 188]
[904, 813, 788, 783]
[902, 737, 545, 371, 251, 204, 192]
[900, 772, 687, 676]
[903, 754, 565, 379, 248, 189, 178]
[903, 704, 463, 307, 237, 223]
[902, 629, 404, 266, 211, 203]
[905, 594, 371, 240, 200, 198]
[905, 723, 519, 344, 240, 202, 192]
[905, 889]
[904, 597, 331, 240, 200, 198]
[904, 873, 863, 862]
[902, 567, 326, 199, 175, 172]
[905, 811, 757, 737, 736]
[904, 843, 836]
[904, 838, 829]
[904, 509, 275, 198, 182, 180, 179]
[902, 687, 397, 292, 235, 224]
[906, 781, 683, 650, 649]
[904, 673, 428, 270, 197, 187]
[903, 832, 822, 817]
[903, 624, 389, 265, 231, 228]
[902, 800, 778, 775, 774]
[902, 864, 856, 855]
[909, 829, 809, 807]
[904, 824, 808, 805]
[906, 862, 857]
[905, 874, 870]
[903, 670, 417, 285, 223, 209]
[903, 720, 483, 321, 231, 196, 193]
[906, 648, 396, 228, 201, 194, 190]
[902, 612, 378, 239, 214, 209]
[904, 683, 453, 310, 242, 232, 231]
[905, 651, 417, 256, 211, 207]
[907, 542, 299, 203, 196]
[902, 529, 280, 197, 196]
[903, 591, 349, 226, 204, 200]
[904, 515, 280, 199, 183, 182]
[904, 740, 547, 347, 240, 203, 186, 181, 180, 179]
[906, 634, 375, 239, 221, 218]
[902, 723, 505, 348, 237, 192, 183]
[907, 847, 831, 830]
[903, 813, 790, 785]
[902, 741, 602, 481, 342, 231, 176, 167]
[909, 865, 848]
[908, 833, 819]
[904, 873, 868]
[907, 455, 215, 188]
[904, 721, 525, 374, 257, 181, 161, 160]
[904, 701, 441, 296, 248, 234]
[906, 566, 298, 193, 182, 181]
[908, 599, 367, 253, 221, 217]
[904, 771, 682, 651, 649, 648]
[903, 713, 499, 327, 228, 199, 195]
[904, 761, 671, 649, 646]
[905, 735, 541, 383, 279, 233, 223]
[903, 739, 549, 372, 262, 215, 192, 188, 187, 186]
[903, 621, 394, 257, 179, 172, 169]
[905, 757, 617, 498, 401, 311, 254, 231, 228]
[905, 578, 337, 226, 210, 209]
[904, 585, 332, 197, 186]
[903, 618, 353, 216, 184, 176]
[902, 777, 716, 705, 703]
[906, 743, 568, 401, 258, 192, 174, 170]
[905, 623, 384, 222, 189, 185]
[905, 643, 392, 230, 184, 183, 182]
[906, 605, 391, 256, 193, 187, 186]
[903, 836, 827, 822]
[901, 808, 788, 781, 779]
[905, 649, 411, 257, 195, 192]
[909, 685, 428, 290, 233, 216, 214]
[903, 709, 471, 319, 240, 223, 219]
[906, 813, 785, 775]
[906, 475, 223, 200]
[905, 477, 229, 194, 192]
[906, 546, 303, 197, 190]
[901, 584, 323, 200, 178]
[904, 832, 819, 817]
[906, 811, 769, 759, 757]
[904, 860, 855, 854]
[904, 834, 822, 819]
[904, 600, 365, 214, 190, 187]
[907, 855, 838, 836]
[904, 593, 308, 200, 194]
[903, 775, 716, 711, 710]
[903, 560, 298, 183, 178]
[905, 474, 221, 197]
[907, 605, 378, 245, 200, 199]
[906, 880, 876, 875]
[903, 398, 181, 180]
[900, 534, 283, 200, 188]
[903, 814, 796]
[903, 657, 398, 227, 186, 180]
[907, 552, 300, 202, 198]
[905, 737, 553, 380, 264, 192, 171, 167]
[908, 886, 881, 879]
[903, 717, 508, 353, 242, 203, 182, 177]
[907, 810, 784, 780]
[909, 841, 830]
[904, 581, 317, 212, 201]
[905, 818, 785, 782]
[907, 825, 800, 792]
[901, 810, 793, 790]
[905, 566, 333, 195, 173, 169, 163, 162]
[905, 719, 478, 321, 236, 214, 213]
[905, 884, 879, 878]
[907, 513, 271, 218, 212]
[906, 572, 290, 201, 198, 197]
[906, 804, 754, 749, 748]
[908, 827, 809, 807]
[904, 745, 589, 457, 319, 241, 200, 190]
[907, 795, 745, 728, 727]
[902, 729, 502, 314, 233, 206]
[901, 660, 419, 239, 183, 178]
[903, 815, 786, 781]
[904, 793, 751, 743]
[904, 749, 535, 365, 251, 206, 188, 184]
[902, 458, 243, 203, 197]
[904, 558, 327, 235, 215, 212]
[905, 844, 842, 839]
[906, 836, 822, 820]
[906, 832, 811, 809]
[904, 808, 784, 780]
[903, 809, 762, 754]
[907, 681, 474, 319, 210, 181, 174]
[905, 791, 739, 729, 727]
[908, 529, 264, 181, 175, 173, 171]
[905, 499, 272, 187, 183]
[907, 586, 361, 225, 193, 191]
[904, 754, 640, 618, 617]
[905, 551, 315, 210, 198, 197]
[903, 805, 744, 731]
[907, 576, 324, 204, 188]
[905, 784, 707, 681, 679, 678]
[904, 450, 174, 165]
[905, 825, 809, 807]
[902, 797, 743, 732, 731]
[905, 521, 298, 208, 197, 195]
[904, 630, 388, 228, 184, 175]
[904, 470, 243, 206]
[908, 801, 775, 766, 765]
[906, 714, 492, 330, 221, 184, 182, 179]
[908, 830, 809, 804]
[904, 688, 435, 309, 217, 194, 192]
[905, 844, 838]
[905, 554, 294, 201, 187]
[903, 722, 523, 357, 240, 176, 165, 164]
[908, 704, 452, 292, 232, 207, 206]
[908, 514, 280, 187, 184]
[904, 603, 353, 220, 194, 193]
[906, 772, 701, 677, 673]
[909, 626, 360, 241, 224]
[905, 722, 522, 352, 243, 189, 169, 164]
[903, 580, 341, 219, 200, 198]
[904, 622, 386, 228, 188, 182]
[905, 746, 571, 402, 281, 206, 182, 176, 172]
[905, 592, 341, 217, 185, 183]
[902, 663, 417, 268, 191, 178, 176]
[906, 716, 459, 285, 184, 177, 176, 175]
[905, 755, 595, 455, 312, 228, 185, 171]
[906, 557, 336, 217, 202, 200]
[906, 664, 385, 274, 223, 215]
[901, 472, 232, 214, 213]
[907, 738, 550, 379, 256, 202, 171, 162, 161]
[902, 635, 402, 275, 250]
[904, 628, 358, 244, 202, 199]
[903, 733, 511, 351, 233, 193, 177, 174, 173]
[904, 693, 469, 281, 201, 183]
[907, 684, 430, 281, 213, 198]
[906, 639, 392, 238, 211, 209]
[904, 538, 310, 206, 183, 182]
[906, 798, 767, 761, 760]
[908, 843, 838]
