[905, 682, 484, 349, 271, 253, 250]
[905, 844, 838, 837]
[906, 797, 778]
[906, 846, 834, 833]
[903, 791, 765, 758, 757]
[906, 886, 882]
[906, 819, 798, 797, 796]
[902, 866, 865]
[902, 881, 872]
[903, 872, 871]
[903, 821, 815, 814]
[909, 803, 772, 770]
[903, 662, 444, 312, 251, 232, 231]
[906, 773, 723, 714, 711]
[902, 863, 860, 859]
[906, 854, 842, 834, 833]
[905, 666, 453, 326, 251, 233]
[904, 605, 411, 297, 242, 225]
[904, 816, 808, 804]
[911, 830, 819, 816]
[901, 816, 805, 804]
[902, 865, 862, 860]
[902, 698, 515, 376, 305, 281, 280]
[906, 737, 618, 598, 597]
[904, 661, 423, 312, 251, 238]
[906, 633, 417, 302, 258, 247, 246]
[907, 540, 288, 226, 219, 216]
[905, 696, 482, 335, 262, 237, 235]
[905, 847, 841]
[903, 882, 875]
[909, 816, 792, 790, 789]
[903, 557, 348, 243, 225, 224]
[905, 852, 836, 833]
[905, 830, 825, 824]
[908, 878, 877, 876]
[908, 847, 843]
[904, 796, 770, 767]
[903, 863, 856]
[906, 495, 237, 212]
[906, 861, 855]
[905, 798, 770, 766]
[903, 771, 707, 702]
[904, 896, 895]
[907, 818, 814]
[903, 721, 617, 591]
[903, 797, 781, 772]
[904, 809, 786, 783]
[904, 886, 881]
[904, 725, 566, 437, 366, 349]
[910, 853, 846]
[905, 833, 828, 827]
[905, 895]
[902, 872, 868]
[904, 891, 887]
[903, 827, 814]
[903, 796, 769, 768]
[900, 859, 854, 853]
[904, 700, 490, 337, 243, 211, 206]
[907, 848, 840, 839]
[903, 730, 592, 541, 529]
[907, 892, 891]
[902, 825, 818]
[903, 741, 624, 579, 570]
[902, 593, 359, 250, 208, 205]
[904, 719, 565, 490, 460, 458, 457]
[904, 652, 426, 259, 228]
[906, 770, 725, 719, 718]
[910, 857, 842, 839]
[903, 787, 761, 753, 752]
[906, 888, 886]
[902, 658, 443, 286, 231, 216, 212]
[907, 901]
[906, 840, 827]
[906, 893, 886]
[904, 858, 856]
[905, 855, 847, 844]
[904, 742, 654, 636, 635]
[905, 845, 834, 833]
[903, 821, 807, 806]
[905, 884, 883, 882]
[908, 690, 457, 333, 262, 242, 241]
[905, 848, 830, 829]
[905, 854, 847]
[906, 747, 652, 620, 613]
[903, 724, 541, 386, 288, 246, 239]
[903, 888, 887, 886]
[905, 755, 673, 653]
[908, 740, 629, 583, 575]
[905, 859, 852]
[906, 885, 884]
[905, 872, 870, 869]
[903, 757, 712, 708, 707, 706]
[902, 889]
[905, 784, 754]
[902, 612, 403, 275, 228, 210, 209]
[905, 883, 878, 877]
[902, 819, 807, 806]
[904, 859, 858]
[903, 700, 544, 426, 358, 328, 327]
[905, 724, 556, 421, 348, 328, 326]
[903, 735, 629, 596, 594]
[903, 871, 866]
[906, 826, 816, 815]
[906, 815, 804, 800]
[905, 795, 765, 757]
[906, 783, 751, 750]
[905, 855, 848, 847]
[905, 728, 584, 500, 487]
[903, 745, 644, 616, 613]
[905, 888, 886, 885]
[905, 788, 737, 725]
[903, 819, 811, 810]
[904, 843, 839, 837]
[906, 887]
[905, 875, 870]
[905, 878, 874]
[906, 882, 881, 880]
[904, 760, 723, 717]
[904, 874, 871, 869]
[905, 836, 829, 828]
[905, 866, 863, 862]
[905, 872, 866]
[904, 637, 445, 310, 229, 216]
[902, 786, 764, 762, 761]
[905, 890, 889]
[908, 857, 854]
[907, 760, 680, 659, 649]
[905, 751, 647, 634]
[905, 839, 828]
[909, 837, 819, 813]
[907, 682, 493, 398, 357, 353]
[904, 729, 603, 563, 558]
[903, 662, 449, 304, 253, 249]
[904, 796, 752, 748, 747]
[903, 899, 898, 897]
[905, 888, 887]
[904, 895, 894, 893]
[905, 857, 850, 849]
[901, 747, 675, 652, 649]
[906, 606, 374, 242, 209, 207]
[903, 796, 770, 764, 760]
[907, 807, 789, 787]
[904, 891, 889]
[904, 742, 657, 637, 635]
[905, 758, 676, 670, 669]
[905, 794, 781, 780]
[903, 776, 732, 725, 723]
[903, 561, 335, 230, 212]
[906, 821, 805, 804]
[908, 723, 569, 500, 480, 477]
[903, 829, 818, 817]
[903, 872, 864, 862]
[905, 780, 751, 749]
[902, 630, 425, 288, 224, 191, 189]
[906, 874, 872]
[903, 861, 857]
[904, 898]
[905, 482, 247, 212]
[904, 839, 825]
[905, 874, 872, 871]
[904, 833, 819, 816]
[904, 695, 481, 358, 277, 234, 229]
[904, 838, 827]
[908, 566, 326, 203, 188, 186]
[909, 865, 860]
[906, 881]
[904, 685, 495, 353, 269, 252, 249]
[905, 534, 285, 206, 197]
[902, 657, 441, 304, 266, 257, 256]
[909, 886, 881]
[902, 804, 783, 781]
[903, 831, 819, 817]
[905, 693, 472, 346, 270, 229, 223]
[903, 703, 540, 405, 313, 248, 241, 240, 239]
[908, 774, 741, 735]
[904, 814, 784, 781]
[904, 739, 625, 602, 601]
[904, 843, 840]
[903, 861, 856]
[906, 822, 805, 802]
[905, 586, 356, 220, 187, 172, 171]
[908, 496, 265, 220, 214]
[904, 733, 643, 606, 602]
[904, 503, 245, 186, 181, 179]
[905, 785, 750, 748]
[903, 675, 464, 321, 253, 236, 234]
[904, 799, 780, 777]
[907, 880, 879, 878]
[906, 692, 497, 365, 276, 239, 237]
[907, 796, 753, 750]
[902, 807, 785, 784]
[906, 662, 452, 316, 251, 242]
[902, 875, 871]
[905, 862, 857]
[903, 849, 847]
[905, 811, 798]
[907, 851, 843]
[910, 691, 488, 343, 280, 264]
[902, 653, 441, 326, 253, 234, 233]
[907, 772, 724, 718]
[908, 779, 737, 727]
[903, 757, 707, 698, 696]
[905, 835, 828, 827]
[901, 758, 678, 660, 657, 656, 653]
[908, 838, 837]
[906, 648, 406, 276, 229, 221, 219]
[902, 865, 861, 859]
[905, 770, 725, 724]
[906, 703, 496, 345, 276, 258, 256]
[903, 881, 877, 876]
[906, 884, 882]
[907, 794, 760, 756]
[905, 849, 843]
[905, 858, 857]
[903, 885, 883]
[906, 847, 833, 828]
[903, 809, 788, 786]
[903, 837, 829, 828]
[906, 884, 881]
[902, 709, 518, 398, 325, 290, 289]
[904, 875, 873]
[904, 745, 607, 544, 526]
[902, 822, 806, 804]
[908, 879, 878]
[907, 818, 809]
[905, 578, 347, 244, 225]
[907, 875, 874]
[903, 845, 840]
[902, 876, 875]
[909, 857, 851]
[905, 865, 860]
[906, 839, 827, 826]
[900, 732, 612, 577, 576]
[905, 600, 404, 284, 226, 208, 207]
[909, 772, 750, 745]
[906, 874, 869, 866]
[904, 827, 811, 807]
[905, 822, 807, 806]
[905, 872, 871]
[905, 886, 884]
[905, 771, 693, 676]
[907, 869, 863, 861]
[900, 858, 852, 850]
[902, 737, 631, 616]
[905, 841, 839, 837]
[907, 892, 891]
[905, 798, 780, 778]
[909, 891, 890]
[906, 803, 786, 781]
[903, 829, 800, 798]
[902, 835, 823]
[902, 707, 509, 365, 288, 272, 270]
[906, 712, 514, 358, 294, 268, 267]
[902, 889, 888]
[903, 848, 844]
[904, 475, 263, 206, 201]
[902, 801, 783, 779]
[904, 721, 601, 551, 541, 538, 534]
[902, 690, 471, 341, 268, 251, 249]
[903, 769, 717, 712]
[906, 840, 835]
[904, 723, 559, 453, 416, 414]
[904, 680, 468, 317, 246, 222, 213]
[903, 748, 679, 665, 662]
[905, 850, 849, 848]
[904, 555, 338, 208, 191, 187]
[905, 878, 875]
[904, 776, 714, 707]
[909, 891, 889]
[905, 775, 733, 728]
[907, 886, 881]
[904, 800, 763, 762]
[903, 713, 555, 428, 332, 281, 275, 274]
[904, 865, 861]
[908, 893, 892]
[908, 893, 889]
[909, 671, 479, 351, 279, 258]
[905, 752, 715, 711]
[905, 889]
[907, 833, 822, 820]
[906, 774, 739, 735]
[906, 881, 879]
[906, 675, 455, 313, 228, 208, 204]
[905, 855, 847]
[901, 700, 540, 430, 391, 382, 381]
[904, 820, 814, 810]
[902, 864, 860, 858]
[906, 872, 868, 866]
[903, 735, 598, 551, 548]
[901, 866, 863]
[902, 877, 874, 872]
[903, 882, 878]
[903, 808, 793, 791]
[908, 792, 770, 767]
[905, 637, 437, 307, 254, 232, 229, 228]
[907, 578, 330, 237, 208, 206]
[902, 764, 710, 705, 704]
[903, 852, 850, 849]
[904, 568, 368, 229, 205, 204]
[906, 865, 858]
[901, 725, 567, 455, 392, 386]
[906, 711, 513, 353, 245, 222, 221]
[905, 605, 367, 270, 241, 237, 236]
[903, 871, 868, 867]
[903, 817, 800, 797]
[905, 716, 567, 482, 463, 462]
[904, 881]
[906, 647, 446, 311, 262, 243, 241]
[908, 888, 887]
[903, 698, 492, 358, 257, 228, 221]
[902, 657, 425, 299, 244, 236, 235]
[904, 681, 455, 336, 276, 261, 260]
[902, 777, 741, 736, 735]
[903, 716, 564, 517, 514]
[905, 815, 784, 780]
[904, 822, 806, 804]
[902, 827, 816]
[905, 717, 565, 459, 430]
[906, 817, 798, 797]
[903, 637, 427, 273, 228, 219, 218]
[902, 642, 413, 275, 244, 239]
[904, 862, 857, 856]
[903, 865, 858, 857]
[906, 720, 591, 538, 532]
[903, 725, 592, 548, 541]
[905, 720, 577, 503, 491]
[906, 616, 379, 245, 213, 208]
[902, 819, 813, 811]
[900, 695, 519, 407, 331, 318]
[904, 762, 673, 657, 656]
[904, 836, 831]
[909, 658, 436, 294, 228, 215]
[904, 870, 868]
[905, 853, 843]
[902, 826, 808, 805]
[906, 883, 879, 878]
[902, 769, 736, 730, 729]
[906, 839, 822, 817, 816]
[905, 873, 868, 867]
[908, 789, 756, 754]
[905, 850, 843]
[903, 853, 848]
[903, 757, 703, 702]
[904, 863, 857]
[907, 858, 847, 846]
[904, 758, 709, 703]
[907, 859, 846]
[906, 852, 838, 835]
[903, 782, 710, 702]
[902, 553, 314, 225, 215]
[910, 712, 482, 358, 299, 292, 291, 290]
[905, 900]
[906, 823, 808, 806]
[903, 854, 849, 848]
[904, 656, 465, 304, 244, 227, 225]
[905, 794, 766, 759]
[906, 900]
[905, 741, 669, 662, 660]
[905, 880, 874]
[908, 885, 883]
[908, 812, 794, 790, 789]
[903, 812, 806, 805]
[908, 793, 774, 771]
[902, 723, 606, 582, 581]
[904, 633, 428, 295, 234, 230]
[906, 852, 843, 842, 841]
[907, 828, 825]
[904, 788, 762, 757, 756]
[904, 783, 759, 753, 752]
[903, 611, 390, 268, 229, 225]
[903, 683, 472, 336, 269, 247, 246]
[905, 812, 790, 788]
[900, 855, 851]
[904, 529, 264, 217, 216]
[908, 892]
[901, 736, 618, 594, 592]
[906, 735, 607, 573]
[906, 847, 837]
[903, 738, 657, 646, 644]
[901, 798, 782, 778]
[904, 799, 777]
[903, 784, 760, 758]
[909, 826, 816, 815]
[905, 739, 615, 584, 582]
[903, 795, 768, 767]
[903, 699, 481, 364, 308, 282, 281]
[909, 799, 778, 772, 771]
[909, 781, 709, 697]
[903, 869, 856]
[904, 874, 868]
[903, 795, 777, 770]
[902, 824, 811, 808, 807]
[906, 834, 821, 820]
[906, 739, 643, 626, 624]
[906, 858, 852, 850]
[904, 753, 718, 715]
[910, 900]
[905, 794, 771, 769]
[908, 743, 641, 604, 598, 597]
[902, 637, 382, 229, 216, 215]
[902, 840, 833]
[905, 762, 690, 661, 657]
[905, 899]
[905, 818, 813]
[903, 863, 858]
[907, 875, 869, 868]
[903, 870, 868]
[905, 648, 411, 271, 220, 216]
[907, 826, 809, 806]
[905, 603, 427, 285, 231, 223, 222]
[907, 587, 355, 231, 215, 214]
[902, 734, 557, 423, 351, 339, 338]
[904, 839, 835, 834]
[904, 832, 821, 819]
[905, 567, 332, 246, 217, 215]
[907, 875, 874]
[908, 874, 868, 867]
[904, 895, 891, 890]
[907, 466, 254, 201, 195]
[901, 786, 770]
[903, 839, 831]
[902, 861, 855, 852]
[904, 786, 744, 733]
[903, 826, 809, 804]
[903, 817, 798]
[903, 888]
[907, 867, 866]
[908, 735, 603, 538, 529]
[905, 785, 733, 729]
[902, 729, 614, 565, 557, 554]
[905, 573, 351, 224, 201, 198, 197]
[906, 835, 830]
[907, 608, 384, 295, 251, 246]
[903, 818, 790, 786]
[904, 517, 280, 212, 199]
[903, 855, 850, 848]
[905, 830, 814, 812]
[906, 885, 884]
[907, 898, 896]
[902, 848, 839]
[909, 873, 870]
[904, 892, 889]
[903, 741, 626, 579, 576]
[906, 625, 402, 244, 195, 192]
[904, 869, 865, 864]
[908, 782, 751, 749]
[907, 847, 840]
[911, 880, 876]
[906, 838, 829, 828]
[906, 592, 322, 203, 200]
[903, 746, 624, 597, 595]
[904, 889, 884, 883]
[910, 682, 496, 365, 284, 242, 238]
[907, 789, 742, 734, 732]
[903, 882, 878]
[905, 891, 890]
[907, 819, 805]
[904, 896]
[904, 689, 516, 359, 255, 236, 231, 229]
[904, 857, 853]
[906, 886, 881]
[905, 762, 686, 674, 673]
[906, 824, 814, 812]
[902, 888, 887, 886]
[903, 811, 796, 792, 791]
[903, 819, 808]
[903, 709, 582, 537, 534]
[901, 840, 821, 820]
[905, 814, 783, 776, 775, 774]
[904, 653, 452, 298, 230, 209]
[904, 567, 348, 212, 190, 189]
[904, 865, 860]
[905, 849, 847, 844]
[906, 749, 628, 582, 578]
[906, 633, 414, 265, 219, 213, 212]
[902, 870, 866, 865]
[905, 607, 412, 279, 233, 228]
[906, 799, 775, 774]
[903, 764, 717, 710]
[907, 831, 824, 822]
[904, 886, 885]
[900, 553, 301, 234, 222, 221]
[909, 839, 832, 831]
[904, 869, 863]
[903, 837, 828, 826]
[905, 768, 718, 716, 715]
[902, 832, 815]
[905, 820, 808, 806]
[907, 703, 519, 408, 352, 344]
[903, 888, 885]
[904, 868, 865, 863]
[904, 884, 881]
[904, 758, 688, 680, 679]
[907, 867]
[904, 479, 225, 205, 204]
[906, 855, 846, 845]
[903, 800, 777, 769, 768]
[906, 834, 824, 819]
[906, 833, 821]
[903, 560, 312, 211, 189, 188]
[909, 809, 787, 784]
[905, 772, 715, 705]
[908, 788, 770, 765]
[906, 874, 871, 870]
[905, 540, 304, 205, 193, 192]
[905, 850, 846, 845, 844]
[906, 775, 748, 747]
[904, 855, 848]
[902, 825, 815, 814]
[909, 751, 665, 652]
[905, 824, 815, 814]
[907, 890, 889]
[906, 870, 869]
[903, 798, 780, 774, 773]
[905, 669, 460, 306, 238, 221]
[902, 821, 803]
[907, 674, 452, 332, 268, 249, 247]
[906, 837, 834]
[906, 540, 293, 215, 211]
[905, 841, 834, 833]
[908, 872, 860, 859]
[907, 895, 894]
[903, 802, 779, 770]
[906, 793, 764, 759, 758]
[905, 604, 376, 259, 218, 211]
[908, 720, 588, 564, 563]
[909, 881, 879]
[906, 597, 360, 244, 222]
[902, 887, 886]
[906, 887, 884]
[902, 880, 876]
[903, 552, 268, 222, 220]
[903, 714, 531, 417, 368, 363]
[904, 694, 473, 354, 291, 268, 267]
[904, 645, 442, 295, 241, 230]
[907, 846, 838, 837]
[906, 851, 843]
[905, 744, 660, 635, 631]
[905, 739, 617, 580]
[902, 876, 873, 871]
[901, 749, 659, 648]
[903, 846, 840, 837]
[909, 872, 869, 868]
[907, 696, 507, 380, 302, 260, 250, 249]
[907, 867, 865]
[902, 780, 756, 754]
[903, 850, 843]
[906, 752, 691, 685]
[910, 766, 705, 697]
[904, 801, 770, 766]
[907, 851, 845]
[907, 776, 715, 703]
[902, 866, 864]
[907, 859]
[905, 681, 454, 307, 245, 230, 225]
[905, 818, 797]
[904, 466, 243, 200]
[906, 726, 585, 530, 518, 517]
[903, 649, 445, 307, 228, 217, 214]
[907, 799, 771, 767, 765]
[905, 741, 606, 534, 526]
[905, 860, 854]
[904, 719, 558, 462, 419, 410]
[906, 579, 335, 233, 218, 215]
[905, 859, 855, 854]
[907, 833, 830]
[904, 591, 371, 254, 223, 217]
[904, 867, 862, 861]
[903, 765, 711, 700, 693]
[906, 886, 882]
[904, 804, 774, 770]
[906, 865, 863, 862]
[901, 837, 829, 828]
[905, 758, 694, 689]
[901, 776, 748, 743]
[901, 608, 405, 283, 231, 218, 217]
[905, 725, 595, 543, 536, 535]
[907, 596, 354, 225, 200, 197]
[903, 800, 779, 776]
[905, 603, 386, 249, 207, 201]
[908, 867, 864]
[900, 765, 742, 740, 737]
[902, 896]
[906, 776, 742, 739]
[905, 825, 808, 806]
[902, 600, 345, 235, 221, 220]
[905, 675, 453, 313, 251, 242]
[904, 815, 801, 798]
[901, 830, 829]
[903, 824, 804, 800]
[908, 743, 663, 640]
[907, 834, 817, 815]
[905, 695, 485, 344, 271, 249, 245]
[902, 837, 832, 830, 829]
[907, 875, 872]
[901, 882, 880]
[908, 898, 897]
[904, 784, 757, 752]
[904, 625, 387, 265, 229, 215, 214]
[907, 566, 330, 240, 231]
[908, 900]
[906, 844, 835, 834]
[908, 709, 536, 413, 332, 297, 296]
[901, 874, 871, 870]
[904, 843, 835, 830]
[904, 868, 863]
[906, 825, 819]
[905, 853, 842]
[902, 790, 768, 766]
[905, 758, 672, 653, 650]
[905, 898]
[908, 750, 689, 686]
[903, 803, 790, 788]
[907, 620, 396, 253, 225]
[907, 604, 390, 245, 230, 228]
[904, 678, 465, 348, 289, 274]
[906, 760, 695, 688]
[906, 873, 868, 867]
[905, 870, 868]
[904, 823, 811, 809]
[906, 824, 799, 798]
[904, 881, 880]
[907, 889, 888]
[907, 864, 858, 856]
[908, 668, 474, 342, 252, 226, 224]
[908, 784, 744, 743]
[905, 762, 676, 657]
[905, 748, 614, 572, 566, 564]
[908, 885, 879]
[905, 622, 414, 296, 248, 235, 234]
[903, 697, 482, 331, 260, 227, 217]
[909, 848, 846]
[904, 879, 878]
[901, 684, 505, 382, 318, 307]
[904, 846, 837]
[903, 893, 890, 888]
[903, 604, 403, 280, 237, 234, 233]
[905, 832, 822, 820]
[906, 633, 410, 293, 243, 236, 235, 234]
[907, 885, 881, 880]
[904, 726, 614, 592]
[905, 763, 690, 683]
[902, 699, 476, 339, 274, 261]
[903, 879, 873, 872]
[904, 739, 655, 639, 637]
[904, 863, 857, 856]
[905, 824, 816, 815]
[905, 841, 834, 831, 830]
[902, 490, 266, 201, 196]
[907, 579, 357, 241, 209, 202]
[902, 834, 818]
[904, 871, 870]
[902, 784, 751, 746, 745]
[905, 866, 858, 856]
[905, 871, 862, 860, 859]
[902, 633, 439, 328, 278, 268]
[905, 828, 815, 813]
[902, 886, 885]
[908, 829, 815, 813]
[900, 701, 530, 403, 347, 340]
[903, 656, 444, 277, 206, 201]
[906, 708, 531, 413, 339, 310, 309]
[902, 599, 381, 238, 212, 209]
[900, 848, 842]
[901, 534, 284, 193, 189, 187]
[904, 780, 742, 736]
[905, 743, 610, 561, 555]
[904, 529, 279, 234, 226]
[901, 680, 463, 317, 239, 210, 198]
[907, 595, 375, 264, 240, 239]
[904, 880]
[905, 833, 823, 820]
[904, 853, 850]
[900, 719, 581, 522, 512]
[906, 819, 806, 804, 803]
[904, 818, 786, 784]
[903, 883, 881]
[903, 843, 837, 836]
[907, 860, 854, 853]
[903, 875, 873, 872]
[901, 766, 709, 695, 693]
[903, 790, 759, 755]
[907, 846, 840, 837]
[903, 851, 843]
[901, 817, 805, 803]
[906, 857, 851, 848]
[902, 838, 832, 831]
[902, 678, 476, 353, 269, 223, 215]
[906, 624, 415, 291, 246, 243, 242]
[905, 636, 418, 278, 227, 222, 221]
[904, 771, 714, 697, 696]
[906, 771, 714, 710]
[903, 842, 835]
[905, 573, 334, 231, 208, 204]
[902, 783, 756, 752]
[905, 860, 857, 856]
[905, 879, 875]
[907, 669, 455, 321, 259, 241, 240]
[905, 885, 881]
[906, 568, 317, 209, 196]
[905, 741, 645, 636, 634]
[904, 838, 828]
[907, 794, 757, 756]
[909, 862, 855]
[904, 675, 444, 325, 292, 285, 284]
[904, 882, 881]
[909, 786, 750, 747]
[904, 880, 877]
[903, 885, 881, 879]
[901, 509, 269, 210, 200]
[906, 868, 860]
[905, 872, 868]
[906, 658, 458, 314, 258, 247, 245]
[901, 894, 893]
[904, 806, 784, 783]
[907, 836, 818, 816, 815]
[906, 830, 823, 822]
[901, 838, 833]
[905, 730, 608, 581, 577]
[904, 623, 404, 279, 230, 222]
[905, 733, 591, 547, 541, 539]
[902, 799, 783, 781]
[903, 801, 785, 783]
[903, 799, 789]
[902, 644, 445, 318, 262, 239]
[902, 841, 833, 832]
[905, 851, 849]
[904, 851, 844]
[905, 893]
[907, 891, 889]
[906, 661, 415, 299, 243, 233, 230]
[906, 860, 858]
[905, 773, 706, 690]
[905, 793, 752, 743, 742]
[905, 741, 639, 624, 622]
[903, 845, 824, 821]
[904, 835, 831]
[903, 804, 784, 780, 779]
[902, 896]
[904, 559, 333, 224, 208, 207]
[903, 880, 875]
[905, 797, 774, 772]
[904, 885, 883]
[902, 687, 504, 369, 293, 276, 273]
[909, 879, 878, 876]
[902, 865, 854, 853]
[903, 822, 804, 800]
[905, 654, 444, 316, 245, 221, 218]
[907, 875, 867, 866]
[905, 852, 839, 838]
[902, 628, 413, 277, 226, 217]
[905, 872, 865]
[904, 721, 575, 475, 459, 458]
[903, 885, 884, 883]
[906, 788, 771, 766]
[904, 607, 358, 254, 214, 209]
[907, 650, 425, 280, 235, 233]
[906, 874, 870, 869]
[905, 752, 653, 631, 630]
[908, 887, 881, 878, 877]
[901, 680, 483, 365, 291, 264, 260]
[904, 684, 458, 344, 274, 253, 251, 249]
[903, 573, 370, 243, 217, 216]
[901, 790, 764, 762]
[908, 835, 823]
[904, 836, 828, 825]
[905, 617, 411, 271, 217, 205]
[908, 895, 892, 891]
[904, 740, 656, 642, 641]
[904, 749, 659, 641, 636]
[903, 896]
[903, 895]
[904, 887, 883, 882]
[905, 858, 850, 845]
[905, 813, 805, 802]
[905, 831, 820]
[909, 799, 771, 769]
[903, 741, 620, 598, 594]
[905, 839, 830]
[906, 821, 807, 799]
[907, 854, 847, 844]
[904, 857, 843]
[906, 617, 377, 278, 250, 244, 243]
[906, 802, 774, 773]
[907, 789, 766, 756, 754]
[906, 809, 781, 780]
[902, 792, 766, 759, 758]
[907, 609, 372, 252, 215, 214]
[903, 891]
[906, 646, 412, 279, 233, 227]
[908, 686, 463, 342, 277, 262]
[901, 835, 826, 825]
[905, 801, 779, 775]
[904, 861, 859, 858]
[907, 843, 830, 829]
[902, 858, 851]
[903, 708, 523, 391, 324, 307]
[904, 628, 416, 268, 220, 216]
[905, 815, 792, 789, 788]
[902, 647, 442, 298, 237, 220, 217, 216]
[907, 884, 880]
[904, 849, 840, 839]
[907, 848, 845, 842]
[910, 897, 894, 893]
[904, 630, 411, 277, 231, 217, 216]
[907, 777, 748, 740]
[905, 762, 686, 669]
[901, 855, 841, 838, 837]
[906, 879, 877]
[902, 838, 829, 828]
[907, 883, 881]
[907, 575, 332, 237, 204]
[906, 844, 834, 830]
[904, 687, 462, 336, 269, 250, 248]
[905, 759, 706, 704]
[905, 694, 495, 343, 251, 228, 227]
[907, 818, 810, 805]
[901, 780, 735, 720]
[907, 716, 544, 396, 324, 301]
[904, 589, 355, 237, 207, 201, 198]
[903, 624, 408, 260, 218, 210]
[903, 714, 517, 367, 281, 256, 255]
[903, 742, 626, 588, 583]
[902, 799, 781, 780]
[906, 826, 812, 808]
[902, 805, 779, 772]
[908, 893, 891, 890]
[903, 803, 769, 764, 763]
[904, 892, 889]
[903, 693, 501, 332, 248, 223, 222]
[905, 699, 460, 330, 241, 218]
[904, 708, 542, 421, 376, 369]
[908, 875, 868]
[906, 826, 811, 809]
[902, 862, 856, 854]
[905, 723, 519, 347, 261, 224, 219]
[906, 839, 824]
[903, 829, 819, 818]
[904, 778, 741, 735]
[902, 586, 375, 269, 218, 205, 204]
[905, 810, 789, 787]
[905, 850, 838, 834]
[904, 743, 694, 690, 689]
[905, 817, 811]
[909, 832, 826]
[906, 884, 881]
[904, 831, 826, 823, 822]
[905, 821, 812, 810]
[907, 866, 859, 856]
[906, 617, 383, 253, 201, 197, 196]
[903, 867, 865, 864]
[908, 868, 860, 859]
[908, 791, 770, 768]
[903, 851, 849, 848]
[910, 642, 402, 275, 219, 217, 216]
[903, 893, 892]
[904, 873, 867]
[905, 667, 467, 326, 256, 242]
[906, 723, 597, 538, 535, 533]
[908, 848, 842]
[906, 811, 799, 796]
[904, 768, 728, 723]
[902, 548, 298, 216, 207]
[904, 674, 466, 342, 304, 298]
[905, 852, 840]
[907, 873, 871]
[906, 869, 863]
[904, 788, 766, 760]
[907, 524, 297, 209, 187, 185]
[903, 889, 887]
[904, 831, 822]
[907, 838, 831]
[905, 830, 822, 820]
[909, 793, 762, 758]
[906, 857, 850, 848]
[905, 850, 839, 838]
[904, 878, 877]
[905, 884, 883, 882]
[908, 893, 892, 891]
[904, 897]
[902, 804, 790, 789]
[904, 847, 841, 839, 838]
[902, 815, 809]
[905, 800, 784, 782]
[902, 814, 796]
[907, 741, 639, 622, 621]
[904, 891]
[903, 687, 473, 333, 266, 249]
[905, 814, 794, 793]
[910, 874, 872]
[907, 836, 828]
[906, 732, 601, 565, 564]
[905, 878, 873]
[903, 873, 868]
[905, 868, 863]
[903, 709, 532, 400, 337, 306, 303, 302]
[903, 622, 398, 267, 238, 236]
[904, 746, 663, 658, 657]
[905, 888, 887]
[907, 881, 879, 878]
[908, 778, 749, 746, 745]
[904, 752, 642, 616, 611, 610]
[903, 780, 741, 735, 734]
[907, 867, 865]
[904, 770, 712, 705, 702]
[905, 884, 881]
[903, 894]
[905, 871, 868, 867]
[906, 779, 735, 726, 725]
[904, 893, 889]
[902, 755, 651, 630, 629]
[903, 798, 760, 757]
[908, 892]
[903, 727, 578, 548, 538]
[909, 694, 479, 347, 282, 249, 243]
[907, 804, 784, 777, 776]
[907, 872, 867]
[902, 819, 809]
[906, 841, 838, 836]
[907, 824, 812, 811]
[903, 719, 545, 416, 351, 338]
[908, 867, 865, 864]
[901, 627, 389, 262, 224, 220]
[904, 825, 814, 812]
[903, 878, 875]
[907, 792, 737, 727, 726, 725]
[907, 873, 867, 866]
[903, 761, 720, 717, 716]
[908, 728, 578, 485, 458]
[902, 789, 769, 768]
[904, 886, 885, 884]
[904, 552, 363, 238, 216, 215]
[906, 756, 686, 669, 667, 666]
[907, 900, 897]
[908, 654, 445, 312, 247, 226]
[906, 740, 643, 626, 625]
[908, 898]
[905, 870, 863, 862]
[904, 761, 696, 688, 687]
[904, 766, 697, 677, 676]
[906, 856, 849, 847]
[903, 797, 780, 779]
[906, 885, 883]
[904, 846, 834, 833]
[905, 781, 758, 757]
[907, 849, 840, 837]
[905, 888, 887]
[905, 786, 748, 746]
[908, 672, 483, 362, 309, 290, 287]
[904, 674, 461, 335, 280, 265, 264]
[904, 863, 858, 857]
[902, 814, 800, 797]
[907, 883, 877]
[903, 763, 727]
[904, 854, 849]
[904, 773, 737, 733]
[906, 807, 795]
[906, 901, 897]
[906, 807, 785, 782]
[906, 680, 483, 325, 252, 219, 207, 206]
[905, 864, 856]
[906, 838, 829]
[905, 887, 885]
[907, 871, 870]
[907, 724, 572, 482, 459, 456]
[903, 715, 539, 433, 390, 379, 378]
[903, 852, 845, 844]
[903, 877, 875]
[905, 637, 420, 285, 232, 226]
[905, 800, 777, 773]
[904, 866, 864]
[907, 875, 873, 872]
[905, 817, 805]
[906, 625, 408, 265, 223, 221]
[904, 862, 857]
[902, 851, 841]
[909, 888, 884]
[905, 832, 824, 823]
[905, 759, 708, 704, 703]
[909, 647, 434, 303, 235, 221, 220]
[907, 788, 741, 739]
[906, 742, 646, 643]
[904, 850, 839, 838]
[906, 868, 862, 861]
[909, 755, 700, 688, 684, 683]
[908, 728, 580, 513, 502, 501]
[908, 792, 763, 758]
[904, 878, 874]
[904, 739, 646, 629, 628, 627]
[905, 698, 526, 409, 361]
[906, 894]
[903, 697, 511, 392, 320, 298, 294]
[909, 875, 872, 871]
[905, 740, 631, 600, 595]
[904, 854, 843, 842]
[903, 704, 507, 376, 312, 294, 293]
[903, 527, 271, 198, 194]
[905, 776, 744, 738]
[908, 657, 461, 334, 262, 240]
[903, 885]
