[906, 698, 592, 561, 555, 554]
[905, 682, 503, 406, 381, 375]
[905, 684, 510, 426, 403, 401]
[907, 764, 718, 715]
[905, 337, 310, 308]
[906, 687, 505, 443, 433, 432, 430]
[902, 595, 378, 352, 347, 346]
[905, 723, 608, 554, 542, 539]
[901, 672, 510, 455, 437, 433, 432]
[903, 580, 391, 364, 361]
[905, 322, 302]
[903, 626, 482, 420, 392]
[907, 417, 323, 313]
[905, 737, 634, 622]
[905, 367, 306, 294]
[902, 745, 612, 545, 526, 523]
[903, 369, 298, 286]
[905, 757, 679, 661, 653, 648, 647]
[904, 817, 795]
[908, 531, 351, 333, 329, 327, 326]
[904, 437, 321, 297, 291]
[906, 440, 310, 302]
[908, 604, 406, 364, 362]
[906, 455, 359, 346, 345]
[906, 586, 411, 366, 352, 347]
[904, 484, 299, 279, 272, 269]
[906, 781, 724, 712]
[905, 785, 733, 712, 709]
[906, 703, 598, 566, 565]
[905, 601, 435, 393, 387]
[902, 433, 330, 317]
[907, 814, 784, 781, 780]
[905, 744, 663, 656, 655]
[905, 802, 758, 747]
[908, 531, 359, 324, 317, 316]
[903, 571, 366, 332, 325]
[903, 707, 606, 579, 576]
[901, 648, 444, 358, 343, 338, 337]
[904, 796, 783, 780]
[906, 492, 313, 297]
[904, 624, 455, 395, 364, 352]
[903, 627, 439, 390, 385]
[902, 754, 693, 684, 676, 668]
[909, 826, 807, 803, 802]
[905, 517, 352, 333, 332]
[901, 341, 292]
[907, 467, 335, 307]
[905, 621, 431, 354, 342, 341]
[903, 586, 387, 338, 317, 309]
[906, 383, 305, 293, 291]
[906, 503, 339, 314]
[901, 370, 342, 340]
[910, 725, 591, 536, 530, 529]
[905, 619, 441, 399, 389]
[907, 508, 356, 327]
[907, 685, 454, 353, 324, 315, 309]
[903, 644, 469, 401, 380, 376]
[907, 550, 353, 315, 308, 307, 304]
[908, 817, 797, 792]
[902, 413, 341, 326, 323]
[905, 785, 760]
[906, 561, 387, 356, 353]
[900, 531, 324, 307, 305]
[905, 723, 602, 576, 571, 569]
[905, 547, 381, 342, 332]
[901, 601, 444, 394, 372, 371]
[902, 424, 360, 347]
[904, 824, 810, 809]
[907, 498, 336, 294, 293]
[902, 626, 435, 391, 390]
[905, 668, 497, 415, 387, 378]
[902, 670, 524, 472, 466]
[903, 582, 379, 338, 330]
[905, 743, 650, 631, 628]
[907, 726, 597, 538, 524, 514, 511, 510]
[903, 701, 554, 471, 456]
[903, 673, 524, 463, 461]
[904, 554, 397, 359, 357]
[903, 460, 328, 309]
[909, 340, 277, 269]
[903, 803, 776, 771]
[907, 818, 790, 786]
[906, 656, 443, 342, 315, 310]
[905, 600, 427, 367, 355, 353]
[903, 552, 345, 305, 297, 296, 294]
[905, 514, 376, 353, 352]
[904, 709, 539, 490, 474, 472]
[907, 786, 721, 709, 707]
[903, 697, 570, 502, 495, 493]
[903, 641, 423, 333, 317, 315]
[904, 600, 385, 353, 344, 330, 329]
[906, 647, 478, 403, 392, 391]
[906, 681, 539, 493, 487]
[901, 583, 383, 344, 331, 329]
[909, 597, 382, 343, 330, 321, 320]
[907, 679, 488, 391, 362, 351, 350]
[904, 662, 462, 383, 354, 353]
[904, 310, 308]
[902, 626, 462, 399, 393]
[906, 639, 412, 354, 350]
[905, 795, 777, 771]
[904, 630, 449, 379, 351, 342]
[904, 566, 390, 359, 357]
[903, 678, 503, 429, 417]
[905, 696, 521, 455, 443]
[903, 549, 388, 357, 353]
[906, 614, 414, 363, 345, 344]
[904, 707, 558, 479, 466, 464]
[905, 762, 682, 656, 649]
[906, 770, 714, 701, 698]
[905, 536, 344, 331, 328]
[905, 495, 306, 295, 293]
[907, 666, 533, 502, 496, 492]
[902, 676, 540, 494, 491, 489]
[904, 670, 513, 456, 447, 443]
[904, 721, 604, 556, 552, 551, 550]
[903, 805, 788, 784, 780]
[905, 619, 447, 401, 388, 381, 380]
[901, 700, 578, 551, 550]
[903, 758, 659, 626, 618, 617]
[903, 720, 630, 607, 597, 596]
[907, 637, 486, 434, 419, 418]
[902, 325, 305, 304]
[903, 690, 560, 548]
[905, 647, 469, 412, 399, 398, 395]
[903, 778, 728, 727]
[903, 710, 595, 556, 553]
[907, 656, 466, 413, 399, 396]
[907, 447, 318, 308]
[903, 797, 769, 763, 762]
[904, 322, 300]
[905, 426, 331, 326]
[903, 448, 326, 315, 310]
[903, 754, 711, 706, 705]
[901, 659, 526, 474, 468, 467]
[902, 694, 561, 504, 496, 491]
[902, 396, 290, 285]
[904, 664, 483, 402, 384]
[905, 382, 285, 284]
[907, 478, 360, 345]
[904, 446, 293, 288]
[904, 674, 517, 472, 471]
[904, 437, 342, 332, 331, 328, 327]
[905, 372, 325]
[906, 340, 331, 330]
[905, 718, 609, 582, 575]
[904, 680, 511, 416, 395, 387, 381]
[903, 773, 739, 737]
[904, 663, 493, 424, 409, 403]
[903, 464, 330, 313, 306]
[904, 385, 287, 277]
[906, 616, 459, 355, 341]
[905, 770, 711, 703, 702]
[905, 515, 353, 323]
[908, 788, 760, 757]
[905, 697, 562, 514, 497, 493]
[903, 718, 638, 631]
[904, 757, 672, 660, 657]
[906, 471, 337, 309, 308]
[905, 724, 608, 579, 569, 567]
[905, 749, 679, 669, 668]
[905, 782, 737, 732]
[906, 737, 658, 636, 634]
[901, 550, 384, 362, 361]
[901, 385, 321, 309]
[900, 657, 492, 417, 387, 382, 381]
[911, 651, 460, 376, 357, 354, 352]
[906, 813, 764, 749, 746]
[904, 436, 335, 324, 321]
[901, 430, 327, 307]
[903, 516, 382, 359]
[902, 406, 321, 314]
[906, 608, 380, 328, 319, 318]
[909, 711, 579, 533, 529, 528]
[903, 452, 324, 314]
[906, 513, 321, 301]
[907, 493, 342, 316, 312]
[908, 761, 670, 649, 642]
[908, 758, 676, 656, 654, 652]
[907, 407, 345, 344]
[906, 464, 330, 318, 317, 316]
[901, 520, 373, 338, 332, 330]
[903, 443, 335, 318, 317]
[905, 639, 472, 425, 416]
[902, 398, 345, 343]
[904, 811, 785, 779]
[904, 807, 775, 769, 767]
[905, 523, 361, 330, 323]
[904, 379, 312, 307]
[901, 486, 323, 305]
[904, 382, 301, 292]
[904, 570, 399, 367, 365]
[906, 478, 308, 297, 296]
[904, 804, 770, 760, 758]
[909, 528, 354, 325, 317, 314, 313]
[907, 706, 525, 427, 397, 380, 378]
[902, 726, 602, 550, 547, 543]
[905, 398, 295, 287]
[903, 628, 403, 349, 343]
[904, 689, 544, 456, 432]
[906, 487, 370, 346, 345, 344]
[905, 524, 350, 314, 308, 303, 300]
[905, 719, 577, 537, 526, 522, 520]
[904, 825, 815, 813]
[903, 745, 666, 630, 629]
[907, 800, 759, 751, 750]
[903, 326, 311, 309]
[908, 713, 598, 543, 534, 533]
[905, 501, 350, 330]
[908, 791, 744, 738]
[906, 678, 531, 476, 471, 470]
[906, 648, 449, 388, 364]
[909, 513, 352, 321, 317]
[902, 419, 312, 303, 295]
[904, 729, 646, 615, 607, 605, 604]
[907, 525, 358, 349, 347, 346]
[904, 674, 522, 476, 467]
[906, 650, 480, 400, 361, 357, 355]
[905, 757, 705, 697]
[908, 470, 341, 320, 318]
[902, 560, 373, 351, 350]
[902, 566, 377, 345, 343, 341]
[904, 710, 574, 520, 511, 506]
[904, 672, 493, 404, 363, 347, 344]
[906, 683, 523, 445, 418, 413, 411, 410]
[904, 507, 365, 351, 350]
[904, 363, 286, 275]
[904, 758, 664, 642, 637]
[907, 707, 617, 605]
[903, 554, 385, 361, 359]
[907, 587, 392, 332, 322, 317, 313]
[908, 655, 473, 407, 395, 393]
[904, 325, 250, 243]
[905, 746, 667, 654]
[903, 377, 302, 299]
[909, 542, 354, 335, 328, 323, 322]
[903, 837, 827, 824]
[905, 729, 636, 618, 614]
[906, 726, 615, 585, 584]
[904, 680, 540, 460, 428, 422]
[906, 752, 668, 621, 600, 597, 593]
[905, 728, 607, 558, 543, 540, 539]
[907, 575, 383, 350, 348]
[903, 388, 312, 298]
[904, 556, 385, 347]
[906, 692, 503, 424, 374, 369]
[910, 689, 551, 492, 486, 485]
[902, 687, 542, 462, 442, 437]
[904, 629, 435, 398, 396]
[906, 503, 340, 321]
[908, 493, 346, 315, 312]
[904, 598, 384, 336, 330]
[901, 555, 400, 351, 344, 343]
[904, 493, 325, 324]
[908, 794, 776]
[905, 541, 350, 315, 310]
[905, 662, 503, 435, 431]
[905, 722, 580, 526, 515, 513]
[904, 503, 345, 338]
[903, 782, 740, 730]
[903, 644, 443, 383, 364, 361]
[903, 533, 340, 319, 312]
[908, 752, 661, 622, 618, 616]
[905, 470, 321, 312]
[901, 473, 312, 303, 302]
[904, 562, 390, 369, 364]
[905, 329, 307]
[902, 430, 311, 307, 306]
[904, 692, 611, 600, 597]
[906, 400, 331, 326]
[904, 801, 770, 765]
[906, 661, 463, 400, 387]
[903, 361, 286, 267]
[907, 801, 789]
[904, 367, 299, 292]
[907, 597, 386, 311, 299, 298]
[904, 695, 491, 419, 386, 382]
[909, 429, 319, 305]
[901, 744, 643, 615, 607, 604]
[907, 798, 767, 762]
[901, 633, 408, 333, 311, 308]
[903, 442, 307, 296, 294]
[903, 641, 422, 339, 328]
[902, 466, 316, 306, 305]
[906, 813, 786, 784]
[908, 493, 306, 300]
[906, 573, 395, 371, 363]
[908, 742, 654, 645, 643, 642]
[907, 504, 361, 345, 342, 332]
[906, 728, 645, 638]
[905, 750, 659, 631, 629, 628]
[904, 628, 473, 413, 410, 409]
[905, 610, 394, 324, 311, 304, 302]
[906, 681, 548, 504, 500]
[905, 688, 535, 488, 481, 480]
[905, 651, 465, 414, 403]
[902, 726, 617, 595, 592]
[905, 789, 761, 755]
[909, 715, 570, 511, 498, 495]
[904, 589, 422, 358, 341, 340]
[904, 710, 596, 545, 530, 524, 523]
[905, 372, 332, 331]
[908, 553, 375, 349, 347]
[905, 718, 619, 593, 586]
[906, 363, 346]
[903, 783, 749, 736, 735]
[905, 572, 414, 367, 353]
[910, 714, 606, 581, 570, 569]
[910, 336, 295]
[903, 593, 428, 401, 389, 388, 387]
[908, 384, 278, 273]
[905, 662, 490, 437, 428, 427]
[905, 347, 284, 270]
[904, 791, 734, 733]
[907, 782, 742, 728, 716, 714]
[905, 488, 348, 327, 324]
[905, 755, 703, 686, 685]
[906, 693, 529, 453, 443]
[907, 673, 487, 421, 394, 393]
[905, 695, 529, 474, 466, 463, 462]
[906, 534, 380, 333, 323, 321]
[910, 447, 334, 330]
[902, 720, 645, 630, 629]
[907, 594, 387, 348, 345]
[907, 782, 741, 731, 729]
[906, 783, 739, 734]
[908, 379, 298, 286]
[905, 631, 424, 331, 295, 284]
[907, 629, 476, 422, 408, 407]
[903, 736, 659, 652, 651]
[905, 612, 413, 383, 376, 375]
[908, 787, 726, 712, 710]
[905, 447, 323, 312]
[904, 796, 769, 760, 758]
[907, 718, 616, 591, 585]
[900, 674, 549, 505, 496, 492]
[909, 553, 371, 351, 350]
[903, 591, 396, 343, 339, 338]
[906, 728, 616, 584, 579]
[906, 564, 397, 335, 316, 314]
[906, 630, 416, 336, 312, 308]
[905, 702, 591, 555, 554, 552]
[903, 655, 490, 451, 447, 446]
[907, 448, 329, 311, 310]
[905, 652, 432, 356, 317, 311, 305, 299]
[902, 460, 320, 313]
[907, 505, 325, 295, 290, 288]
[904, 533, 314, 303, 290]
[905, 564, 345, 321, 313, 312]
[903, 407, 326, 319]
[908, 427, 317, 311]
[908, 447, 340, 336]
[909, 775, 717, 710]
[904, 451, 331, 305]
[907, 347, 319, 318]
[906, 733, 650, 637, 635]
[903, 798, 771, 768]
[903, 648, 453, 410, 404]
[906, 435, 307, 297, 284, 283]
[907, 565, 373, 342, 338, 337]
[905, 793, 768, 762]
[904, 447, 303, 293, 292]
[903, 750, 681, 663, 657, 647, 645, 644]
[902, 481, 327, 321]
[904, 607, 415, 351, 332, 330]
[906, 642, 480, 426, 402, 397]
[902, 670, 455, 383, 342, 341]
[905, 649, 476, 431, 421]
[902, 419, 326, 318]
[903, 475, 347, 338]
[904, 412, 318, 304]
[904, 364, 288, 281]
[907, 711, 577, 539, 535]
[905, 668, 511, 458, 448]
[905, 832, 818, 817]
[906, 585, 395, 346, 342]
[904, 629, 446, 415]
[906, 666, 456, 371, 358, 357]
[904, 493, 334, 313, 310]
[907, 804, 755, 748, 746, 744, 741]
[907, 640, 459, 386, 375]
[907, 700, 559, 506, 491]
[904, 752, 689, 680, 678]
[905, 571, 409, 387, 385, 383]
[904, 776, 747, 745, 744, 743]
[908, 780, 742, 735, 734]
[903, 310, 297]
[904, 706, 525, 430, 388, 373, 371, 369, 368]
[901, 420, 328, 323]
[902, 611, 408, 320, 294, 293]
[908, 775, 691, 673, 672]
[904, 652, 480, 415, 403, 401, 399]
[906, 713, 511, 430, 415]
[905, 641, 446, 367, 351, 347, 346, 341]
[907, 742, 647, 626, 620, 616]
[902, 744, 636, 606, 597]
[902, 703, 579, 504, 483, 481, 480]
[903, 624, 444, 378, 357, 353]
[906, 796, 743, 738, 736]
[906, 388, 295, 282]
[905, 746, 669, 651, 644, 641, 639]
[903, 594, 419, 383, 380]
[908, 688, 543, 466, 452, 446]
[905, 498, 350, 329, 327]
[905, 672, 484, 431, 422]
[904, 795, 755, 745, 744]
[904, 604, 374, 306, 298]
[910, 793, 748, 732, 729]
[905, 421, 342, 324]
[909, 545, 368, 354, 351]
[909, 580, 398, 374, 370]
[903, 689, 536, 470, 457, 452]
[901, 747, 658, 625, 624]
[904, 747, 628, 594, 590]
[906, 622, 443, 402, 386]
[905, 722, 577, 515, 501, 499]
[903, 713, 585, 531, 520]
[904, 618, 411, 357, 352]
[904, 509, 379, 338, 328, 327]
[910, 768, 689, 672, 671]
[902, 706, 587, 549, 540]
[905, 688, 515, 438, 395, 385, 383]
[905, 555, 367, 326, 313, 312]
[904, 641, 497, 440, 418, 417]
[904, 532, 348, 328]
[905, 709, 603, 564, 562]
[903, 778, 709, 692, 691]
[906, 795, 770, 765, 764]
[904, 370, 332]
[904, 801, 785, 783]
[905, 463, 329, 311, 310]
[906, 796, 765, 763]
[901, 619, 408, 360, 352, 350]
[905, 499, 313, 301, 300, 299]
[905, 786, 740, 735]
[906, 783, 715, 709]
[905, 320, 279]
[907, 737, 623, 583, 562, 560]
[903, 334]
[906, 673, 538, 490, 478, 477]
[905, 614, 385, 341, 338]
[904, 794, 738, 727, 718]
[902, 691, 551, 500, 494]
[908, 357, 304]
[901, 769, 726, 720, 717]
[908, 790, 716, 701, 700]
[907, 549, 365, 330, 324, 321]
[904, 666, 498, 443, 437]
[905, 715, 593, 539, 529]
[907, 646, 479, 418, 392, 379]
[906, 356, 294, 280]
[905, 615, 413, 369, 365]
[906, 749, 682, 676]
[907, 556, 330, 304, 296]
[904, 540, 346, 323, 322]
[910, 771, 687, 669, 664, 660, 659]
[903, 518, 346, 327, 326]
[902, 476, 367, 355]
[903, 594, 385, 335, 330]
[905, 654, 483, 437, 427]
[906, 735, 631, 612, 607]
[905, 717, 618, 608, 607, 606]
[903, 642, 481, 421, 414, 411]
[905, 763, 696, 688, 687]
[903, 520, 339, 325]
[905, 777, 728, 715, 714]
[905, 750, 674, 640, 628]
[904, 615, 397, 344, 328, 325, 323]
[904, 769, 711, 694, 689, 686]
[902, 710, 566, 505, 480, 479]
[904, 760, 726, 721]
[903, 669, 503, 414, 396, 395]
[907, 377, 296, 289, 286]
[904, 637, 434, 396, 376, 374, 373]
[907, 522, 367, 343, 340]
[906, 680, 545, 469, 454]
[907, 731, 648, 639, 636]
[908, 563, 387, 359, 354, 351]
[905, 494, 343, 307, 301]
[904, 709, 560, 519, 516]
[907, 827, 806, 800]
[903, 669, 468, 385, 363, 359]
[903, 695, 607, 599, 596]
[910, 800, 763, 755, 752]
[906, 636, 449, 387, 367]
[902, 480, 329, 314, 313]
[905, 685, 468, 377, 342, 339, 338]
[905, 439, 314, 308]
[904, 730, 628, 611]
[902, 389, 295, 289]
[904, 525, 360, 333]
[902, 685, 552, 499, 487, 482, 481]
[905, 812, 774, 763]
[910, 651, 471, 412, 394, 391]
[906, 738, 642, 622, 621]
[902, 537, 380, 329, 322, 320]
[904, 787, 760, 747, 745]
[904, 760, 698, 675]
[903, 629, 453, 413, 410, 408]
[905, 593, 387, 344, 337, 331, 328, 314, 313]
[903, 682, 510, 420, 388, 370, 368]
[904, 379, 295, 282]
[901, 595, 465, 412, 401]
[906, 676, 533, 496, 487, 480, 479]
[904, 625, 447, 374, 356, 354]
[904, 439, 341, 336]
[904, 737, 639, 603, 598]
[905, 627, 401, 331, 314, 309]
[909, 553, 349, 326, 316, 315]
[902, 655, 438, 384, 374, 373]
[906, 737, 641, 629, 625]
[907, 787, 759, 757]
[905, 750, 666, 648, 643]
[905, 613, 449, 367, 349, 347]
[904, 662, 501, 415, 371, 364]
[905, 663, 488, 389, 336, 316, 311, 310]
[904, 749, 673, 670]
[905, 481, 342, 326, 323]
[905, 667, 459, 375, 356, 354]
[906, 389, 314, 306]
[905, 652, 481, 394, 358, 351]
[903, 612, 398, 325, 309, 297, 290]
[903, 665, 435, 360, 333, 330]
[905, 446, 325, 318, 315, 314]
[905, 460, 323, 286, 280]
[908, 794, 735, 714, 713]
[904, 671, 524, 472, 455, 452]
[904, 552, 363, 348, 346]
[904, 735, 629, 593, 576, 573]
[909, 695, 513, 449, 429, 428, 427]
[904, 711, 589, 558, 555]
[905, 606, 404, 347, 328]
[904, 727, 606, 557, 547, 544]
[907, 764, 722, 718, 716, 710, 706]
[901, 707, 550, 476, 454, 452]
[904, 491, 327, 308]
[903, 357, 323]
[906, 670, 453, 382, 354]
[903, 562, 380, 341, 335]
[900, 480, 373, 355, 348]
[903, 712, 581, 552, 547]
[910, 687, 503, 453, 449]
[907, 371, 334, 330]
[907, 732, 603, 515, 491, 482]
[905, 432, 331, 314]
[907, 419, 318, 311]
[904, 728, 644, 628, 623, 622]
[904, 734, 648, 624, 608, 606]
[904, 444, 324, 319]
[910, 748, 632, 616]
[904, 661, 470, 404, 388, 386]
[901, 423, 277, 269]
[906, 801, 757, 749, 748]
[907, 755, 685, 675]
[905, 654, 465, 390, 357, 355]
[907, 724, 601, 565, 557, 554]
[900, 675, 548, 529, 527]
[904, 367, 307, 294]
[904, 700, 502, 435, 413, 408]
[903, 695, 557, 480, 468]
[905, 588, 402, 362, 357, 351, 347]
[906, 749, 651, 622, 614, 613, 612]
[906, 588, 432, 385, 368, 366]
[904, 613, 434, 391, 377, 375]
[907, 713, 586, 536, 505, 494, 491, 490]
[909, 342, 327]
[904, 726, 603, 563, 560]
[906, 558, 421, 396, 395]
[903, 760, 705, 696, 695]
[905, 559, 358, 333, 332, 331]
[906, 496, 370, 363]
[903, 738, 655, 646, 642, 641]
[906, 668, 545, 499, 497]
[902, 584, 414, 374, 369]
[904, 324, 300]
[904, 518, 356, 326, 322]
[908, 710, 595, 557, 553]
[905, 406, 320, 307]
[904, 599, 390, 315, 309]
[907, 704, 611, 585, 583]
[905, 650, 456, 384, 379]
[903, 671, 488, 425, 413, 410]
[905, 465, 352, 327, 326]
[907, 499, 351, 333, 331]
[904, 556, 371, 337, 325]
[901, 711, 614, 584, 582]
[904, 501, 343, 324, 322]
[904, 308, 285]
[905, 835, 822, 821]
[905, 677, 517, 457, 442]
[906, 595, 381, 360, 356, 354]
[906, 700, 582, 531, 529]
[907, 735, 665, 646, 641, 633, 632]
[910, 666, 535, 503]
[904, 340, 295]
[908, 726, 581, 498, 445, 432, 429]
[904, 380, 311, 307]
[904, 628, 492, 413, 397, 392]
[906, 383, 331, 324]
[903, 730, 615, 591, 587, 586]
[902, 703, 575, 548, 543]
[906, 629, 437, 398, 396]
[905, 705, 585, 524, 507, 503]
[907, 591, 384, 365, 355, 346]
[905, 651, 474, 407, 393, 392]
[901, 666, 506, 455, 447, 445]
[905, 656, 518, 459, 431, 423]
[905, 438, 341, 336]
[904, 547, 380, 340, 335]
[903, 504, 337, 324, 319]
[906, 485, 374, 365]
[908, 651, 503, 460, 450]
[905, 611, 400, 358, 348]
[905, 447, 323, 304]
[906, 652, 503, 438, 428, 427, 425]
[904, 804, 774, 770]
[903, 453, 325, 316, 315]
[904, 591, 409, 374, 373]
[905, 722, 607, 578]
[904, 695, 515, 448, 431, 419, 412]
[905, 576, 390, 358, 353]
[904, 392, 313, 301]
[904, 695, 536, 474, 469, 468]
[909, 721, 607, 582, 575, 573]
[905, 753, 649, 635, 631]
[903, 699, 592, 556, 552, 550]
[905, 809, 791, 790]
[903, 699, 591, 547, 539, 538]
[906, 737, 619, 597, 593]
[905, 764, 669, 644, 641]
[903, 562, 395, 363, 358]
[902, 697, 543, 475, 444, 441]
[904, 449, 335, 330]
[906, 760, 673, 659]
[904, 620, 413, 344, 328, 326]
[906, 724, 595, 542, 521, 508, 502, 501]
[902, 362, 303, 290]
[903, 718, 625, 597, 596]
[904, 747, 663, 647]
[906, 634, 439, 383, 376]
[906, 712, 570, 535, 530]
[908, 731, 633, 613, 607]
[905, 313, 308]
[906, 787, 751, 744]
[904, 711, 583, 512, 493, 488, 485]
[907, 598, 395, 345, 336, 335]
[905, 820, 807, 802]
[904, 636, 431, 375, 368]
[905, 764, 704, 689, 682, 681]
[902, 657, 526, 463, 459]
[903, 641, 503, 447, 433, 432]
[905, 493, 350, 338]
[905, 678, 539, 507, 502]
[903, 707, 566, 523, 522]
[905, 641, 428, 353, 345]
[904, 418, 325, 307]
[902, 793, 762, 760]
[903, 400, 307, 293]
[906, 767, 712, 709, 708]
[905, 729, 577, 535, 530]
[904, 736, 653, 645, 643]
[903, 720, 598, 576, 569, 567, 566]
[903, 514, 363, 350]
[904, 494, 359, 343, 337]
[905, 773, 698, 687, 683]
[902, 795, 769, 761, 760]
[905, 613, 406, 342, 333]
[907, 617, 414, 389, 387]
[905, 652, 498, 420, 393, 391]
[906, 609, 420, 332, 310]
[905, 614, 425, 364, 353]
[905, 757, 679, 673, 672]
[908, 517, 352, 335]
[908, 402, 312, 305]
[904, 667, 489, 407, 387, 384]
[910, 530, 340, 322]
[902, 764, 706, 703]
[904, 652, 470, 397, 384, 382]
[903, 474, 333, 318, 317]
[905, 417, 344, 331]
[907, 361, 292, 286]
[903, 677, 518, 460, 438, 430, 429]
[906, 742, 662, 632, 628]
[905, 467, 353, 336]
[908, 436, 311, 299, 295, 294]
[904, 536, 381, 353, 346]
[904, 742, 649, 624, 621]
[904, 784, 707, 689]
[908, 521, 377, 360, 359]
[906, 779, 709, 684, 680]
[905, 636, 468, 421, 416, 415, 414]
[902, 420, 309, 290]
[904, 720, 639, 623]
[903, 723, 601, 567, 563]
[906, 636, 432, 358, 330, 328, 327, 321, 317]
[909, 704, 537, 464, 449, 447]
[904, 783, 727, 709, 706]
[906, 733, 615, 582, 580]
[905, 785, 727, 717, 715]
[905, 643, 413, 348, 330, 328]
[905, 767, 708, 699, 698]
[905, 763, 717, 709, 708]
[903, 364, 301, 287]
[902, 372, 361]
[904, 598, 402, 359, 341, 334, 318, 317]
[908, 654, 450, 361, 339, 336]
[907, 601, 402, 354, 349, 346]
[904, 653, 456, 395, 381, 369]
[906, 496, 365, 329]
[908, 614, 450, 417, 412]
[902, 633, 418, 343, 320, 313, 311]
[907, 651, 400, 363, 357, 356]
[902, 446, 347, 338, 335]
[907, 451, 325, 320]
[903, 389, 321, 305]
[906, 529, 381, 344, 341, 340]
[904, 698, 561, 502, 493, 488]
[905, 815, 795, 792, 790]
[906, 641, 489, 436, 423, 416]
[906, 817, 795, 792]
[902, 752, 686, 672]
[905, 767, 704, 689, 685, 684]
[902, 656, 485, 432, 418, 414]
[901, 735, 669, 656, 652]
[906, 403, 310, 293]
[907, 800, 745, 735, 732]
[905, 411, 333, 315]
[906, 572, 384, 358, 354]
[904, 310, 301]
[904, 663, 496, 446, 431, 430]
[905, 604, 416, 355, 341, 339, 337]
[904, 303, 298]
[905, 804, 751, 749]
[905, 689, 522, 461, 449, 447]
[907, 571, 369, 347, 343, 342]
[904, 571, 416, 365, 364]
[902, 504, 313, 295]
[905, 627, 447, 376, 346, 342]
[907, 589, 406, 374, 371]
[902, 451, 340, 329]
[908, 628, 457, 408, 404]
[905, 714, 584, 536, 526, 523]
[905, 770, 710, 702]
[906, 541, 368, 343, 340]
[909, 729, 594, 542, 532, 526]
[907, 435, 352, 346, 345]
[907, 696, 522, 461, 433, 415]
[903, 406, 312, 290, 289]
[905, 669, 453, 401, 397, 396]
[903, 674, 552, 528, 520]
[901, 633, 454, 394, 382]
[905, 610, 401, 345, 333, 332]
[904, 738, 632, 596, 575]
[902, 679, 522, 457, 432, 423, 421]
[904, 646, 464, 398, 385, 383]
[906, 676, 473, 383, 361, 359]
[905, 639, 464, 392, 382]
[904, 378, 307, 293, 291, 288]
[903, 580, 412, 382, 379]
[903, 625, 415, 331, 308]
[907, 777, 712, 706, 703]
[904, 737, 630, 600, 590]
[903, 797, 771, 763]
[905, 710, 552, 487, 464]
[903, 777, 711, 699]
[902, 348, 300, 299]
[904, 410, 317, 308]
[907, 468, 327, 314]
[907, 481, 350, 337, 336]
[906, 482, 343, 319, 316]
[904, 583, 379, 335, 322, 319]
[904, 791, 754, 752]
[908, 695, 560, 513, 502]
[905, 750, 681, 667, 664, 662]
[905, 773, 717, 713]
[903, 616, 400, 341, 333, 332, 331]
[903, 780, 745, 742]
[904, 401, 300, 293]
[906, 731, 629, 614]
[905, 578, 355, 325]
[904, 664, 449, 355, 345, 342]
[907, 672, 483, 429, 409]
[904, 783, 738, 736]
[901, 681, 512, 449, 427, 424, 423]
[904, 757, 686, 658, 651]
[907, 582, 379, 345, 338, 333]
[903, 718, 608, 575, 563, 557, 552]
[901, 690, 524, 445, 409, 396, 390]
[904, 729, 621, 599, 591, 588]
[905, 672, 491, 404, 382, 378]
[905, 849, 835, 834]
[906, 553, 342, 314]
[906, 523, 358, 320, 311]
[903, 802, 761, 753, 748, 747]
[902, 594, 432, 385, 377, 376]
[903, 506, 370, 345, 344]
[904, 655, 508, 443, 406, 402]
[903, 720, 608, 554, 548]
[906, 547, 381, 354, 349]
[908, 634, 459, 402, 390, 387, 386]
[905, 812, 771, 762, 761, 760]
[906, 795, 759, 754]
[906, 656, 449, 395, 387, 383]
[909, 524, 339, 324, 323]
[903, 543, 368, 343]
[902, 450, 332, 323, 320, 319]
[901, 616, 383, 333, 331]
[905, 656, 446, 377, 361]
[905, 345, 304]
[907, 656, 444, 350, 317, 309, 308]
[903, 646, 499, 461, 455]
[906, 754, 680, 673, 672]
[909, 407, 303, 291]
[904, 766, 687, 664, 659]
[903, 634, 496, 463, 462]
[910, 612, 402, 349, 332, 323, 322]
[904, 385, 301, 289, 286]
[905, 748, 680, 664, 659, 654]
[902, 451, 319, 307, 306]
[905, 693, 603, 574, 568]
[902, 758, 649, 612, 606]
[904, 461, 343, 320, 319]
[906, 710, 595, 575, 571]
[907, 524, 334, 320]
[910, 778, 721, 713]
[906, 666, 471, 385, 354, 352]
[902, 669, 511, 450, 431, 430]
[902, 768, 693, 682, 681]
[901, 724, 611, 578, 573, 571]
[904, 758, 691, 683]
[905, 647, 423, 346, 318, 312, 310, 309]
[903, 620, 470, 430, 428]
[903, 810, 779, 775, 774]
[907, 718, 586, 548, 544, 543]
[906, 742, 702, 693, 688, 687, 686]
[906, 367, 289, 276]
[911, 755, 693, 682, 681]
[906, 741, 630, 609, 604]
[906, 580, 375, 327, 321]
[901, 715, 571, 516, 502, 500]
[904, 719, 553, 507, 505, 503]
[905, 661, 490, 414, 380, 370, 369]
[906, 702, 527, 474, 463, 461]
[905, 666, 525, 464, 451, 450]
[908, 452, 311, 300]
[905, 837, 813, 810, 806]
[902, 622, 435, 389, 385]
[904, 746, 625, 595, 588]
[902, 678, 517, 452, 425]
[907, 619, 428, 349, 333]
[905, 717, 591, 558, 545, 544]
[903, 788, 752, 751]
[901, 793, 754, 752]
[905, 362, 298, 286, 284]
[906, 559, 411, 364, 362]
[904, 691, 500, 435, 427, 425]
[904, 423, 313, 303, 302]
[907, 407, 337, 321, 317]
[905, 819, 797]
[906, 459, 336, 320, 314, 313]
[905, 747, 648, 618, 610, 608]
[906, 728, 638, 621, 620]
[904, 651, 466, 423, 411, 409]
[901, 599, 395, 349, 344]
[906, 741, 625, 576, 565, 562]
[905, 734, 630, 617, 615]
[906, 644, 474, 402, 388, 387]
[906, 726, 614, 580, 575]
[907, 652, 463, 400, 391]
[902, 812, 770, 769, 768]
[904, 443, 322, 311, 309]
[902, 623, 457, 420, 415]
[910, 719, 610, 586, 581, 580]
[906, 387, 288, 282]
[904, 767, 700, 684, 682]
[905, 716, 567, 511, 509]
[906, 760, 667, 649, 648]
[908, 477, 335, 322, 320]
[903, 683, 540, 488, 466, 457, 456]
[907, 539, 333, 319]
[907, 656, 503, 456, 443, 440, 439]
[906, 601, 437, 401, 385]
[903, 668, 533, 480, 463]
[904, 767, 729, 723, 722]
[903, 375, 309, 302]
[906, 709, 547, 489, 482, 479]
[906, 770, 719, 718]
[905, 586, 416, 382, 375, 374]
[904, 393, 307, 293, 287]
[905, 639, 429, 369, 359]
[904, 708, 564, 531, 522, 519, 517, 516]
[902, 801, 772]
[905, 591, 383, 343, 338]
[904, 719, 619, 582, 579]
[906, 583, 392, 343, 341]
[902, 801, 777, 775, 773, 771]
[902, 746, 655, 632, 623, 620]
[906, 637, 465, 407, 402]
[904, 672, 518, 451, 436, 435]
[907, 774, 714, 703, 702]
[902, 342, 311]
[903, 652, 439, 374, 368]
[904, 548, 352, 322, 310]
[903, 716, 606, 597, 596]
[907, 828, 822, 816, 815]
[902, 765, 717, 706, 704]
[905, 334, 271, 265]
[905, 707, 530, 473, 459, 458]
[904, 416, 330, 317, 316]
[905, 804, 790, 785]
[905, 502, 378, 352]
[909, 757, 688, 682, 681]
[907, 538, 358, 330, 328]
[902, 481, 325, 319]
[907, 575, 390, 363, 362]
[903, 622, 479, 430, 426]
[905, 766, 665, 628, 623, 622, 619]
[902, 708, 576, 525, 517]
[903, 436, 328, 321]
[903, 648, 482, 439, 434, 432]
[903, 735, 645, 627, 622]
[904, 718, 617, 604, 602]
[908, 781, 738, 728, 725]
[903, 738, 676, 656, 651]
[907, 384, 291, 266]
[905, 671, 427, 351, 340]
[900, 704, 570, 515, 490, 474, 470]
[903, 630, 420, 354, 340]
[905, 707, 575, 492, 456, 453]
[903, 811, 788]
[906, 613, 434, 367, 357, 354]
[908, 785, 740, 739, 737]
[906, 443, 337, 321]
[905, 615, 405, 353, 350]
[906, 709, 571, 531, 523]
[905, 815, 791, 787]
[904, 673, 487, 415, 387, 384, 382]
[903, 492, 324, 304, 302]
[904, 636, 456, 391, 357, 343, 341]
[907, 812, 775, 773, 772]
[907, 765, 689, 664, 663]
[903, 448, 337, 331]
[909, 754, 671, 654, 651, 650]
[903, 732, 645, 626, 623]
[902, 410, 311, 308]
[907, 713, 597, 539, 531, 528]
[905, 479, 349, 331]
[902, 452, 344, 325]
[904, 470, 305, 291, 289]
[906, 750, 671, 655, 646, 644]
[907, 831, 823, 822]
[906, 410, 341, 326]
[908, 636, 495, 438, 424, 422]
[902, 699, 560, 496, 469, 454, 452]
[901, 712, 541, 489, 474, 473]
[906, 718, 607, 564, 558, 557, 556]
[903, 627, 442, 365, 345, 344]
[907, 684, 531, 452, 440, 439]
[902, 635, 438, 385, 364]
[905, 597, 423, 394, 381]
[904, 641, 448, 387, 381]
[904, 687, 519, 443, 398, 388]
[905, 835, 823]
[904, 741, 615, 544, 529, 525]
[905, 647, 459, 415, 407]
[904, 620, 390, 337, 328, 325]
[905, 337, 329]
[904, 797, 751, 750]
[904, 599, 412, 383, 380]
[905, 726, 585, 528, 516, 515]
[908, 445, 339, 322, 316]
[904, 455, 341, 331]
[908, 665, 518, 455, 443]
[906, 498, 358, 344, 341]
[901, 521, 364, 317, 309, 308]
[905, 554, 366, 341, 340]
[905, 678, 536, 459, 435, 433]
[905, 514, 355, 324]
[905, 709, 586, 520, 513, 511]
[902, 684, 538, 494, 480, 478]
[904, 637, 455, 405]
[901, 525, 356, 329, 328]
[905, 563, 393, 324, 312, 308]
[905, 610, 369, 316, 306]
[907, 712, 569, 528, 517]
[904, 763, 711, 707]
[906, 746, 657, 646]
[906, 775, 719, 709]
[906, 746, 643, 628, 626]
[909, 565, 351, 320, 317]
[902, 746, 633, 607, 603]
[903, 748, 685, 682]
[903, 789, 742, 730]
[901, 410, 324, 315]
[903, 740, 661, 655]
[906, 715, 567, 492, 468, 463, 459, 458]
[903, 668, 479, 422, 401, 399]
[904, 666, 492, 428, 410, 406]
[904, 751, 682, 671]
[907, 600, 366, 305, 297, 296]
