[908, 870]
[904, 871]
[905, 882, 880]
[903, 872]
[905, 902]
[907, 845]
[904, 891]
[907, 905]
[901, 726, 629, 617, 616]
[901, 837]
[902, 851]
[905, 863]
[905, 860]
[909, 907]
[906, 802, 786]
[903, 840]
[906, 799]
[907, 850]
[906, 732, 627, 581, 576]
[906, 649, 428, 227, 143, 142]
[905, 694, 530, 376, 273, 181, 114, 102, 99]
[905, 769, 735]
[905, 865]
[905, 673, 458, 240, 123, 121]
[908, 809, 803]
[907, 886]
[904, 740, 622, 583, 579]
[906, 884]
[902, 740, 619, 547, 545]
[907, 647, 426, 209, 127]
[907, 736, 595, 478, 385, 321, 308]
[903, 876, 875]
[904, 842, 839, 838]
[905, 825, 822, 821]
[905, 779, 766]
[903, 823, 819, 818, 816]
[902, 832, 828]
[908, 852]
[908, 819, 814]
[901, 794, 782, 781]
[906, 842]
[905, 676, 500, 326, 171, 121, 116]
[906, 882]
[902, 896]
[903, 846]
[907, 842, 838, 837]
[902, 867]
[903, 709, 594, 486, 426, 420]
[905, 796, 788]
[907, 832]
[902, 837, 836]
[904, 903]
[904, 628, 406, 259, 159, 131, 129]
[905, 873]
[907, 796, 786]
[906, 883]
[904, 877]
[900, 806, 797, 795]
[902, 859, 857]
[905, 844, 843]
[908, 766, 702, 701]
[906, 861]
[906, 851]
[908, 899]
[906, 879, 877]
[906, 833]
[906, 834, 831]
[905, 895]
[902, 797, 795]
[910, 849]
[906, 893]
[907, 863, 862, 860]
[905, 832]
[905, 862]
[910, 620, 352, 169, 123, 120, 119, 118]
[907, 716, 578, 458, 357, 270, 211, 162, 130, 114, 106, 103]
[905, 628, 396, 198, 129, 128]
[906, 772, 727]
[904, 898]
[903, 690, 556, 439, 339, 272, 205, 167, 135, 113, 96, 94]
[903, 860]
[907, 877, 874]
[905, 656, 459, 297, 150, 128, 124, 123]
[904, 776, 744, 742]
[902, 891]
[904, 715, 573, 449, 356, 262, 191, 151, 133, 129, 128]
[909, 834, 833]
[904, 780, 718, 717]
[903, 626, 398, 196, 116]
[905, 811, 805, 804, 802]
[903, 895]
[903, 883]
[905, 744, 626, 577, 571]
[902, 856, 855]
[903, 892]
[908, 799, 785, 783]
[905, 892, 891]
[905, 885]
[906, 893, 892]
[906, 680, 499, 334, 195, 142, 124, 122]
[903, 716, 589, 451, 349, 275, 207, 173, 161]
[906, 847, 845, 844]
[903, 766, 724, 721]
[909, 695, 539, 390, 259, 198, 151, 132]
[906, 900]
[908, 813]
[903, 895]
[907, 805, 803]
[904, 890]
[906, 844]
[904, 731, 598, 478, 380, 317, 289, 288]
[904, 795, 777]
[906, 857, 856]
[905, 891]
[902, 798, 790]
[906, 884]
[905, 793, 786]
[903, 751, 646, 638]
[905, 824, 823]
[906, 807, 799]
[906, 781, 746, 743, 742]
[903, 872]
[905, 762, 706, 705]
[906, 834]
[905, 880]
[905, 792, 780]
[905, 853]
[902, 645, 426, 215, 119, 115]
[910, 864]
[904, 809, 806]
[902, 824, 822]
[910, 791, 762]
[904, 722, 600, 502, 456, 451]
[904, 880]
[905, 884]
[907, 874, 872]
[906, 733, 607, 520, 512]
[901, 882, 881]
[905, 729, 610, 545]
[904, 857]
[909, 895]
[909, 854, 852]
[906, 869, 868]
[906, 824, 818, 817]
[905, 697, 570, 442, 338, 250, 190, 154, 134, 126]
[903, 664, 473, 271, 148, 121, 120]
[905, 774, 720]
[907, 832, 830]
[905, 860]
[901, 829, 828]
[902, 886]
[902, 811, 806, 805]
[901, 870]
[903, 896]
[905, 847]
[904, 854, 853]
[904, 777, 763]
[903, 795, 778, 777]
[905, 773, 717, 715]
[902, 858, 853, 852]
[907, 746, 653, 646, 644]
[908, 786, 742, 741]
[904, 838, 835, 834, 833]
[904, 771, 696, 691, 690]
[903, 792, 788]
[907, 690, 512, 364, 223, 158, 133, 132]
[900, 845, 843]
[907, 811, 809]
[905, 884, 881]
[903, 760, 685, 681]
[904, 899]
[908, 818, 811, 809]
[907, 895]
[905, 846, 843]
[905, 686, 506, 354, 207, 138, 121, 117]
[907, 791, 772]
[906, 804, 797, 796]
[905, 867]
[906, 758, 655, 635, 634]
[904, 802, 795, 794]
[906, 796, 795]
[906, 763, 706]
[907, 826, 825]
[905, 817]
[909, 867]
[904, 902]
[906, 811, 806]
[901, 871]
[908, 758, 666, 652, 651]
[905, 780, 743, 740]
[908, 873]
[907, 890]
[908, 877]
[905, 765, 724, 721]
[903, 825]
[907, 788, 776]
[903, 773, 694, 685, 684]
[904, 811, 809]
[909, 903]
[903, 760, 717, 714]
[904, 898]
[909, 754, 646, 630, 627]
[905, 688, 533, 386, 262, 176, 137, 118, 115, 114]
[906, 898]
[906, 696, 545, 398, 282, 215, 178, 164]
[905, 750, 628, 583]
[904, 701, 556, 399, 279, 183, 129, 121]
[904, 821, 819]
[905, 699, 516, 363, 212, 125, 123]
[908, 733, 607, 495, 430, 408]
[903, 720, 589, 479, 395, 338, 309, 303]
[905, 642, 458, 242, 129, 119]
[907, 895]
[905, 805, 799]
[903, 849, 848]
[903, 889]
[901, 758, 677, 676]
[904, 860, 859]
[904, 792, 766, 765]
[903, 787, 774, 772]
[904, 786, 771, 770]
[903, 860]
[908, 836, 834, 833]
[906, 871]
[905, 818, 811, 810]
[905, 835, 831, 829]
[904, 900]
[903, 717, 581, 458, 356, 274, 204, 158, 144, 143]
[903, 789, 783]
[904, 845, 843]
[905, 842, 838]
[903, 857]
[906, 738, 617, 551, 548]
[907, 746, 629, 607, 606]
[908, 796, 788]
[904, 880]
[906, 798]
[905, 651, 448, 292, 166, 133, 126]
[904, 796, 793]
[903, 881]
[902, 806, 797, 796]
[903, 877, 876]
[904, 855, 854]
[900, 673, 477, 302, 167, 138, 136]
[906, 793, 781, 779]
[908, 740, 619, 547, 540, 539]
[904, 830, 829]
[905, 876]
[904, 584, 382, 179, 108, 106]
[902, 853]
[902, 865]
[908, 847]
[906, 837, 836]
[905, 877]
[904, 861, 860]
[904, 701, 554, 433, 329, 251, 178, 132, 105, 86, 75, 72, 71]
[906, 839, 838]
[905, 841]
[904, 719, 582, 458, 356, 267, 195, 155, 135, 133]
[903, 800, 795]
[903, 875]
[905, 816]
[905, 660, 421, 223, 155, 139, 135]
[906, 853, 851, 849]
[904, 781, 756]
[904, 763, 710, 709]
[906, 683, 500, 343, 231, 172, 136, 124, 123]
[910, 836, 835, 834]
[907, 879, 878]
[904, 814, 809]
[906, 890]
[904, 718, 585, 469, 386, 304, 236, 186, 150, 125, 117]
[904, 880]
[904, 820, 816]
[904, 722, 609, 561, 559, 558]
[909, 869]
[904, 762, 641, 578, 566, 562]
[906, 676, 473, 294, 188, 153, 150]
[907, 762, 669, 662, 657]
[904, 810, 806]
[905, 708, 587, 490, 453, 451]
[904, 882]
[903, 643, 424, 222, 127, 126]
[903, 754, 649, 642]
[905, 875, 874]
[902, 773, 695, 687]
[905, 820, 819]
[903, 867, 865]
[903, 734, 608, 533, 521, 520, 519]
[904, 881]
[906, 681, 501, 343, 200, 128, 112, 110]
[905, 854]
[907, 792, 784]
[906, 854]
[905, 792, 785]
[904, 749, 625, 552, 542, 540]
[908, 788, 743, 740]
[904, 832, 829]
[904, 762, 684, 681, 680]
[905, 776, 746, 743]
[904, 868]
[902, 894]
[907, 757, 674, 667, 665, 663]
[905, 769, 720, 714, 713, 712]
[903, 818, 814]
[906, 870]
[904, 751, 664, 659, 658]
[903, 756, 636, 565, 552, 549]
[901, 788, 756, 755]
[903, 739, 602, 479, 375, 308, 259, 234, 229]
[904, 800, 791]
[904, 729, 571, 439, 312, 224, 171, 128, 111, 106]
[903, 697, 532, 377, 260, 174, 119, 108, 107]
[902, 799, 788, 786]
[902, 891]
[906, 851, 847]
[903, 793, 787]
[902, 822, 821]
[907, 758, 655, 629, 626]
[902, 896]
[908, 742, 621, 586, 584]
[905, 689, 528, 343, 212, 124, 112]
[909, 854]
[904, 726, 615, 568, 562]
[907, 886]
[902, 836, 835]
[903, 763, 717]
[903, 747, 622, 568, 564, 562]
[907, 854]
[905, 821, 817]
[903, 826, 822, 820]
[908, 842]
[902, 878]
[906, 694, 538, 367, 246, 156, 119, 114]
[903, 825, 821]
[909, 849]
[909, 894]
[904, 793, 785, 784]
[906, 796, 791]
[905, 617, 385, 196, 136, 135]
[902, 701, 558, 437, 319, 221, 165, 143, 133]
[901, 827, 825]
[911, 887]
[906, 705, 541, 400, 254, 168, 139, 117, 115]
[905, 866, 865]
[905, 603, 352, 150, 117, 116]
[909, 645, 403, 259, 133, 124]
[903, 883]
[903, 866, 865]
[901, 885, 883]
[904, 785, 778]
[902, 694, 544, 401, 283, 194, 133, 113, 107, 106]
[902, 784, 769, 768]
[904, 770, 731]
[906, 802, 798]
[906, 805, 800]
[908, 843]
[907, 863]
[910, 840, 839]
[905, 877]
[904, 894]
[903, 868, 867]
[904, 885]
[905, 870, 868, 865]
[904, 877]
[904, 682, 510, 318, 180, 134, 132]
[905, 756, 648, 610, 608]
[904, 863]
[905, 848, 847]
[907, 833, 826]
[906, 667, 490, 310, 196, 148, 122, 114]
[910, 883]
[904, 858, 857]
[906, 832, 830, 829]
[908, 894]
[906, 854, 852, 851]
[905, 861]
[905, 794, 774, 771]
[903, 817, 814]
[903, 892]
[906, 875]
[905, 882]
[903, 889]
[904, 862]
[902, 864, 863]
[903, 789, 780, 779]
[908, 873, 872]
[906, 838]
[905, 815, 805]
[907, 868]
[902, 783, 769, 768]
[905, 844, 841]
[907, 726, 610, 504, 458, 450]
[910, 731, 597, 491, 438, 432, 431, 430]
[903, 755, 634, 570, 565]
[906, 827, 823]
[903, 654, 463, 280, 120, 106]
[905, 885]
[902, 804, 800]
[906, 767, 692, 685]
[906, 892]
[901, 769, 733, 729, 728]
[907, 892]
[908, 907]
[903, 897]
[905, 845]
[902, 763, 672, 665]
[907, 887]
[905, 827, 823]
[905, 748, 643, 626]
[903, 901]
[903, 825]
[905, 761, 682, 680, 678]
[907, 894]
[906, 878]
[905, 764, 709]
[906, 842, 840]
[906, 823, 816, 815]
[903, 803, 799]
[903, 897]
[906, 656, 420, 210, 134, 126, 125, 124]
[902, 844]
[908, 894]
[906, 788, 771, 770]
[903, 800, 788, 786]
[902, 841, 838]
[903, 882]
[904, 888]
[906, 900]
[907, 632, 368, 139, 127]
[904, 866]
[903, 887]
[903, 784, 775]
[903, 706, 584, 480, 415, 413]
[904, 751, 634, 584, 579, 578]
[906, 825, 823]
[907, 888]
[905, 833]
[907, 818, 816]
[902, 885]
[906, 824]
[906, 884]
[906, 820, 818]
[904, 854]
[903, 797, 776]
[905, 771, 712, 711]
[903, 704, 547, 385, 273, 189, 151, 126, 118, 117]
[905, 606, 357, 180, 125, 121]
[904, 854]
[904]
[903, 810, 808]
[904, 729, 618, 577]
[904, 791, 781]
[904, 818, 815]
[905, 748, 610, 485, 394, 324, 258, 192, 156, 118, 100, 96, 95]
[904, 740, 631, 577, 573]
[903, 699, 534, 365, 229, 147, 118, 113]
[903, 844, 843]
[907, 790, 778]
[905, 681, 504, 358, 233, 171, 136, 125, 124]
[908, 873, 871]
[906, 696, 560, 434, 333, 264, 223, 210]
[902, 779, 764]
[905, 875, 874]
[905, 763, 694]
[903, 736, 611, 492, 400, 349, 336, 333]
[904, 898]
[905, 783, 764]
[907, 826, 825]
[905, 861]
[909, 800, 791]
[903, 833, 831]
[908, 761, 649, 627, 625, 624]
[903, 883]
[905, 828, 824]
[904, 887]
[907, 717, 600, 485, 383, 279, 212, 154, 126, 117]
[906, 768, 729, 722]
[903, 874]
[908, 716, 582, 441, 331, 233, 174, 132, 112, 105]
[907, 864, 863]
[904, 786, 763, 760]
[906, 781, 765, 764]
[906, 793, 787]
[905, 853]
[904, 798, 789, 787]
[906, 886, 885]
[902, 836]
[902, 788, 782, 781]
[906, 760, 662, 648]
[907, 890]
[903, 849]
[906, 843]
[907, 733, 611, 536, 533]
[906, 730, 620, 577, 576, 574, 573]
[904, 731, 600, 511, 470, 465]
[907, 897]
[906, 820]
[906, 889]
[909, 847]
[908, 907]
[905, 846]
[904, 818, 817]
[904, 735, 615, 559, 557]
[907, 887]
[904, 767, 683, 668, 665]
[904, 889]
[907, 840, 839]
[903, 821, 820]
[907, 899]
[905, 897]
[906, 714, 594, 497, 463, 460, 459, 458]
[906, 884]
[909, 761, 647, 607, 602]
[904, 816, 811]
[904, 764, 699, 697]
[907, 893]
[908, 805, 802, 801]
[905, 879]
[904, 848]
[904, 879]
[909, 885, 882]
[907, 881]
[906, 756, 653, 640]
[905, 880]
[905, 742, 627, 596]
[905, 829, 827]
[903, 860]
[905, 795, 772, 769]
[903, 865]
[905, 897]
[906, 788, 774]
[904, 901]
[903, 756, 680, 673, 672]
[904, 851]
[902, 717, 562, 409, 285, 194, 145, 127]
[904, 824, 821]
[905, 881]
[905, 896]
[902, 899]
[905, 822]
[901, 796, 794]
[906, 775, 734]
[906, 763, 706, 703, 701]
[903, 846]
[906, 876, 875, 873]
[903, 784, 766, 764]
[906, 678, 506, 355, 223, 147, 116, 111]
[905, 820, 812]
[904, 701, 553, 405, 288, 199, 157, 128, 118, 116]
[905, 689, 502, 352, 233, 151, 115, 112]
[902, 867]
[904, 887]
[901, 872, 871]
[908, 847, 846]
[902, 885]
[903, 847]
[902, 892]
[904, 852, 851]
[907, 723, 599, 496, 445, 438, 437]
[906, 888]
[904, 697, 507, 330, 196, 144, 124]
[901, 892]
[902, 899]
[904, 840]
[908, 721, 595, 479, 389, 339, 333]
[909, 867]
[905, 888]
[907, 874, 871]
[907, 861]
[904, 705, 566, 433, 323, 224, 160, 119, 90, 87]
[904, 783, 766, 762]
[904, 825, 820, 819]
[907, 631, 399, 203, 127, 125]
[903, 825, 823]
[905, 710, 592, 493, 442, 438, 437]
[905, 783, 753]
[904, 876]
[905, 859, 857]
[905, 793, 779]
[905, 886, 885]
[903, 795, 779, 778]
[902, 661, 482, 323, 190, 136, 124, 122]
[906, 874]
[905, 736, 602, 485, 394, 346, 322, 314]
[906, 780, 748]
[906, 689, 493, 342, 224, 167, 132, 127, 126, 125]
[900, 729, 606, 472, 378, 314, 295, 294]
[905, 883]
[906, 713, 570, 445, 335, 242, 184, 160, 156]
[909, 888]
[903, 862]
[904, 815, 808, 807]
[910, 897, 894]
[906, 867]
[903, 887]
[905, 802, 793]
[904, 836]
[906, 874, 873]
[901, 877]
[905, 785, 761, 760]
[901, 810]
[906, 882]
[906, 628, 395, 192, 122, 121]
[905, 671, 438, 245, 122, 118]
[903, 879]
[905, 762, 688, 686]
[903, 731, 592, 474, 356, 274, 220, 183, 174, 173]
[904, 750, 631, 587, 580, 579]
[902, 736, 635, 614]
[905, 861]
[903, 847]
[902, 661, 447, 297, 165, 120, 117]
[904, 815, 810]
[905, 884]
[904, 819]
[903, 852]
[903, 789, 770, 763, 762]
[901, 856, 855]
[905, 713, 580, 473, 396, 365]
[905, 902]
[907, 891]
[903, 853]
[903, 700, 520, 386, 271, 190, 144, 125, 121]
[905, 883]
[905, 894]
[901, 855, 853]
[905, 895]
[907, 816, 815]
[905, 789, 776, 775]
[905, 902]
[907, 901]
[906, 860]
[905, 874, 872, 871]
[906, 675, 485, 359, 230, 175, 139, 124, 119]
[904, 824, 821]
[904, 665, 473, 316, 164, 130, 124]
[905, 886]
[903, 830]
[905, 682, 484, 298, 181, 140, 134]
[908, 801, 776, 771]
[907, 879]
[903, 779, 761]
[906, 867, 864]
[905, 872]
[906, 870, 869]
[906, 898]
[902, 870]
[902, 829, 821, 817, 815, 814]
[905, 809, 806]
[907, 751, 641, 607, 604]
[902, 733, 619, 576]
[904, 767, 718]
[905, 816, 812]
[904, 894]
[904, 891]
[906, 707, 552, 425, 315, 239, 194, 165, 162]
[904, 752, 664, 646]
[902, 877]
[904, 803, 794]
[905, 899]
[907, 848]
[901, 774, 706, 704, 703]
[903, 847]
[903, 808, 804, 803]
[904, 740, 617, 567, 564]
[904, 889]
[904, 701, 568, 443, 330, 246, 191, 148, 125, 116]
[907, 881]
[907, 894]
[905, 842]
[905, 760, 689]
[901, 783, 777, 776]
[909, 887]
[906, 866]
[904, 843, 839]
[907, 620, 413, 220, 121]
[904, 855, 853]
[906, 887]
[905, 795, 786]
[909, 693, 492, 296, 135, 109]
[902, 778, 762, 761]
[907, 884]
[906, 693, 533, 386, 270, 193, 151, 132, 121, 120]
[902, 805, 793]
[902, 899, 898]
[904, 867]
[907, 897]
[904, 900]
[906, 815, 814]
[904, 889]
[905, 796, 783, 779]
[905, 693, 521, 352, 205, 147, 125, 123]
[906, 803, 796, 795]
[907, 869]
[904, 786, 775]
[904, 889]
[904, 846]
[907, 904]
[905, 723, 571, 431, 311, 217, 157, 122, 102, 96, 94]
[905, 783, 768]
[907, 827]
[908, 883, 881, 880]
[907, 813, 808]
[906, 900]
[904, 793, 787]
[906, 867]
[905, 749, 663, 662]
[906, 870, 868, 866]
[901, 782, 772]
[903, 852]
[902, 833, 832]
[903, 895]
[909, 878]
[904, 881]
[905, 768, 681, 679]
[905, 653, 469, 301, 164, 127, 123]
[905, 803, 795, 794]
[907, 831, 829]
[904, 819, 811]
[905, 753, 647, 612, 611]
[906, 771, 733, 729, 728]
[907, 843]
[907, 883]
[907, 904]
[903, 874, 873]
[904, 829, 828]
[903, 719, 568, 431, 357, 303, 274, 269]
[907, 884]
[904, 811, 807]
[906, 887]
[908, 858]
[906, 726, 583, 458, 365, 310, 295]
[902, 859]
[904, 737, 613, 517, 472, 468]
[901, 717, 580, 449, 325, 228, 171, 143, 137]
[906, 905]
[906, 876]
[903, 640, 434, 200, 116]
[904, 880]
[905, 889]
[904, 798, 783, 782]
[904, 857]
[905, 753, 638, 621, 620]
[907, 800, 788, 787]
[902, 823, 821]
[905, 889]
[906, 834, 830]
[905, 884]
[903, 779, 739, 736]
[908, 898]
[907, 850, 848, 847]
[903, 777, 758, 756, 755]
[907, 846]
[902, 883]
[904, 832, 831]
[902, 675, 469, 294, 164, 139, 137]
[906, 876]
[905, 874, 873]
[903, 657, 451, 303, 182, 129, 120, 119]
[908, 895]
[905, 886]
[905, 857]
[904, 888]
[902, 816, 815]
[906, 845]
[904, 711, 557, 444, 332, 257, 201, 167, 162]
[906, 895]
[908, 855]
[903, 720, 570, 432, 306, 221, 165, 135, 122, 119]
[906, 799, 786, 784]
[901, 765, 733, 730, 729, 727]
[907, 815, 810]
[903, 848, 842, 840]
[904, 878]
[903, 803, 800]
[905, 680, 526, 413, 307, 233, 191, 165, 160]
[902, 806, 796, 793]
[905, 857]
[906, 807, 801, 800]
[904, 622, 369, 215, 144, 135]
[902, 817, 811]
[904, 824, 822]
[906, 785, 760]
[902, 863]
[905, 897]
[904, 786, 771]
[906, 824]
[906, 866]
[907, 649, 451, 255, 129, 112, 111]
[906, 871]
[905, 880]
[905, 899]
[904, 770, 714, 710, 707]
[906, 808, 805]
[903, 901]
[903, 783, 765, 764, 763, 762]
[903, 867]
[902, 856]
[905, 736, 609, 500, 401, 328, 284, 279, 278]
[902, 880]
[901, 629, 421, 211, 140, 133, 132]
[907, 898]
[903, 804, 800, 799, 798]
[908, 894]
[904, 886]
[906, 894]
[905, 687, 490, 360, 227, 163, 140, 129, 128]
[906, 799, 794]
[904, 865, 864]
[903, 823]
[903, 831, 829]
[902, 798, 791]
[905, 897]
[904, 848]
[905, 757, 677, 668, 666]
[909, 898]
[904, 829, 827]
[902, 863]
[904, 846, 841]
[905, 775, 728, 726]
[913, 669, 487, 331, 184, 122, 113, 111]
[905, 822, 818]
[901, 857, 856]
[902, 813, 810]
[903, 673, 499, 353, 245, 160, 119, 102, 99, 98, 97]
[904, 849, 848]
[907, 755, 667, 663]
[908, 800, 785, 783]
[904, 881]
[905, 828]
[902, 896]
[909, 833, 829]
[906, 728, 598, 525, 520]
[902, 890]
[908, 758, 657, 652]
[904, 835]
[910, 895]
[904, 729, 624, 599, 598]
[906, 851, 850]
[903, 825]
[904, 727, 598, 501, 465, 464]
[907, 877]
[907, 756, 636, 563, 554]
[905, 737, 608, 507, 481, 478]
[903, 900]
[907, 894]
[902, 846]
[906, 851]
[906, 750, 646, 627, 626]
[907, 793, 781, 780]
[902, 646, 466, 306, 163, 110, 105, 104]
[904, 760, 691, 690, 689]
[906, 798, 792, 790]
[906, 845, 840]
[903, 838]
[907, 586, 306, 134, 124]
[909, 867]
[904, 895]
[906, 786, 747, 744]
[904, 696, 514, 373, 255, 190, 153, 135, 127, 126]
[902, 626, 380, 140, 122]
[907, 857, 854]
[902, 733, 609, 536, 534]
[902, 669, 505, 353, 237, 166, 127, 103, 99]
[903, 762, 701]
[908, 901]
[903, 892]
[906, 759, 693, 692]
[909, 833, 827]
[904, 729, 624, 588, 587]
[904, 864, 862]
[906, 885, 882, 881]
[904, 852]
[904, 869]
[902, 819, 814]
[907, 641, 434, 237, 128, 125]
[903, 785, 772, 771, 770]
[905, 625, 396, 218, 113]
[903, 804, 794]
[906, 899]
[905, 881, 880]
[906, 865, 864]
[907, 828, 826]
[904, 903]
[904, 795, 789]
[908, 851]
[906, 898]
[902, 732, 577, 452, 342, 258, 186, 153, 133, 128, 125]
[907, 644, 438, 243, 136, 118]
[903, 752, 644, 612, 607]
[902, 791, 785]
[902, 767, 706, 698, 697]
[904, 757, 662, 644, 641]
[904, 721, 576, 454, 359, 259, 199, 157, 135, 125, 124]
[904, 725, 614, 564, 563]
[908, 775, 733, 730, 729, 728]
[903, 887]
[906, 806, 796]
[906, 786, 753, 751]
[904, 844]
[905, 779, 757]
[903, 736, 620, 554, 549]
[907, 885]
[906, 827, 825, 824]
[909, 873]
[904, 790, 767]
[904, 761, 680, 673, 671]
[903, 747, 661, 656]
[906, 892, 889, 888]
[906, 740, 637, 617, 615]
[907, 662, 460, 258, 141, 133]
[906, 751, 651, 638]
[901, 761, 670, 668]
[904, 792, 782]
[904, 775, 706, 704]
[903, 878]
[906, 776, 756, 754]
[902, 865]
[906, 891]
[910, 814, 813]
[902, 859]
[906, 882]
[903, 839]
[906, 769, 708, 706]
[902, 854]
[905, 891]
[903, 848]
[905, 714, 604, 531, 516]
[905, 755, 640, 585, 572, 567]
[906, 781, 734, 732]
[905, 791, 783]
[901, 895]
[906, 789, 782]
[905, 781, 766]
[906, 783, 764, 763]
[906, 803, 797]
[904, 692, 501, 352, 205, 164, 145]
[906, 886]
[904, 817, 814]
[903, 892]
[905, 852]
[902, 893]
[903, 754, 648, 632, 631]
[903, 900]
[903, 863, 861]
[907, 852, 850]
[903, 813, 810]
[902, 847, 846]
[900, 624, 393, 160, 148]
[905, 893]
[903, 875]
[907, 757, 664, 655]
[904, 877]
[903, 845]
[908, 817, 816]
[908, 874]
[905, 448, 153, 130]
[908, 769, 717]
[906, 887]
[905, 860, 857]
[906, 897]
[905, 897]
[904, 833, 831]
[905, 772, 717, 713]
[904, 830]
[905, 825, 823]
[902, 778, 732, 728]
[906, 880]
[906, 609, 329, 151, 125]
[902, 865]
[908, 821, 817, 816]
[903, 844]
[905, 854]
[906, 693, 522, 367, 245, 159, 124, 119, 117]
[904, 854]
[907, 651, 438, 273, 182, 133, 119, 118]
[906, 745, 625, 556, 546, 544]
[902, 837, 835, 834]
[903, 877]
[905, 750, 663, 648, 644]
[903, 809, 804, 803]
[906, 837, 835]
[906, 752, 680, 675]
[903, 807]
[904, 873, 872]
[905, 820, 816]
[906, 720, 576, 460, 373, 298, 261, 253]
[906, 860, 859]
[906, 828, 826]
[904, 803, 795]
[904, 834]
[902, 739, 595, 483, 387, 322, 299, 296]
[905, 891, 889]
[909, 837, 833, 832]
[905, 880]
[906, 793, 766, 764]
[906, 864]
[908, 837, 836]
[904, 719, 603, 546, 541]
