[4521, 2513, 1312, 984, 965]
[4526, 2768, 1602, 1073, 970]
[4528, 3181, 2009, 1265, 1039, 1008, 1007]
[4519, 4192, 4124, 4112, 4111]
[4524, 3702, 2934, 2401, 2117, 2036, 2032]
[4523, 4003, 3835, 3812, 3811]
[4527, 4108, 4027, 4010, 4008]
[4521, 4162, 4113, 4101]
[4520, 3340, 2225, 1509, 1164, 1085, 1084]
[4524, 2978, 1841, 1229, 1044, 1028]
[4521, 4335, 4309, 4303]
[4528, 4251, 4214, 4212]
[4527, 4124, 4018, 4008, 4005]
[4525, 3928, 3703, 3660, 3654, 3652]
[4524, 3514, 2444, 1669, 1250, 1110, 1104]
[4522, 3837, 3434, 3334, 3322]
[4531, 3638, 2767, 2106, 1588, 1345, 1304]
[4520, 2436, 1283, 960, 946, 944]
[4528, 3495, 2442, 1689, 1253, 1134, 1119, 1118]
[4518, 3893, 3550, 3470, 3462]
[4520, 3920, 3654, 3585, 3569, 3568]
[4527, 3958, 3738, 3689, 3677]
[4525, 3444, 2352, 1566, 1176, 1052, 1045]
[4527, 3535, 2545, 1766, 1301, 1086, 1042, 1040]
[4524, 3892, 3557, 3485, 3478]
[4527, 3632, 2889, 2399, 2188, 2144, 2135, 2134]
[4526, 3430, 2282, 1494, 1113, 1026, 1013, 1008, 1007]
[4529, 3969, 3784, 3752, 3751]
[4523, 2769, 1580, 1043, 961, 960]
[4528, 3615, 2567, 1803, 1284, 1068, 1031, 1030]
[4528, 3651, 2921, 2312, 1955, 1813, 1795, 1791]
[4530, 4141, 4037, 4015, 4012]
[4519, 3474, 2391, 1620, 1183, 1067, 1056]
[4525, 3479, 2418, 1641, 1198, 1048, 1037]
[4526, 3999, 3820, 3780, 3779]
[4531, 3565, 2555, 1791, 1296, 1094, 1065, 1063]
[4531, 3788, 3344, 3253, 3236, 3234]
[4525, 2642, 1434, 967, 932]
[4520, 2606, 1438, 1084, 1046, 1044, 1042]
[4521, 3613, 2740, 2002, 1529, 1286, 1244, 1241]
[4526, 3836, 3460, 3399, 3392]
[4520, 2694, 1439, 985, 956, 955]
[4522, 3732, 3038, 2624, 2519, 2500]
[4510, 3197, 2001, 1284, 1068, 1046]
[4523, 3657, 2910, 2485, 2375, 2365]
[4524, 3318, 2129, 1407, 1083, 1023]
[4528, 3862, 3551, 3497, 3482]
[4531, 4219, 4155, 4146, 4145]
[4525, 3746, 3172, 3025, 3009, 3006]
[4524, 2583, 1402, 1014, 981]
[4525, 3423, 2246, 1515, 1188, 1141, 1135]
[4525, 2849, 1708, 1160, 1058]
[4525, 3672, 2806, 2137, 1734, 1563, 1534, 1529, 1528]
[4526, 4157, 4057, 4043]
[4514, 4036, 3866, 3842, 3839]
[4512, 3299, 2188, 1464, 1148, 1097, 1091, 1090]
[4515, 4178, 4111, 4103]
[4519, 3236, 2129, 1418, 1130, 1063]
[4524, 3745, 3182, 3001, 2981, 2978]
[4528, 3224, 2158, 1357, 1018, 953, 949]
[4527, 3636, 2769, 2079, 1556, 1270, 1198, 1187]
[4520, 4229, 4169, 4164, 4163]
[4525, 4157, 4086, 4074]
[4529, 3066, 1779, 1187, 1021, 1006]
[4523, 3468, 2339, 1579, 1175, 1045, 1037]
[4521, 4048, 3968, 3954]
[4524, 4051, 3951, 3930, 3929]
[4533, 2510, 1338, 928, 897]
[4524, 2595, 1319, 953, 926, 925]
[4522, 3906, 3698, 3651, 3643, 3642, 3641]
[4527, 2473, 1293, 972, 961, 960]
[4526, 4090, 3959, 3939]
[4526, 2723, 1590, 1072, 977, 974]
[4523, 3251, 2121, 1419, 1147, 1101, 1099]
[4529, 4223, 4134, 4126]
[4525, 3027, 1884, 1222, 1070, 1063]
[4524, 4044, 3861, 3832, 3820, 3819]
[4520, 3121, 2001, 1267, 1027, 1000, 996, 992]
[4526, 4006, 3836, 3793, 3791, 3790]
[4521, 2499, 1237, 976, 950, 948]
[4529, 3842, 3476, 3411, 3402]
[4520, 4098, 3985, 3962, 3961]
[4522, 2712, 1495, 1012, 975]
[4518, 2575, 1427, 1034, 999]
[4526, 3544, 2634, 1903, 1429, 1178, 1142, 1140]
[4526, 3259, 2074, 1388, 1084, 1046, 1044]
[4523, 3767, 3238, 3080, 3060, 3051]
[4532, 3951, 3750, 3698, 3691, 3690]
[4527, 4165, 4055, 4041, 4040]
[4520, 4250, 4179, 4170]
[4522, 3574, 2480, 1659, 1209, 1065, 1048, 1047]
[4525, 3239, 2060, 1399, 1137, 1088, 1085]
[4525, 3951, 3679, 3621, 3610, 3607]
[4522, 4221, 4152, 4141]
[4530, 2549, 1282, 929, 910]
[4524, 3742, 3123, 2863, 2833, 2828]
[4524, 3357, 2206, 1442, 1095, 981, 969]
[4525, 3662, 2773, 2103, 1614, 1407, 1364, 1362, 1361]
[4521, 3233, 2096, 1412, 1107, 1057, 1052, 1049]
[4525, 3536, 2431, 1694, 1254, 1112, 1097, 1096]
