[451, 255, 142, 98]
[453, 227, 100, 89]
[455, 385, 253, 151, 90, 87]
[451, 267, 139, 98, 92]
[452, 236, 109, 96]
[451, 225, 123, 114]
[452, 228, 87]
[451, 252, 105, 83, 82]
[452, 337, 200, 106, 85, 84]
[454, 220, 74]
[453, 261, 130, 97, 96]
[450, 277, 128, 94, 89]
[451, 320, 203, 108, 88]
[451, 306, 155, 118, 105]
[453, 322, 190, 101, 91]
[452, 353, 217, 125, 94]
[452, 329, 186, 97, 91]
[454, 381, 252, 170, 89, 78]
[453, 302, 166, 76]
[451, 315, 186, 92, 81]
[454, 280, 144, 86, 85, 84]
[453, 339, 213, 105, 91, 88]
[453, 292, 157, 93, 91]
[453, 394, 293, 182, 104, 94, 91]
[452, 264, 132, 84, 83]
[451, 361, 217, 120, 89, 84]
[454, 341, 188, 117, 91]
[450, 277, 127, 103]
[452, 237, 111, 93, 90]
[451, 359, 222, 109, 91, 89]
[455, 277, 153, 85]
[454, 276, 146, 92, 91]
[451, 339, 196, 97, 89]
[452, 325, 195, 93, 89]
[451, 321, 208, 123, 89, 87]
[454, 231, 98]
[451, 262, 137, 95]
[453, 404, 378, 374]
[453, 380, 245, 148, 97, 86]
[453, 406, 367, 339, 324, 319, 316]
[455, 221, 95, 93]
[451, 407, 366, 358]
[453, 225, 102]
[455, 203, 102, 101]
[452, 356, 206, 120, 81, 80]
[452, 250, 98, 95, 94]
[451, 287, 154, 101, 92, 91, 90]
[450, 388, 277, 165, 95, 88, 83]
[453, 340, 230, 155, 113, 105, 104]
[451, 227, 118, 94, 93]
[453, 309, 167, 89, 87]
[453, 372, 230, 128, 85]
[451, 295, 180, 97, 93]
[451, 243, 99]
[451, 290, 160, 80]
[452, 332, 192, 117, 98, 95]
[452, 206, 94, 93]
[452, 287, 156, 96, 94]
[451, 321, 191, 98, 93, 92]
[458, 391, 270, 179, 109, 89, 88, 84]
[451, 388, 287, 172, 111, 94, 91, 90]
[451, 297, 171, 105, 92, 91]
[452, 363, 210, 143, 88]
[453, 390, 313, 209, 126, 74, 73]
[453, 232, 93, 88]
[451, 411, 390, 388, 387]
[457, 295, 147, 93, 91, 90]
[452, 307, 172, 91, 89]
[455, 364, 202, 127, 82, 78]
[451, 309, 171, 108, 102, 101]
[451, 371, 242, 125, 90, 86, 85]
[452, 387, 294, 202, 143, 101, 82, 77, 76]
[452, 260, 127, 98, 97, 96]
[451, 212, 109, 108]
[454, 343, 198, 101, 91, 90]
[453, 370, 213, 130, 109, 101]
[451, 247, 128, 86, 85]
[455, 262, 114, 96]
[454, 401, 354, 305, 251, 180, 128, 86, 70, 68, 67]
[452, 254, 118, 96]
[451, 337, 182, 100, 90, 85]
[453, 322, 185, 110, 90, 88, 87]
[452, 269, 144, 105, 104]
[453, 400, 359, 319, 287, 271, 255, 251]
[452, 158, 92, 90]
[454, 329, 183, 113, 97, 96]
[456, 410, 394, 387, 384]
[454, 391, 307, 182, 102, 81, 80]
[453, 240, 131, 105, 104, 102]
[450, 276, 151, 100, 96]
[451, 397, 326, 209, 121, 79, 71, 70]
[453, 356, 199, 108, 87, 86]
[452, 258, 126, 83]
[450, 369, 231, 145, 93, 87]
[455, 277, 131, 100]
[450, 278, 151, 86, 85]
[451, 257, 123, 97, 94, 93]
[451, 221, 108, 106, 105]
[452, 199, 104]
[452, 291, 149, 93, 89]
[450, 281, 146, 91]
[454, 434, 429, 427, 426, 425]
[451, 238, 111, 90, 89]
[454, 441]
[452, 238, 111, 89, 87]
[456, 382, 255, 155, 107, 97, 94, 93]
[453, 246, 106, 97]
[453, 419, 395, 387, 383]
[451, 354, 203, 120, 89, 85]
[451, 354, 224, 125, 85, 84]
[452, 216, 98, 95]
[454, 433, 430, 429]
[452, 212, 86, 85]
[452, 318, 172, 93, 91]
[451, 362, 218, 123, 94, 89]
[453, 289, 148, 83, 76]
[452, 227, 89]
[453, 324, 201, 104, 95]
[451, 250, 124, 94, 93]
[453, 273, 134, 91]
[453, 348, 203, 106, 96, 95]
[454, 238, 98, 76]
[452, 206, 93, 90]
[454, 191, 93]
[453, 399, 365, 352, 343, 341, 340]
[453, 393, 225, 133, 98, 95]
[455, 296, 157, 95, 94]
[454, 207, 109]
[451, 298, 159, 90, 89]
[450, 262, 145, 97]
[454, 421, 416, 414, 413]
[452, 334, 194, 99, 93]
[451, 333, 189, 108, 80, 76, 75, 74]
[452, 368, 223, 143, 97, 84, 83]
[453, 194, 95, 94]
[453, 228, 73]
[453, 335, 195, 116, 85]
[451, 310, 153, 112, 107, 104]
[452, 200, 101]
[451, 325, 176, 113, 97, 96]
[454, 217, 107, 101]
[451, 230, 109, 99]
[452, 218, 113, 102]
[453, 270, 126, 91]
[455, 258, 108, 96]
[453, 352, 217, 122, 78, 75]
[451, 252, 132, 101, 99]
[453, 435, 431]
[453, 268, 125, 86, 85]
[452, 220, 105, 93]
[454, 331, 192, 110, 88, 78]
[454, 190, 83]
[452, 256, 117, 92]
[453, 198, 97]
[451, 313, 184, 107, 85]
[450, 323, 181, 93, 90, 88]
[453, 392, 319, 206, 112, 81, 76, 75]
[452, 337, 203, 101, 78, 77]
[452, 311, 179, 98, 89]
[454, 368, 225, 145, 84, 83]
[452, 322, 198, 121, 97, 94]
[454, 291, 160, 97]
[454, 256, 140, 84, 82]
[452, 267, 137, 110, 105]
[454, 313, 176, 86, 75]
[452, 260, 126, 87]
[453, 216, 96, 92]
[450, 365, 235, 124, 88, 81]
[453, 321, 181, 95, 79]
[451, 297, 179, 109, 98]
[452, 417, 398, 394, 389]
[452, 324, 174, 100, 94]
[451, 303, 173, 98, 84, 83]
[452, 349, 208, 124, 89, 78, 76]
[453, 255, 122, 104, 101]
[451, 247, 111, 83, 82]
[455, 253, 129, 91, 90]
[453, 310, 176, 94, 91]
[456, 263, 124, 97]
[452, 227, 102, 100]
[453, 336, 191, 115, 89, 86]
[451, 245, 123, 103]
[454, 366, 215, 123, 82, 79]
[455, 192, 113, 111, 110]
[451, 230, 114, 111]
[451, 334, 192, 104, 93]
[457, 264, 127, 88]
[452, 386, 267, 164, 94, 77]
[452, 299, 128, 96, 94, 93, 92]
[450, 261, 122, 93]
[454, 315, 192, 97, 89]
[454, 346, 204, 103, 82]
[450, 295, 166, 82]
[454, 297, 182, 93, 87]
[454, 414, 375, 366]
[450, 267, 135, 90, 89]
[451, 290, 156, 94, 88]
[453, 286, 133, 94, 91]
[452, 342, 202, 105, 91, 90]
[452, 318, 198, 124, 107, 100]
[453, 358, 219, 123, 82]
[452, 337, 181, 116, 89, 88]
[452, 271, 137, 104]
[451, 312, 164, 94, 89]
[450, 167, 107]
[452, 241, 129, 79]
[452, 349, 201, 103, 91, 90]
[453, 368, 201, 114, 80]
[454, 191, 83]
[451, 193, 96]
[451, 252, 126, 91, 89]
[453, 206, 94, 92]
[451, 340, 215, 141, 108, 103]
[451, 407, 374, 352, 350]
[450, 265, 135, 108, 97]
[454, 358, 226, 128, 103, 101, 100]
[452, 374, 224, 154, 88]
[453, 341, 210, 120, 102, 97]
[452, 320, 192, 100, 82, 80]
[453, 385, 266, 153, 97, 83, 81]
[453, 382, 258, 164, 109, 101, 100]
[455, 387, 274, 176, 99, 83, 81]
[452, 341, 203, 111, 91, 90]
[452, 208, 94, 93]
[453, 285, 138, 103, 101]
[454, 266, 135, 86, 85]
[453, 290, 158, 86, 85]
[451, 230, 108, 101]
[452, 282, 146, 107, 106]
[453, 337, 214, 101, 80, 79]
[453, 349, 200, 102, 89]
[453, 408, 384, 377, 376]
[451, 345, 193, 88, 83]
[453, 282, 129, 97, 95]
[453, 231, 117, 102]
[452, 171, 85]
[452, 406, 339, 232, 147, 105, 88, 82]
[453, 324, 187, 102, 90]
[452, 352, 219, 138, 97, 90]
[451, 270, 125, 104, 100, 97]
[452, 304, 155, 97, 92, 88]
[451, 331, 219, 103, 85]
[453, 224, 89, 86]
[452, 292, 165, 100]
[452, 310, 163, 102, 86]
[452, 357, 240, 134, 91, 86]
[453, 411, 396, 394]
[454, 306, 187, 115, 99]
[453, 310, 161, 105, 84]
[454, 432, 431, 428]
[454, 387, 268, 154, 87, 85, 84]
[453, 412, 392, 385]
[452, 237, 101, 93]
[453, 365, 232, 129, 98, 97]
[453, 226, 98, 96]
[450, 282, 160, 86, 84]
[450, 286, 154, 83]
[451, 314, 184, 108, 96, 95]
[451, 327, 195, 115, 92, 87]
[451, 225, 105, 102]
[452, 283, 124, 85]
[453, 208, 81]
[454, 365, 226, 116, 75]
[454, 417, 405, 401, 398]
[452, 396, 289, 162, 87, 78, 74]
[452, 268, 124, 94, 93]
[451, 368, 221, 121, 76, 75]
[451, 282, 150, 86]
[454, 312, 184, 110, 91, 88]
[451, 264, 166, 98, 97]
[453, 225, 77]
[452, 365, 212, 125, 84, 81]
[451, 222, 93, 91]
[451, 253, 118, 94, 93]
[451, 209, 103, 102]
[454, 378, 226, 153, 95, 86]
[452, 408, 371, 331, 308, 307, 306]
[453, 254, 112, 93, 92]
[453, 243, 128, 103, 101]
[452, 396, 368, 354, 351]
[456, 244, 120, 116]
[451, 230, 115, 88, 86]
[453, 332, 195, 116, 94, 88, 86]
[452, 361, 219, 144, 104, 91, 86, 85]
[454, 322, 186, 89, 79]
[452, 212, 98]
[450, 243, 119, 97, 95]
[452, 270, 129, 97, 96]
[453, 250, 122, 92, 91]
[454, 359, 216, 128, 83, 82]
[451, 339, 191, 116, 82, 77]
[452, 358, 227, 127, 93, 87]
[452, 247, 110, 91, 90, 89, 88]
[453, 236, 105, 103]
[453, 388, 296, 181, 101, 82, 80]
[454, 235, 121, 104, 101]
[454, 276, 130, 93]
[453, 366, 215, 135, 93, 91]
[452, 324, 201, 100, 99]
[452, 269, 142, 95, 89]
[451, 254, 121, 93, 92]
[452, 230, 102, 91]
[454, 349, 212, 112, 95, 93]
[450, 281, 140, 77, 75]
[453, 351, 210, 124, 101, 92]
[453, 352, 215, 118, 92, 89]
[453, 267, 112, 97, 95]
[453, 316, 160, 102, 96]
[451, 275, 144, 103]
[455, 337, 183, 121, 108, 106]
[452, 239, 114, 95, 94]
[453, 260, 140, 99]
[451, 403, 358, 307, 248, 172, 119, 82, 78]
[453, 324, 187, 103, 99, 98]
[453, 417, 407, 405, 402]
[458, 402, 321, 197, 132, 95, 82, 81, 77]
[457, 427, 411, 408]
[450, 312, 194, 79]
[452, 218, 100, 96]
[452, 342, 201, 115, 85, 81]
[453, 223, 97]
[455, 256, 125, 93]
[454, 269, 130, 91, 90]
[451, 309, 167, 90, 88]
[454, 360, 234, 139, 95, 93]
[451, 367, 232, 145, 111, 97, 92, 91, 90]
[452, 372, 212, 122, 79, 77]
[452, 375, 246, 148, 91, 86]
[451, 304, 166, 100, 91]
[451, 302, 179, 101, 97, 96, 94]
[451, 302, 182, 111, 97, 96]
[453, 391, 282, 177, 90, 89]
[451, 339, 204, 120, 105, 99]
[452, 376, 231, 136, 94, 89]
[452, 259, 120, 92]
[454, 334, 185, 103, 79, 76]
[451, 341, 189, 107, 98, 93, 92]
[451, 292, 155, 94]
[452, 417, 406, 405, 403]
[451, 347, 196, 101, 93, 92]
[453, 384, 264, 158, 110, 88, 87]
[452, 313, 164, 104, 100]
[454, 281, 151, 80]
[453, 254, 118, 108]
[453, 236, 92, 85]
[453, 392, 286, 188, 98, 73]
[452, 286, 148, 89]
[453, 352, 224, 114, 88, 87]
[452, 273, 128, 97]
[451, 244, 117, 89, 88]
[452, 312, 173, 105, 90, 89]
[450, 372, 224, 128, 78, 72]
[452, 316, 180, 99, 86, 83]
[453, 192, 111, 109]
[453, 190, 83]
[452, 228, 99, 92]
[452, 234, 118, 94, 91]
[452, 173, 89, 88]
[451, 244, 121, 92]
[451, 252, 114, 81]
[453, 258, 139, 88, 87]
[451, 284, 158, 91, 89]
[454, 291, 160, 92, 85, 83]
[451, 270, 137, 91, 89]
[455, 364, 222, 121, 84, 81]
[451, 377, 240, 158, 93, 85]
[453, 406, 368, 342, 340]
[450, 245, 113, 88, 87]
[453, 311, 182, 90, 81]
[450, 299, 146, 104, 98, 95]
[451, 236, 112, 99, 96]
[451, 305, 145, 91, 90]
[455, 407, 387, 385]
[451, 298, 136, 98, 94]
[454, 398, 355, 340, 336]
[452, 329, 181, 103, 93, 91]
[450, 264, 150, 78]
[452, 255, 104, 86, 82]
[455, 225, 95]
[451, 254, 121, 79]
[453, 236, 114, 86, 84]
[453, 442]
[453, 251, 115, 87]
[451, 337, 210, 122, 99, 96]
[451, 370, 229, 144, 81, 73]
[453, 360, 200, 121, 100, 92, 90]
[452, 299, 174, 109, 95, 92]
[454, 306, 159, 115, 97, 96]
[451, 371, 243, 142, 80, 75, 74]
[452, 364, 218, 136, 92, 91]
[452, 401, 372, 362, 360]
[453, 236, 99, 94]
[452, 245, 109, 87, 86]
[453, 420, 405, 402, 401]
[454, 281, 124, 93, 91]
[453, 340, 194, 109, 91]
[453, 322, 196, 91, 89]
[453, 216, 113, 111]
[454, 377, 246, 159, 96, 88]
[451, 278, 166, 96, 94]
[453, 300, 135, 102, 91]
[455, 423, 404, 400, 399]
[450, 356, 214, 129, 91, 88]
[452, 307, 158, 84, 83]
[450, 230, 98, 95]
[450, 247, 94, 87, 84]
[450, 257, 101]
[452, 272, 144, 91, 88]
[452, 323, 172, 102, 93]
[450, 398, 344, 261, 153, 91, 67, 65]
[452, 376, 235, 138, 98, 97]
[452, 244, 114, 97, 96]
[451, 311, 163, 109, 94]
[452, 334, 198, 121, 90, 89]
[453, 268, 104, 82, 80, 79]
[450, 401, 360, 304, 222, 155, 104, 77, 75, 73]
[456, 411, 393, 383, 382]
[451, 239, 98, 95]
[453, 237, 87, 79]
[452, 242, 113, 87]
[452, 325, 193, 106, 90]
[452, 308, 179, 110, 103]
[451, 327, 162, 88, 85]
[452, 283, 166, 88]
[452, 371, 234, 146, 85, 82]
[451, 316, 196, 116, 95, 89]
[452, 199, 99]
[452, 233, 124, 86]
[454, 246, 124, 99, 97]
[452, 255, 115, 94, 93]
[454, 280, 129, 99, 98]
[452, 224, 110, 101]
[453, 167, 83]
[450, 249, 97, 83]
[452, 203, 96, 95]
[451, 305, 165, 116, 103]
[452, 279, 136, 95, 94]
[452, 404, 368, 342, 329]
[452, 360, 218, 113, 77, 76]
[452, 326, 172, 112, 93]
[451, 217, 102, 96]
[453, 317, 180, 101, 97]
[451, 230, 103, 89]
[454, 302, 180, 104, 85]
[453, 384, 265, 162, 96, 77, 75]
[450, 301, 170, 92, 87]
[451, 232, 94, 93]
[453, 421, 405, 398]
[454, 237, 120, 111]
[454, 333, 192, 122, 99, 98]
[455, 245, 107, 97]
[451, 309, 156, 97, 96]
[453, 273, 147, 104]
[450, 352, 207, 110, 100, 99]
[453, 267, 115, 94, 93]
[452, 329, 192, 103, 91]
[452, 207, 86]
[453, 325, 191, 103, 92]
[451, 183, 98, 96]
[455, 286, 177, 106, 86, 85]
[452, 188, 95, 94]
[453, 308, 162, 97, 96]
[452, 270, 131, 88, 87]
[453, 240, 115, 107, 106]
[452, 399, 322, 210, 140, 92, 88]
[452, 376, 249, 147, 89, 72, 70, 67]
[452, 229, 94, 91]
[451, 288, 140, 86, 84]
[454, 291, 140, 96]
[453, 299, 165, 88, 86]
[454, 291, 156, 86]
[450, 271, 136, 89, 88]
[454, 290, 161, 100, 93, 92, 90]
[455, 270, 128, 81, 77]
[456, 236, 99, 97]
[451, 324, 196, 95, 92]
[452, 337, 214, 107, 95]
[453, 211, 91]
[451, 232, 110, 104]
[453, 411, 396, 388]
[454, 391, 297, 189, 105, 85, 83]
[454, 155, 84]
[454, 279, 158, 96, 93]
[453, 257, 119, 97, 96]
[451, 387, 272, 167, 99, 92]
[452, 197, 92, 90]
[450, 361, 223, 112, 84, 82]
[452, 268, 114, 95, 89]
[454, 262, 112, 110]
[451, 346, 185, 102, 96, 93]
[454, 228, 122, 104, 102]
[452, 206, 78]
[453, 344, 223, 100, 83]
[450, 342, 205, 114, 80, 79]
[451, 242, 109, 73, 71]
[453, 199, 77]
[452, 275, 137, 94]
[453, 398, 316, 207, 119, 81, 73, 72]
[452, 337, 197, 114, 104]
[452, 250, 105, 102]
[453, 389, 314, 195, 108, 77, 75]
[454, 313, 186, 113, 91, 80]
[453, 273, 138, 94]
[451, 358, 213, 139, 105, 94]
[450, 329, 193, 112, 95, 91]
[451, 167, 84, 83]
[450, 231, 107, 92]
[451, 203, 110, 108]
[453, 262, 138, 101, 97, 96]
[453, 312, 166, 81]
[453, 268, 128, 98, 95]
[452, 396, 329, 233, 161, 98, 77, 74, 71]
[451, 239, 122, 84]
[451, 266, 122, 100, 96]
[450, 248, 86, 85]
[456, 284, 153, 78, 76]
[451, 229, 109, 92, 91]
[454, 283, 126, 92]
[453, 415, 395, 390, 388]
[454, 240, 115, 97, 95]
[454, 277, 142, 96, 93]
[456, 388, 287, 179, 99, 74]
[450, 367, 221, 123, 77, 74]
[452, 365, 227, 128, 90, 77, 75]
[452, 185, 77]
[453, 397, 342, 257, 155, 89, 79]
[450, 261, 114, 112]
[455, 354, 215, 141, 100, 94, 93]
[453, 348, 231, 130, 95, 88, 87]
[450, 282, 166, 82, 77, 76]
[451, 304, 175, 96, 89]
[451, 257, 125, 78]
[455, 210, 97]
[451, 396, 369, 366]
[453, 380, 250, 147, 91, 71]
[453, 259, 107, 94]
[453, 392, 277, 182, 99, 89, 88]
[451, 371, 219, 121, 85, 83, 82]
[451, 229, 115, 101, 99]
[450, 375, 222, 136, 99, 93]
[452, 227, 96, 88]
[454, 206, 110, 100]
[453, 329, 170, 90, 88, 87]
[455, 329, 184, 96, 91]
[451, 306, 172, 87, 86]
[455, 286, 140, 97, 95]
[452, 334, 185, 110, 95]
[451, 350, 217, 135, 87, 86]
[452, 409, 369, 360]
[452, 219, 84]
[452, 359, 209, 107, 98, 97]
[451, 231, 97, 86]
[454, 263, 143, 102, 101]
[451, 325, 195, 88, 85]
[452, 236, 126, 96]
[450, 274, 139, 82]
[454, 332, 195, 94, 82]
[451, 354, 201, 116, 96, 91]
[452, 222, 90]
[452, 248, 139, 95]
[454, 413, 391, 376]
[452, 290, 155, 78]
[451, 296, 169, 92, 85]
[452, 255, 138, 95, 88]
[451, 217, 111, 97, 96]
[452, 361, 221, 138, 81, 80]
[451, 280, 151, 97]
[450, 331, 195, 111, 90, 87]
[454, 223, 92, 91]
[452, 335, 206, 110, 95, 94]
[454, 349, 228, 128, 93, 90, 89]
[451, 212, 101, 99]
[452, 355, 201, 103, 87, 86]
[452, 323, 185, 93, 89]
[452, 279, 122, 95, 91]
[455, 310, 183, 97, 92, 91]
[452, 169, 109, 106]
[452, 307, 160, 93]
[452, 281, 141, 91]
[452, 408, 372, 365, 362]
[452, 261, 146, 91]
[454, 246, 127, 106, 105]
[452, 236, 109, 87]
[453, 272, 114, 97, 96, 95]
[454, 331, 197, 104, 84]
[452, 273, 151, 113, 102, 100]
[451, 248, 109, 102]
[451, 204, 86]
[451, 381, 240, 141, 82, 69]
[451, 215, 95, 94]
[453, 379, 258, 168, 113, 103, 98]
[454, 337, 200, 114, 103]
[452, 266, 114, 109]
[452, 196, 83]
[452, 219, 106, 104]
[451, 356, 215, 117, 95, 93]
[452, 231, 94, 79]
[452, 266, 133, 106, 103]
[452, 375, 235, 153, 93, 88, 86]
[451, 302, 172, 96]
[453, 381, 234, 151, 98, 88, 84]
[453, 288, 158, 115, 105, 104]
[453, 247, 110, 97]
[450, 284, 166, 101, 94]
[451, 317, 171, 100, 96, 95]
[453, 290, 154, 93, 86, 84]
[453, 244, 118, 111]
[452, 247, 137, 101]
[450, 241, 113, 98, 97]
[453, 278, 124, 93, 90]
[451, 291, 157, 98, 96]
[452, 199, 89]
[456, 313, 174, 103, 100]
[450, 328, 202, 128, 91, 90]
[452, 299, 174, 105, 99]
[451, 282, 142, 95, 91]
[452, 291, 161, 104, 95]
[453, 308, 166, 90, 77, 75]
[451, 230, 105, 99]
[453, 245, 97, 96]
[454, 242, 122, 112]
[451, 267, 148, 81]
[452, 397, 327, 214, 135, 83, 81]
[451, 310, 187, 85, 82]
[455, 254, 111, 91, 88]
[452, 268, 131, 101, 97]
[453, 241, 99, 93]
[452, 253, 137, 77]
[452, 330, 203, 100, 87, 86]
[452, 329, 192, 103, 91, 90]
[453, 395, 336, 251, 161, 102, 79, 75, 73]
[452, 404, 373, 363, 359]
[454, 333, 173, 100, 83, 82]
[451, 393, 320, 206, 142, 92, 83]
[452, 216, 85]
[451, 310, 184, 101, 99]
[452, 217, 75]
[453, 320, 187, 76, 68]
[451, 365, 255, 164, 95, 78]
[451, 338, 205, 119, 91, 87]
[451, 257, 113, 88, 87]
[451, 291, 162, 84, 83, 82]
[453, 308, 191, 93, 82]
[453, 320, 199, 111, 93, 92]
[454, 261, 142, 118, 116]
[451, 198, 87]
[452, 293, 177, 94, 90]
[454, 241, 93, 85]
[452, 241, 106, 93]
[452, 339, 191, 109, 84]
[452, 295, 171, 100]
[453, 361, 222, 119, 83, 81]
[450, 251, 110, 91, 89]
[452, 376, 224, 137, 99, 91]
[457, 200, 77]
[450, 327, 192, 111, 96, 94]
[454, 274, 123, 91]
[452, 217, 105, 98]
[455, 225, 102, 87, 85]
[452, 324, 198, 98, 91]
[452, 261, 131, 90, 89]
[453, 317, 189, 91, 90]
[457, 421, 401]
[452, 343, 183, 110, 84, 79]
[453, 251, 128, 85, 84]
[452, 304, 161, 91, 86]
[452, 173, 92, 90]
[452, 257, 102, 96]
[456, 333, 178, 103, 90]
[450, 328, 177, 91]
[451, 232, 100, 96]
[451, 344, 207, 108, 93, 88]
[451, 242, 104, 87, 84]
[451, 393, 327, 221, 139, 84, 78]
[453, 235, 121, 96, 95]
[453, 298, 133, 80, 79]
[453, 264, 137, 85]
[451, 247, 112, 107]
[451, 228, 97]
[455, 442, 438, 437]
[452, 360, 215, 123, 88, 87]
[452, 181, 95]
[450, 256, 130, 81]
[453, 292, 139, 106, 102]
[452, 322, 209, 126, 103]
[452, 329, 200, 113, 98, 96]
[454, 409, 375, 367, 366]
[450, 247, 116, 89]
[453, 343, 202, 110, 98, 97]
[454, 374, 217, 122, 94, 90, 88]
[455, 283, 127, 89]
[452, 248, 119, 87, 85]
[453, 264, 113, 94, 90]
[450, 219, 94, 87]
[451, 235, 120, 108]
[451, 293, 166, 97, 95]
[453, 258, 131, 99, 98]
[452, 228, 131, 97]
[452, 228, 93, 87]
[453, 380, 259, 174, 122, 90, 86]
[454, 388, 271, 167, 101, 90]
[452, 246, 93, 81, 79]
[451, 409, 378, 352, 340, 337]
[453, 267, 134, 80, 79]
[454, 247, 127, 106, 104]
[452, 345, 212, 125, 107, 103]
[452, 369, 220, 125, 91, 79, 78]
[451, 296, 151, 82, 81]
[452, 241, 123, 101]
[451, 329, 171, 97, 88, 87]
[453, 383, 259, 165, 104, 93]
[451, 237, 104, 89]
[451, 302, 185, 102, 87, 85]
[451, 266, 123, 101, 96]
[453, 244, 90]
[451, 302, 171, 96]
[455, 288, 146, 96, 95]
[451, 275, 125, 84, 83]
[453, 377, 238, 141, 102, 90, 89]
[451, 320, 188, 114, 100, 99]
[451, 242, 105, 100]
[453, 317, 196, 98, 81]
[452, 224, 105, 103]
[452, 293, 148, 91, 88]
[455, 357, 214, 124, 84, 82, 80]
[451, 253, 132, 89]
[450, 185, 97, 95]
[455, 409, 385, 368, 362]
[453, 334, 199, 118, 90, 87]
[454, 377, 225, 128, 94, 81, 77, 75]
[454, 281, 172, 82, 81]
[451, 244, 111, 98]
[453, 283, 139, 106, 104]
[450, 413, 398, 393]
[453, 403, 356, 332, 331]
[451, 418, 404, 401]
[452, 302, 176, 104, 100]
[451, 272, 122, 98]
[454, 432, 428, 427]
[453, 229, 117, 104]
[450, 388, 280, 173, 106, 84, 82]
[452, 240, 116, 96, 94]
[453, 139, 120, 109]
[451, 297, 162, 99, 97]
[452, 207, 96, 93]
[453, 237, 116, 96]
[453, 306, 173, 95, 92]
[451, 219, 99, 95]
[453, 308, 150, 94, 88]
[454, 424, 416]
[451, 355, 198, 123, 94, 92]
[453, 292, 158, 103, 93]
[451, 207, 93]
[453, 204, 84, 81]
[453, 261, 109, 89, 87]
[453, 304, 187, 92, 85]
[453, 249, 110, 80]
[453, 418, 397, 392]
[453, 341, 210, 136, 107, 103]
[451, 375, 234, 152, 109, 92, 88, 84, 81]
[452, 239, 106, 91]
[451, 338, 181, 110, 95]
[452, 361, 212, 112, 81, 77]
[451, 354, 200, 114, 98, 93]
[455, 231, 97, 92]
[452, 235, 100, 92]
[454, 299, 160, 93, 92]
[450, 247, 108, 95]
[451, 341, 199, 116, 89, 87, 85]
[453, 198, 92]
[454, 397, 324, 217, 139, 64, 63]
[453, 276, 140, 86]
[453, 298, 150, 85]
[452, 305, 170, 109, 101]
[452, 380, 244, 139, 76, 72]
[452, 253, 109, 99]
[454, 313, 168, 90, 82]
[450, 332, 209, 115, 103, 99]
[453, 311, 190, 90, 88]
[453, 301, 149, 89, 88]
[453, 266, 136, 87, 85]
[453, 272, 132, 103, 101, 99, 98]
[453, 346, 210, 123, 99, 94]
[452, 311, 188, 86, 77]
[453, 373, 227, 129, 86, 79]
[453, 286, 144, 108, 106]
[454, 388, 304, 193, 117, 84, 77, 71, 70, 69]
[453, 286, 150, 90, 87, 86, 85]
[455, 278, 141, 87, 85, 84]
[453, 266, 125, 89]
[452, 362, 215, 119, 89, 82]
[454, 232, 105, 101, 99]
[451, 305, 158, 101, 99, 98]
[455, 209, 103]
[454, 427, 424]
[454, 228, 108, 104]
[451, 327, 186, 104, 96, 95]
[454, 326, 177, 105, 98]
[450, 250, 102]
[454, 245, 115, 104]
[456, 391, 275, 186, 116, 94, 89]
[456, 343, 195, 109, 96]
[451, 279, 169, 96, 92]
[451, 201, 86]
[454, 403, 349, 302, 258, 219, 179, 137, 96, 67, 55, 52]
[455, 308, 189, 86]
[456, 249, 117, 106]
[451, 238, 115, 93, 92]
[452, 252, 116, 92]
[456, 328, 194, 91, 87, 86]
[450, 332, 204, 111, 94, 92]
[453, 250, 118, 87, 86]
[450, 271, 128, 95, 93]
[452, 312, 170, 85]
[455, 304, 143, 88, 83]
[453, 318, 180, 109, 108]
[453, 194, 95, 93]
[451, 237, 108, 105]
[451, 258, 106, 86]
[452, 344, 194, 116, 98, 97]
[453, 378, 247, 134, 79]
[452, 334, 197, 127, 93]
[451, 223, 93]
[455, 296, 170, 89, 87]
[453, 220, 123, 119]
[457, 347, 195, 123, 110, 106]
[454, 268, 138, 92, 91]
[452, 327, 196, 117, 95, 93, 91, 90]
[451, 270, 138, 91, 90]
[452, 396, 342, 299, 273, 261, 259]
[452, 368, 218, 121, 87, 80]
[451, 256, 142, 105]
[452, 206, 90, 89]
[454, 235, 107, 95]
[454, 252, 141, 101, 99]
[452, 292, 166, 78, 73]
[451, 408, 365, 337, 333]
[452, 228, 117, 116]
[453, 304, 154, 99, 89]
[451, 399, 356, 297, 195, 123, 99, 80, 76, 75]
[454, 231, 89, 88]
[452, 412, 395, 390, 388]
[452, 315, 154, 91]
[451, 275, 151, 107, 103]
[452, 219, 114, 103]
[453, 220, 97, 91]
[453, 368, 215, 116, 91]
[454, 318, 188, 98, 87, 85]
[452, 257, 105, 87, 83, 81]
[452, 314, 173, 94, 82]
[451, 385, 298, 202, 130, 88, 82, 81]
[452, 269, 135, 95, 94]
[452, 316, 183, 86, 82]
[452, 348, 202, 115, 85, 84]
[452, 203, 87]
[451, 337, 173, 118, 91, 90, 87]
[451, 241, 104, 103]
[452, 375, 245, 155, 89, 76, 74]
[452, 318, 191, 87]
[451, 238, 104, 100]
[452, 418, 401, 396, 395]
[452, 353, 210, 128, 99, 97]
[451, 294, 163, 98, 91]
[450, 225, 112, 111]
[454, 294, 155, 88]
[453, 330, 171, 116, 106, 104]
[450, 263, 130, 93, 87]
[451, 203, 106, 103]
[451, 313, 175, 115, 90, 89]
[451, 411, 387, 383, 382]
[453, 330, 209, 107, 101, 100]
[452, 241, 90, 88, 86]
[453, 220, 101, 97]
[450, 196, 81]
[453, 257, 135, 83, 82]
[455, 308, 171, 96, 92]
[451, 284, 160, 104, 101]
[453, 301, 146, 95, 94]
[451, 211, 113, 108]
[451, 195, 75]
[452, 358, 223, 131, 94, 87, 83]
[451, 243, 118, 90, 85]
[454, 304, 157, 93, 92]
[453, 342, 189, 112, 102, 99]
[451, 262, 149, 93, 90]
[452, 323, 163, 103, 102]
[452, 375, 245, 144, 92, 72, 69, 67]
[452, 226, 105, 95]
[453, 363, 205, 122, 92, 88, 85]
[452, 259, 129, 110, 100]
[452, 369, 222, 117, 86, 80]
[452, 343, 188, 108, 97, 96]
[452, 324, 184, 100, 99]
[450, 253, 125, 94, 92]
[454, 355, 187, 110, 97, 96]
[452, 381, 230, 123, 87, 85]
[455, 424, 404, 398, 395]
[450, 334, 199, 104, 87, 86]
[452, 240, 108, 94, 92]
[450, 336, 195, 93, 92]
[455, 376, 223, 127, 102, 96]
[452, 239, 107, 99, 97]
[450, 318, 163, 87, 86, 84]
[452, 277, 131, 104, 101]
[451, 307, 169, 99, 97]
[453, 281, 145, 91]
[453, 241, 121, 108, 106]
[452, 387, 284, 186, 98, 75, 71]
[453, 362, 225, 131, 91, 79]
[454, 268, 139, 97, 96]
[451, 306, 152, 92, 90, 89]
[451, 278, 136, 96]
[452, 192, 94, 90]
[451, 359, 217, 118, 79, 78]
[452, 234, 101, 94]
[452, 239, 119, 103, 102]
[455, 309, 160, 98, 93]
[453, 248, 103, 85, 84]
[452, 305, 167, 96, 90]
[455, 358, 202, 126, 76, 75, 72]
[452, 212, 111, 103, 100]
[451, 197, 95, 94]
[454, 319, 173, 93, 84, 83]
[454, 196, 85]
[452, 257, 120, 113, 112]
[451, 305, 155, 120, 112, 109, 108]
[453, 245, 121, 85]
[454, 430, 417, 413]
[452, 324, 197, 110, 94, 92]
[453, 396, 322, 227, 152, 102, 92]
[453, 232, 101, 96]
[453, 404, 379, 369, 367]
[454, 286, 146, 88, 83]
[452, 294, 164, 69]
[452, 261, 132, 97, 96]
[451, 199, 88]
[452, 351, 221, 118, 106, 104]
[455, 346, 204, 109, 97]
[451, 333, 214, 127, 97, 94]
[452, 391, 288, 197, 136, 102, 88, 87]
[453, 277, 119, 72]
[453, 230, 101, 96]
[451, 281, 160, 83, 82]
[453, 240, 111, 98]
[452, 208, 124, 112]
[455, 276, 135, 84]
[450, 247, 124, 91]
[450, 238, 103, 92]
[451, 407, 372, 366, 365]
[454, 349, 199, 121, 94, 86]
[453, 365, 222, 145, 91, 87, 86, 85]
[453, 338, 180, 106, 103, 100, 99]
[453, 218, 113]
[452, 147, 88, 85]
[452, 376, 248, 145, 103, 96, 95]
[451, 292, 159, 78]
[453, 219, 83]
[451, 307, 161, 105, 99]
[451, 269, 140, 97, 95]
[453, 247, 129, 106, 105]
[453, 234, 105, 103]
[452, 227, 110, 101]
[451, 301, 169, 85, 72]
[451, 299, 195, 116, 98, 91, 89]
[455, 321, 186, 109, 102, 101]
[452, 357, 221, 122, 97, 89]
[451, 354, 203, 132, 95, 87]
[453, 256, 133, 99, 98]
[452, 283, 163, 81]
[451, 368, 235, 122, 75, 73, 72]
[451, 376, 238, 146, 98, 88, 87]
[452, 249, 114, 100, 99]
[450, 291, 159, 92, 86]
[452, 428, 410, 407, 406]
[453, 220, 110, 100]
[452, 271, 146, 90]
[452, 202, 113]
[451, 301, 184, 84, 82]
[452, 321, 191, 104, 77]
[451, 283, 130, 100, 98]
[453, 311, 170, 98, 83, 80]
[451, 246, 95, 81, 79]
[451, 218, 118, 111]
[451, 290, 158, 98, 91, 90]
[450, 260, 134, 98, 97]
[453, 283, 132, 101, 96]
[450, 268, 154, 100, 97]
[453, 246, 124, 92, 91]
[453, 375, 236, 139, 86, 76]
[451, 315, 192, 118, 102, 98]
[455, 259, 119, 83]
[451, 254, 140, 75]
[450, 392, 319, 194, 121, 90, 80, 77]
[452, 322, 194, 95, 86, 85]
[451, 313, 186, 93, 86]
[453, 224, 110, 107]
[452, 385, 286, 170, 111, 93, 88]
[451, 385, 261, 144, 102, 98]
[451, 370, 251, 150, 84, 74]
[453, 274, 155, 89, 86]
