[32.52]
[32.53]
[32.55]
[32.4]
[32.71]
[32.11]
[32.27]
[32.46]
[32.48]
[32.59]
[32.65]
[32.61, 32.61]
[32.6]
[32.67]
[32.43]
[32.3]
[32.29]
[32.52]
[32.22]
[32.01]
[32.43]
[32.52, 32.46]
[32.32]
[32.32, 32.33]
[32.74]
[32.48]
[32.52]
[32.58]
[32.57]
[32.58]
[32.01]
[32.21]
[32.04]
[32.26]
[32.31]
[32.26]
[32.44]
[32.66]
[32.59]
[32.44]
[32.52]
[32.15]
[32.19]
[32.47]
[32.3]
[32.18]
[32.28]
[32.49]
[32.33]
[32.1]
[32.14]
[32.24]
[32.46, 32.41]
[32.58]
[32.24]
[32.29]
[32.5]
[32.35, 32.35]
[32.45]
[32.38]
[32.21]
[32.47]
[32.46]
[32.63]
[32.5]
[32.48]
[32.23]
[32.6]
[32.36]
[32.51]
[32.69]
[32.21]
[32.5]
[32.73]
[32.37]
[32.11]
[32.32]
[32.33]
[32.54]
[32.33]
[32.65]
[32.5]
[32.42]
[32.51]
[32.38]
[32.41]
[32.05]
[32.46, 32.47]
[32.4]
[32.42]
[32.22]
[32.48]
[32.03]
[32.12]
[32.65]
[32.29]
[32.02]
[32.45]
[32.47]
[32.36]
