[40.02]
[40.13]
[40.02]
[39.85]
[40.06]
[39.92]
[39.97]
[40.07]
[39.9]
[40.07]
[39.92]
[39.92]
[40.09]
[40.08]
[40.18]
[39.97]
[39.89]
[39.84]
[40.02]
[39.93]
[39.81]
[40.05]
[39.99]
[39.71]
[39.92]
[39.69]
[39.97]
[40.06]
[39.83]
[40.11]
[39.89]
[39.91]
[39.91]
[40.27]
[39.88]
[40.16]
[39.95]
[40.02]
[39.93]
[39.98]
[40.02]
[40.07]
[40.02]
[40.03]
[39.99]
[39.97]
[40.2]
[39.89]
[40.08]
[39.95]
[39.97]
[39.99]
[39.76]
[39.93]
[39.73]
[39.91]
[39.94]
[39.93]
[39.94]
[39.92]
[40.08]
[39.88]
[39.89]
[40.1]
[40.05]
[39.92]
[40.0]
[39.98]
[39.75]
[39.95]
[40.11]
[40.0]
[40.06]
[39.82]
[39.83]
[39.83]
[40.0]
[39.98]
[39.91]
[40.03]
[40.04]
[39.99]
[39.81]
[39.71]
[39.96]
[39.84]
[39.91]
[39.9]
[39.88]
[39.8]
[40.02]
[39.82]
[39.77]
[39.89]
[40.19]
[39.84]
[40.0]
[40.03]
[39.85]
[40.07]
