[20.0, 19.92]
[20.22, 20.07]
[20.41, 20.34]
[19.52, 19.4, 19.37]
[20.09, 20.02, 19.76]
[20.44, 20.44]
[20.27, 20.22, 20.14]
[20.82, 20.72]
[20.63, 20.63]
[20.15, 20.11, 20.09]
[20.24, 20.13]
[20.5, 20.37, 20.35]
[20.27, 20.24]
[19.42, 19.34]
[19.92, 19.91, 19.83]
[18.86, 18.82]
[19.93, 19.8, 19.72]
[20.25, 20.19, 20.06]
[19.71, 19.55, 19.53]
[20.7, 20.66, 20.61]
[20.0, 19.98]
[19.93, 19.92]
[20.07, 20.07]
[19.99, 19.92, 19.86]
[20.31, 20.28]
[20.68, 20.58]
[19.46, 19.47, 19.45]
[19.57, 19.58]
[20.1]
[19.99, 19.97]
[20.52, 20.46, 20.43]
[19.93, 19.88, 19.86]
[19.95, 19.89]
[19.96, 19.81]
[20.51, 20.51]
[20.34, 20.24]
[20.35, 20.3, 20.27]
[19.87, 19.83, 19.81]
[20.27, 20.27]
[19.8, 19.7]
[20.21, 20.15, 20.12]
[19.99, 19.93, 19.9]
[20.8, 20.77]
[20.18, 20.16]
[20.03, 19.9]
[20.08, 20.02, 19.99]
[19.99, 19.89, 19.86]
[20.52, 20.49]
[19.33, 19.29, 19.27]
[19.93, 19.86, 19.87]
[20.07, 20.07]
[20.2, 20.16]
[20.03, 19.98, 19.83]
[19.92, 19.9, 19.89, 19.87]
[19.5, 19.51]
[19.79, 19.67, 19.65]
[20.33, 20.26]
[20.54, 20.52]
[20.08, 19.91]
[20.41, 20.3, 20.13]
[20.33, 20.33, 20.26]
[20.3, 20.28, 20.25]
[20.69, 20.59]
[20.17, 20.11, 20.08]
[19.52, 19.31, 19.09, 19.07]
[20.09, 19.98, 19.92]
[20.35, 20.31, 20.29]
[19.99, 20.0, 19.93]
[19.61, 19.46, 19.44]
[19.63, 19.64]
[20.4, 20.23, 20.2]
[20.32, 20.19]
[19.58, 19.5]
[20.32, 20.26]
[20.24, 20.2, 20.17]
[20.23, 20.15, 20.05]
[20.35, 20.33]
[20.21, 20.17, 20.14]
[20.16, 20.02, 19.97, 19.97]
[19.34, 19.13, 19.03]
[20.3, 20.28]
[19.67, 19.66]
[20.04, 20.01]
[20.31, 20.31]
[20.42, 20.42]
[20.03, 20.02]
[19.67, 19.59]
[19.78, 19.68, 19.65]
[19.91, 19.84, 19.79]
[20.07, 20.07]
[19.75, 19.69]
[20.29, 20.23, 20.16]
[19.84, 19.75]
[19.94, 19.94]
[19.96, 19.89]
[20.22, 20.12]
[20.07, 19.95, 19.89]
[19.98, 19.97]
[19.91, 19.82]
[20.19, 20.15]
