[32.32, 32.33]
[32.36, 32.28, 32.18]
[32.1, 32.09, 32.06]
[32.19, 32.17, 32.17]
[32.45, 32.39, 32.26, 32.18, 32.18]
[32.33, 32.27]
[32.25, 32.26, 32.13, 32.07, 32.07]
[32.51, 32.5]
[32.52, 32.52]
[32.36, 32.29]
[32.34, 32.18, 32.15, 32.09]
[32.49, 32.44, 32.42, 32.37]
[32.22, 32.21, 32.02, 31.96, 31.97]
[32.25, 32.28, 32.28]
[32.45, 32.45, 32.37, 32.31]
[32.38, 32.21, 32.2, 32.14]
[32.33, 32.26, 32.19, 32.17]
[32.51, 32.51]
[32.44, 32.49]
[32.11, 32.08, 32.02, 31.96]
[32.48, 32.49]
[32.47, 32.45, 32.44, 32.38]
[32.41, 32.39, 32.27]
[32.61, 32.5, 32.37]
[32.38, 32.4]
[32.55, 32.52, 32.51, 32.46]
[32.57, 32.59]
[32.37, 32.24, 32.22, 32.15]
[32.35, 32.1, 31.81, 26.79, 0.4]
[32.3, 32.32, 32.31]
[32.39, 32.39, 32.34]
[32.54, 32.41, 32.25]
[32.42, 32.42]
[32.38, 32.37, 32.32]
[32.2, 32.15]
[32.5, 32.34, 32.35, 32.34, 32.28]
[32.37, 32.33, 32.28]
[32.46, 32.38, 32.32]
[32.45, 32.46, 32.44, 32.39]
[32.47, 32.4, 32.4, 32.34]
[32.15, 32.16]
[31.99, 31.93]
[32.13, 32.13]
[32.6, 32.61, 32.55]
[32.36, 32.31, 32.2]
[32.41, 32.39]
[32.34, 32.31, 32.18, 31.91, 31.8, 31.79, 31.73, 31.73]
[32.19, 32.2]
[32.46, 32.4, 32.4, 32.4, 32.35]
[32.34, 32.34, 32.29]
[32.26, 32.24, 32.17]
[31.95, 31.9, 31.84, 31.66]
[32.42, 32.4]
[31.97, 31.92]
[32.38, 32.31]
[32.61, 32.61, 32.5]
[32.42, 32.42]
[32.3, 32.23, 32.12, 32.12, 32.05]
[32.47, 32.45]
[32.43, 32.24, 32.01, 31.9, 31.85]
[32.62, 32.62, 32.6, 32.46, 32.34]
[32.27, 32.26, 32.22, 32.22, 32.21, 32.15]
[32.4, 32.26]
[32.32, 32.32, 32.32, 32.26]
[32.36, 32.37]
[32.18, 32.09, 32.03]
[32.04, 32.03]
[32.34, 32.34, 32.31, 32.27]
[32.15, 32.12]
[32.04, 31.88, 31.72, 31.58]
[32.28, 32.25, 32.14, 32.04]
[32.42, 32.35, 32.29, 32.23]
[32.18, 32.16, 32.09, 32.03]
[32.24, 32.24]
[32.41, 32.33]
[32.35, 32.35]
[32.14, 32.06, 32.01]
[32.66, 32.68]
[31.93, 31.9, 31.84, 31.7, 31.47, 31.47]
[32.24, 32.22, 32.17]
[32.33, 32.36]
[32.22, 32.16, 32.09, 32.09, 32.03, 32.03]
[32.1, 32.08, 31.95, 31.95, 31.9]
[32.59, 32.62]
[32.51, 32.47, 32.43]
[32.42, 32.3, 32.1, 32.03]
[32.44, 32.44, 32.42, 32.36]
[32.33, 32.33]
[32.58, 32.56, 32.44]
[32.27, 32.19, 32.01, 31.89, 31.88, 31.84]
[32.48, 32.5]
[32.41, 32.34, 32.35, 32.29, 32.3]
[32.36, 32.36, 32.31]
[32.5, 32.51, 32.46]
[32.4, 32.39, 32.32, 32.33]
[32.1, 32.1]
[32.26, 32.26]
[32.8, 32.74, 32.74, 32.68, 32.63]
[32.13, 32.11, 31.97]
[32.35, 32.26, 32.26]
