[31.99, 31.94]
[32.51]
[32.5]
[32.07]
[32.37]
[32.19]
[32.55]
[32.24]
[32.48]
[32.32]
[32.33]
[32.25]
[32.43]
[32.51]
[32.23]
[32.33]
[32.27]
[32.42]
[32.41]
[32.56]
[32.11]
[32.37]
[31.89]
[32.43]
[32.3]
[32.39]
[32.43, 32.43]
[32.55]
[32.2]
[32.25]
[32.22]
[32.1]
[32.22]
[32.11]
[32.3]
[32.26]
[32.53]
[32.36]
[31.95]
[32.49]
[32.09]
[32.37]
[32.25]
[32.39]
[32.66]
[32.14]
[32.1]
[32.5]
[32.31]
[32.37]
[32.61]
[32.32]
[32.21]
[32.51]
[32.47]
[32.53]
[32.37]
[32.28, 32.24]
[32.64]
[31.91]
[32.24]
[32.19]
[32.35]
[32.3]
[32.38]
[32.5, 32.46]
[32.18]
[32.17]
[32.45]
[32.14]
[31.91]
[32.21]
[32.37]
[32.14]
[32.45]
[32.29]
[32.52]
[32.53, 32.49]
[32.13]
[32.27]
[32.52]
[32.44]
[32.51]
[32.77]
[32.27]
[32.7]
[32.55]
[32.58]
[32.3]
[32.44]
[32.27]
[32.55]
[32.46]
[32.15]
[32.45]
[32.32]
[32.36]
[32.72]
[32.41]
[32.27]
