[7.33, 6.29, 2.75, 0.57, 0.48]
[8.15, 7.76, 7.44, 7.4, 7.34]
[7.33, 6.53, 5.55, 3.56, 1.52, 1.47]
[7.76, 6.84, 5.95, 5.89]
[7.95, 6.79, 6.55, 6.35, 6.27]
[7.47, 6.94, 6.79]
[7.03, 6.13, 5.62, 5.31, 4.92]
[7.89, 7.67, 7.3, 7.21]
[6.98, 6.51, 5.93, 4.89, 4.52, 3.88, 3.71, 3.39, 3.36, 3.21, 3.03, 2.02, 1.95, 1.92, 1.8]
[7.22, 6.43, 6.17, 6.06, 6.03, 6.01]
[7.01, 5.97, 4.49, 2.51, 0.46]
[7.25, 6.72, 6.47, 6.34]
[7.34, 6.61, 5.94, 5.5, 5.13, 5.02]
[6.8, 6.26, 5.43, 5.13]
[8.21, 8.02, 8.01]
[6.98, 6.31, 4.64, 3.78, 2.97, 1.4, 0.38]
[7.02, 6.49, 6.02, 5.01, 4.02, 2.57, 1.77, 0.98, 0.89]
[6.52, 5.08, 2.19, 0.48, 0.44]
[7.92, 7.82]
[7.87, 7.09, 6.9, 6.66, 6.53, 5.99, 5.94]
[7.12, 5.42, 2.45, 0.73]
[6.95, 6.06, 5.67, 5.57, 5.53]
[7.51, 4.66, 2.36, 0.42, 0.37]
[8.61, 8.61]
[6.16, 4.5, 0.72, 0.58]
[6.62, 5.41, 3.86, 0.77, 0.53]
[8.02, 7.2, 5.6, 5.47]
[6.62, 6.12, 5.7, 5.43, 5.41]
[8.44, 7.62, 6.95, 6.72, 6.61]
[6.95, 6.34, 5.46, 3.53, 2.47, 0.77]
[7.03, 5.47, 0.67, 0.5, 0.48]
[8.02, 7.21, 6.89, 6.79]
[7.79, 7.53, 7.41]
[7.52, 6.73, 6.63, 6.44, 6.37]
[6.74, 2.92, 0.74, 0.67]
[6.97, 5.36, 4.04, 1.48, 0.92, 0.67]
[6.9, 6.48, 5.78, 5.58, 4.63, 4.59]
[7.23, 6.43, 6.27, 5.82, 5.57]
[7.7, 6.37, 4.99, 3.0, 0.93]
[7.8, 7.49, 6.97, 6.88, 6.86]
[8.36, 7.91, 7.72, 7.31, 7.27, 7.11, 7.11]
[7.29, 6.3, 5.64, 4.87, 4.61, 4.38, 3.58, 3.41, 3.27, 2.95, 2.82, 2.61]
[6.94, 6.14, 5.8, 5.15, 5.07, 4.67]
[8.74, 8.08, 7.85, 7.51, 7.47, 7.45]
[7.23, 6.67, 6.1, 6.07, 5.92, 5.76]
[8.32, 7.04, 2.37, 0.5]
[7.97, 7.4, 6.68, 6.48, 6.46]
[7.54, 6.78, 4.26, 1.07, 0.74]
[8.31, 7.76, 6.98, 6.69, 6.68]
[7.67, 7.38, 7.13, 6.96]
[7.75, 7.25, 7.11, 7.04, 7.01]
[8.41, 7.63, 7.61]
[8.42, 7.83, 7.57, 7.4, 7.09, 6.66, 6.64, 6.62]
[8.22, 7.42, 6.99, 6.61, 6.38, 6.03, 6.02]
[8.07, 7.51, 7.47, 7.45, 7.32]
[6.57, 5.99, 4.41, 4.04, 3.79, 3.01, 0.87, 0.63]
[7.76, 7.24, 6.86, 6.81, 6.8]
[9.03, 8.37, 6.85, 6.35]
[7.62, 7.01, 5.86, 5.58]
[8.42, 7.85, 7.67, 7.48, 7.24]
[7.44, 6.85, 5.72, 4.62, 3.01, 2.19]
[8.4, 7.86, 7.42, 7.12]
[7.97, 7.45, 7.31]
[6.85, 5.69, 4.99, 4.71, 4.67, 4.58, 4.29]
[8.41, 8.32]
[7.05, 5.21, 1.65, 0.56]
[7.38, 6.83, 5.35, 3.06, 0.98, 0.89, 0.65, 0.58]
[8.48, 7.97, 7.31, 6.72, 6.26, 6.12, 5.71, 5.64, 5.48]
[8.45, 7.28, 6.88, 6.84, 6.81, 6.75]
[7.67, 6.79, 4.51, 3.43, 1.06, 0.42]
[6.44, 6.11, 6.02, 5.95]
[7.09, 6.55, 5.22, 2.29, 1.6, 1.21]
[8.18, 7.98]
[8.4, 7.91, 7.68]
[8.01, 7.22, 6.36, 5.46]
[8.53, 8.38, 8.3]
[7.51, 6.49, 4.91, 4.18, 2.21, 0.82, 0.8]
[8.18, 7.75, 7.62, 7.41, 7.32]
[7.26, 6.95, 6.25, 5.52, 4.81, 4.68, 4.59]
[7.43, 6.22, 3.76, 2.64, 0.7]
[7.85, 6.31, 3.37, 0.61, 0.51]
[7.81, 7.43, 6.98, 6.79]
[7.09, 6.75]
[8.28, 7.93, 7.57, 7.54]
[6.74, 6.5, 5.97]
[6.64, 5.96, 3.9, 3.52, 1.99, 0.86, 0.64]
[6.85, 6.21, 5.83, 5.81, 5.7]
[8.45, 7.5, 6.97, 6.91]
[8.09, 7.62, 7.19, 6.18, 5.64, 5.18, 4.98]
[7.99, 7.73, 7.29, 6.49, 6.19, 6.07, 5.8]
[8.15, 7.38, 6.97, 6.7]
[6.73, 5.96, 4.78, 2.23, 0.62]
[7.89, 7.46, 6.85, 6.33, 5.26, 5.16, 5.1]
[8.12, 6.34, 3.76, 0.65, 0.56]
[7.49, 5.95, 3.06, 0.85, 0.7]
[6.57, 5.63, 4.97, 4.55, 4.5, 4.45]
[8.21, 7.93, 7.64, 7.62, 7.57]
[7.57, 5.93, 3.23, 0.56, 0.54, 0.44]
[8.06, 7.54, 6.72, 6.58, 6.43]
[7.32, 6.31, 5.05, 2.39, 0.54]
