[36.1]
[35.79]
[35.87]
[35.68]
[35.65]
[35.9, 35.91]
[35.89]
[36.2]
[36.13]
[35.85]
[36.38]
[35.82, 35.81, 35.71]
[36.31]
[36.19]
[35.69]
[35.66]
[35.98, 35.89]
[35.79, 35.82]
[35.9]
[36.13]
[36.47]
[35.85]
[36.43]
[35.83]
[35.96]
[36.16, 36.16]
[36.06]
[35.96]
[35.93]
[36.05]
[36.32]
[35.76]
[36.27]
[35.92]
[36.14]
[36.21]
[36.29]
[36.51]
[35.69, 35.71]
[36.02]
[36.0]
[36.23]
[36.43]
[36.11]
[36.26]
[36.09]
[35.9]
[36.28]
[36.05]
[35.88]
[36.2]
[36.27, 36.15]
[36.3]
[36.51]
[36.56]
[36.43]
[35.76, 35.77]
[36.28]
[36.32]
[36.15]
[36.09]
[35.88]
[35.96]
[35.8, 35.81]
[35.8, 35.8]
[36.32]
[35.97]
[36.51]
[36.15]
[35.86]
[36.42]
[35.99]
[36.0]
[36.1, 36.12]
[36.48]
[36.08]
[35.96]
[36.28]
[35.89]
[35.7]
[35.91]
[35.73]
[35.99]
[35.78]
[35.97]
[35.41, 35.31]
[36.02, 36.02]
[36.13]
[35.78]
[36.27]
[36.4]
[35.54]
[35.89]
[36.52, 36.52]
[36.24]
[36.18]
[36.11]
[36.26]
[35.68]
[36.15]
