[20.37, 20.35, 20.35]
[19.66, 19.54, 19.52]
[19.93, 19.93]
[19.67, 19.58, 19.57]
[19.91, 19.84, 19.79]
[19.98, 19.95, 19.93]
[20.23, 20.2, 20.14]
[19.77, 19.67]
[20.12, 20.09]
[20.31, 20.21, 20.21]
[20.22, 20.14, 20.12]
[19.13, 19.1]
[20.01, 20.01, 19.98]
[20.08, 20.01]
[20.06, 19.96, 19.91]
[20.27, 20.21, 20.18]
[20.4, 20.4]
[20.02, 19.86, 19.84]
[20.04, 19.95, 19.93]
[20.4, 20.36, 20.31]
[19.42, 19.31, 19.26]
[20.03, 19.92, 19.89, 19.86]
[19.7, 19.61]
[20.98, 20.94, 20.89, 20.87]
[19.08, 18.83]
[19.75, 19.7, 19.62, 19.54]
[19.43, 19.34, 19.34]
[19.87, 19.81]
[20.11, 20.01, 19.96]
[19.75, 19.43]
[20.09, 20.02, 19.99]
[20.1, 19.91, 19.8]
[20.62, 20.58]
[20.15, 20.1, 20.07, 20.05]
[19.99, 19.94]
[20.55, 20.4]
[19.57, 19.52, 19.5]
[19.96, 19.91]
[19.75, 19.69, 19.67]
[20.24, 20.09, 20.05, 19.88]
[19.91, 19.91]
[20.1, 19.77, 19.69]
[19.61, 19.45, 19.4]
[20.37, 20.18, 20.17, 20.12]
[19.05, 19.01, 18.99]
[20.17, 20.08, 20.06]
[20.37, 20.34]
[19.54, 19.55, 19.43]
[19.92, 19.88, 19.86]
[19.93, 19.91, 19.87, 19.84]
[20.14, 20.0, 19.97]
[19.91, 19.77, 19.73]
[19.83, 19.8, 19.77]
[19.56, 19.52, 19.52, 19.49]
[19.92, 19.86, 19.84, 19.81]
[20.05, 19.95, 19.89, 19.86]
[19.4, 19.3]
[20.01, 19.92]
[20.11, 20.1, 20.07]
[19.51, 19.44]
[20.33, 20.17, 20.13, 20.11]
[19.22, 19.13, 18.99]
[19.84, 19.85, 19.8]
[20.03, 19.92, 19.9, 19.85]
[19.75, 19.62, 19.6]
[20.19, 20.19]
[19.63, 19.41]
[19.67, 19.61, 19.57]
[19.94, 19.82]
[19.83, 19.67, 19.64]
[20.23, 20.2]
[19.66, 19.57]
[20.23, 20.17, 20.14]
[20.39, 20.33, 20.31]
[20.04, 19.96]
[20.18, 20.04]
[19.88, 19.87, 19.87]
[20.08, 19.95, 19.95]
[20.32, 20.12]
[19.69, 19.63]
[19.4, 19.3, 19.27]
[20.32, 20.09]
[19.91, 19.81, 19.73, 19.7]
[19.26, 19.01, 18.99, 18.97]
[20.22, 19.88, 19.8]
[19.32, 19.22, 19.1]
[20.01, 19.87, 19.83, 19.77]
[20.5, 20.31, 20.25]
[19.93, 19.8]
[20.53, 20.49, 20.46]
[20.33, 20.18]
[20.49, 20.34]
[19.93, 19.69, 19.63]
[20.1, 19.97, 19.83, 19.78]
[19.71, 19.55, 19.52]
[19.33, 19.31]
[20.03, 19.98]
[20.62, 20.49]
[19.43, 19.29, 19.24]
[19.96, 19.93, 19.9]
