[32.46, 32.1, 25.28, 0.04]
[32.38, 32.09, 23.17, 0.13]
[32.42, 32.28, 32.04, 22.46, 0.08]
[32.51, 32.51, 32.45]
[32.23, 31.88, 27.16, 0.24]
[32.51, 32.45, 32.31, 32.12, 31.92, 31.73, 31.73]
[32.34, 32.32, 32.13, 31.73, 21.57, 0.06]
[32.13, 31.92, 29.15, 0.7]
[32.41, 32.29, 32.21, 32.2, 32.13]
[32.17, 32.02, 31.83, 27.78, 0.26]
[32.43, 32.3, 31.31, 10.51, 0.1, 0.05]
[32.61, 32.41, 32.18, 27.71, 0.42]
[32.38, 32.23, 31.83, 21.9, 0.16]
[32.14, 31.98, 29.53, 1.24, 0.72, 0.22, 0.19]
[32.44, 32.18, 24.75, 0.16]
[32.25, 31.94, 29.34, 0.64]
[32.39, 32.25, 32.01, 29.02, 0.66]
[32.37, 32.34, 32.32, 32.25]
[32.62, 32.47, 32.43, 32.34, 32.13, 32.12]
[32.67, 32.6, 31.85, 19.55, 0.16]
[31.94, 31.79, 31.71, 31.67]
[32.26, 32.11, 31.46, 17.51, 0.08]
[32.31, 32.01, 23.1, 0.21]
[32.09, 32.0, 31.49, 19.97, 0.22]
[32.26, 32.14, 28.81, 0.31]
[32.3, 32.32, 32.26, 32.2]
[32.45, 32.31, 31.9, 23.81, 0.12]
[32.35, 32.23, 31.64, 22.47, 0.14]
[32.24, 32.06, 25.92, 0.23]
[32.57, 32.33, 30.7, 2.32, 0.7, 0.21, 0.14]
[32.39, 32.29, 32.29]
[32.23, 32.06, 31.83, 28.36, 0.64, 0.47]
[32.12, 32.02, 29.6, 0.64]
[32.4, 32.31, 29.75, 0.6]
[32.09, 31.98, 31.89, 31.69, 31.57, 31.58]
[32.16, 31.97, 26.45, 0.08]
[32.64, 32.47, 32.17, 28.08, 0.26]
[32.41, 32.2, 25.08, 0.29]
[32.09, 31.76, 22.82, 0.03]
[32.38, 32.24, 31.67, 21.29, 0.11]
[32.34, 32.23, 32.07, 31.88]
[32.32, 32.26, 32.1, 31.02, 10.97, 0.23, 0.09]
[32.62, 32.51, 32.23, 22.79, 0.08]
[32.77, 32.62, 31.95, 15.32, 0.09, 0.05]
[32.07, 31.82, 31.22, 22.6, 0.09]
[32.12, 31.91, 31.38, 18.77, 0.11]
[32.46, 32.24, 27.49, 0.31, 0.27]
[32.65, 32.62, 32.51, 32.44, 32.39]
[32.26, 32.04, 31.8, 24.37, 0.05]
[32.48, 32.44, 32.02, 24.63, 0.04]
[32.64, 32.44, 29.4, 0.65]
[32.25, 31.99, 29.58, 1.08, 0.9]
[32.17, 32.01, 31.63, 28.04, 0.48]
[32.4, 32.28, 30.85, 13.08, 0.03]
[32.48, 32.19, 25.76, 0.22]
[32.18, 32.09, 32.08, 31.91, 31.84]
[32.16, 31.98, 26.53, 0.05]
[32.22, 32.07, 30.27, 2.7, 0.89, 0.74, 0.16]
[32.25, 31.87, 25.46, 0.21]
[32.7, 32.55, 32.44, 30.75, 5.72, 0.42, 0.16]
[31.9, 31.79, 31.1, 20.42, 0.09]
[32.6, 32.36, 27.16, 0.17]
[32.44, 32.25, 28.6, 0.44]
[32.24, 31.99, 30.23, 1.05, 0.75]
[32.14, 32.09, 28.49, 0.56]
[32.22, 31.95, 23.4, 0.22]
[32.5, 32.38, 30.42, 2.22, 0.83, 0.31, 0.13]
[32.43, 32.26, 32.16, 32.14, 31.95, 30.6, 8.8, 0.5, 0.07]
[32.23, 32.09, 32.09, 32.07, 31.94]
[32.38, 32.33, 31.86, 23.96, 0.0]
[32.33, 32.15, 29.95, 0.6]
[32.47, 32.23, 27.68, 0.38]
[32.28, 32.14, 31.65, 23.37, 0.04]
[32.2, 31.93, 27.32, 0.29]
[32.26, 32.12, 31.74, 31.68, 31.49, 31.38]
[32.09, 31.96, 30.63, 4.97, 0.35, 0.09]
[32.17, 32.04, 31.99, 31.94, 31.93, 31.87]
[32.06, 32.01]
[32.43, 32.31, 31.53, 17.53, 0.1, 0.06]
[32.2, 31.86, 28.54, 0.57]
[32.03, 31.88, 31.13, 16.69, 0.07]
[32.35, 32.22, 31.34, 13.19, 0.07]
[32.31, 32.18, 31.41, 19.22, 0.04]
[32.38, 32.23, 30.49, 2.31, 0.79, 0.25]
[32.43, 32.09, 26.96, 0.46]
[32.26, 32.13, 30.54, 2.42, 0.73, 0.3, 0.14]
[32.78, 32.78, 32.74]
[32.09, 31.93, 29.34, 0.54]
[32.41, 32.29, 32.17, 32.18, 32.11]
[32.25, 32.1, 28.55, 0.34]
[32.05, 31.87, 28.53, 0.48]
[32.32, 32.28, 32.04, 21.56, 0.03]
[32.22, 32.08, 30.98, 12.46, 0.22, 0.11]
[32.33, 32.3, 32.16, 32.16]
[32.19, 31.99, 23.7, 0.18]
[32.23, 32.16, 32.17]
[32.19, 32.18, 32.09, 32.09]
[32.39, 32.38, 32.33, 32.25]
[32.0, 31.79, 28.83, 0.64, 0.54]
[32.25, 32.0, 24.86, 0.21]
