[40.06]
[39.98]
[40.08]
[40.02]
[39.74]
[39.89]
[39.9]
[39.85]
[39.99]
[39.87]
[39.86]
[39.86]
[39.91]
[39.87]
[39.99]
[39.83]
[40.02]
[40.16]
[39.96]
[39.65]
[39.95]
[39.91]
[39.83]
[39.95]
[40.0]
[39.95]
[39.86]
[39.97]
[40.1]
[39.81]
[39.98]
[39.69]
[39.98]
[39.93]
[39.95]
[39.99]
[39.96]
[39.81]
[39.99]
[39.96]
[39.94]
[39.87]
[40.0]
[39.94]
[39.85]
[39.87]
[39.92]
[40.01]
[40.06]
[39.91]
[39.97]
[39.8]
[39.95]
[39.86]
[39.96]
[40.02]
[39.9]
[40.07]
[40.1]
[39.92]
[39.9]
[40.01]
[40.1]
[39.85]
[39.87]
[39.9]
[39.96]
[39.87]
[39.95]
[39.87]
[40.01]
[39.82]
[40.15]
[39.85]
[40.04]
[39.91]
[39.76]
[39.93]
[39.85]
[39.95]
[39.88]
[39.91]
[39.91]
[39.95]
[39.86]
[39.78]
[39.85]
[40.02]
[39.85]
[39.89]
[40.01]
[40.04]
[40.06]
[39.88]
[39.9]
[39.89]
[39.97]
[39.9]
[39.98]
[39.83]
