[32.36]
[32.39]
[32.49]
[32.41]
[32.22]
[32.38]
[32.49]
[32.18, 32.19]
[32.38]
[32.59]
[32.2]
[32.27]
[32.48]
[32.54]
[32.44]
[32.4]
[32.09]
[32.36]
[32.57]
[32.09]
[32.4, 32.36]
[32.27]
[32.16]
[32.22]
[32.4]
[32.22]
[32.56]
[32.48]
[32.59]
[32.56]
[32.31]
[32.0]
[32.33, 32.28]
[32.16]
[32.28]
[32.27]
[32.59]
[32.24]
[32.3]
[32.52]
[32.11]
[32.28]
[32.16]
[32.42]
[31.99]
[32.02]
[32.17]
[32.11]
[32.45]
[32.02]
[32.31]
[32.72]
[32.11, 32.08]
[32.34]
[32.24]
[32.07]
[32.34]
[32.62]
[31.97]
[32.06]
[32.16]
[32.7]
[32.4]
[32.21]
[32.46, 32.41]
[32.22]
[32.32]
[32.1]
[31.87]
[32.1]
[32.4]
[32.22]
[32.3]
[32.22]
[32.39]
[32.23]
[32.45]
[32.15]
[32.54]
[32.46]
[32.53]
[32.42]
[32.26]
[32.25]
[32.14]
[32.29]
[32.59]
[32.46]
[32.8]
[32.12]
[32.13]
[32.23]
[32.28]
[32.37]
[32.17, 32.13]
[32.42]
[32.39]
[32.1]
[32.26]
[32.12]
