[7.52, 6.39, 5.63, 5.05, 4.36, 4.32, 4.29]
[5.76, 2.84, 1.55, 0.58]
[7.5, 6.71, 3.68, 0.4]
[6.4, 2.39, 0.51, 0.49]
[7.82, 6.33, 2.67, 0.5, 0.49]
[7.09, 3.96, 0.55]
[7.36, 5.01, 2.81, 0.38]
[7.99, 6.87, 5.85, 3.88, 2.5, 1.02, 0.66]
[7.6, 5.03, 0.66, 0.68]
[6.28, 5.24, 3.49, 0.6]
[7.67, 6.04, 3.57, 0.51]
[7.49, 5.86, 3.33, 1.58, 0.74]
[7.18, 5.45, 2.02, 0.35]
[7.76, 7.01, 6.15, 5.09, 3.93, 0.77, 0.67, 0.54]
[7.62, 4.71, 0.39, 0.38]
[7.06, 6.52, 5.59, 3.24, 0.79, 0.78]
[8.03, 4.8, 0.99, 0.68, 0.63]
[6.8, 5.68, 3.85, 2.93, 1.33, 0.57]
[6.42, 2.88, 0.39]
[7.71, 5.63, 0.58, 0.55]
[7.62, 6.97, 6.27, 5.94, 5.88, 5.82]
[6.82, 4.27, 0.8, 0.56]
[8.01, 6.26, 2.98, 1.5, 0.68]
[7.37, 6.04, 2.75, 0.32]
[7.56, 5.95, 5.17, 3.22, 2.58, 1.57, 0.7, 0.43]
[7.46, 5.65, 4.54, 3.43, 0.85, 0.64, 0.62, 0.52]
[6.78, 5.52, 3.73, 1.8, 0.51]
[7.6, 7.12, 6.4, 6.31, 6.17, 6.17]
[6.28, 5.6, 5.56]
[7.56, 7.34, 7.12, 6.85]
[7.57, 6.18, 1.52, 0.45]
[7.09, 5.61, 2.32, 0.46]
[6.42, 6.09, 5.82]
[6.55, 4.4, 2.49, 0.51]
[7.29, 3.44, 0.34, 0.31]
[7.71, 6.01, 2.56, 0.42]
[7.33, 4.45, 0.56]
[7.47, 6.46, 6.17, 5.68, 5.65, 5.64]
[8.06, 6.2, 4.19, 0.51]
[7.42, 5.46, 3.64, 1.12, 0.58]
[7.78, 7.19, 6.32, 6.3]
[7.2, 6.45, 5.28, 4.38, 4.21, 4.15]
[7.99, 4.97, 1.89, 0.96, 0.73]
[6.55, 5.79, 5.23, 4.14, 3.59, 3.34, 3.17, 2.85, 2.65, 2.11, 1.65, 1.63]
[7.37, 2.8, 0.47]
[6.34, 5.13, 3.85, 2.56, 0.58, 0.39]
[7.29, 5.83, 3.41, 0.92, 0.64]
[7.34, 7.04, 6.44, 5.94, 5.65, 5.43]
[7.23, 6.66, 6.61, 6.53]
[6.5, 5.49, 4.46, 2.11, 0.46, 0.46]
[8.82, 7.89, 6.86, 5.94, 5.31, 4.88, 4.8, 4.54, 4.52]
[8.0, 6.75, 1.93, 1.18, 0.96]
[7.31, 4.27, 0.44, 0.43]
[6.68, 4.07, 0.45]
[8.58, 6.88, 2.15, 0.88, 0.88]
[8.31, 4.63, 0.39, 0.37]
[7.31, 5.39, 1.75, 0.45]
[7.36, 4.72, 0.94, 0.64, 0.61]
[7.66, 6.8, 6.24, 6.18]
[7.65, 5.92, 0.9, 0.44]
[7.78, 6.29, 4.36, 1.13, 0.7, 0.56]
[7.4, 5.94, 1.62, 0.58]
[6.44, 5.92, 5.55, 5.53]
[6.71, 3.72, 0.55, 0.49]
[6.25, 5.29, 2.0, 0.38]
[7.48, 6.24, 2.75, 0.85, 0.48]
[8.44, 6.16, 1.16, 0.65]
[7.45, 4.8, 0.4, 0.4]
[7.77, 6.9, 6.41, 5.48, 5.18]
[7.63, 6.24, 3.46, 1.84, 0.47]
[6.88, 5.08, 1.81, 0.94, 0.54, 0.52]
[7.7, 5.9, 2.0, 0.6, 0.55]
[7.25, 5.65, 2.76, 0.45]
[7.65, 6.71, 6.25, 6.06, 5.9, 5.89]
[7.56, 6.03, 1.88, 1.61, 1.19, 0.98, 0.66, 0.53]
[6.62, 5.86, 5.21, 4.71, 4.04, 3.0, 2.92, 2.91]
[7.67, 5.61, 3.29, 0.41]
[7.93, 7.54, 6.83, 6.8, 6.79]
[7.21, 6.03, 2.79, 0.77]
[6.54, 6.19, 6.16]
[8.44, 7.66, 7.3]
[7.29, 5.05, 2.72, 1.85, 1.62]
[8.05, 5.23, 0.59, 0.6]
[8.32, 7.9, 7.83]
[7.98, 7.31, 6.58, 6.03, 6.0]
[8.03, 6.83, 5.41, 4.1, 2.22, 1.06, 1.02]
[6.5, 5.22, 4.21, 3.79, 3.51, 3.39, 3.14, 2.89, 2.35]
[7.19, 6.33, 3.44, 0.44]
[7.65, 6.0, 1.83, 1.16, 0.64, 0.56]
[8.16, 6.58, 5.3, 3.86, 2.31, 0.78]
[6.87, 4.79, 0.98, 0.52]
[7.9, 6.71, 6.08, 4.96, 2.71, 0.87, 0.59]
[6.95, 6.32, 5.73]
[6.87, 4.18, 0.48, 0.49]
[7.03, 3.24, 0.7, 0.48]
[8.06, 7.54, 7.23, 6.97]
[6.96, 5.52, 0.93, 0.91]
[7.16, 5.38, 3.45, 0.87, 0.56]
[7.4, 5.75, 2.6, 0.62]
[6.61, 4.94, 0.74, 0.58]
