[32.22, 32.22]
[32.25]
[32.45]
[32.31]
[32.16]
[32.4]
[32.65]
[32.35, 32.35, 32.3]
[32.29]
[32.29]
[32.4]
[32.36]
[32.47]
[32.23]
[32.42]
[32.43]
[32.28]
[32.31, 32.32]
[32.33]
[32.37, 32.38]
[32.5]
[32.31]
[32.47]
[32.22]
[32.35]
[32.42]
[32.36]
[32.31]
[32.25]
[32.18]
[32.5, 32.51]
[32.12]
[32.53]
[32.18, 32.19]
[32.26]
[32.06]
[32.45]
[32.47]
[32.08]
[32.23]
[32.29]
[32.33]
[32.38]
[32.12]
[32.19]
[32.36]
[32.57, 32.57]
[32.31]
[31.97]
[32.33]
[32.64, 32.65]
[32.46, 32.41]
[32.18]
[32.2]
[32.28]
[32.15]
[32.64]
[32.46]
[32.15]
[32.16, 32.15]
[32.3]
[32.36]
[32.39]
[32.36]
[32.24]
[32.21]
[32.35]
[32.36]
[32.18]
[32.24]
[32.19]
[32.52]
[31.82]
[32.53]
[32.65]
[32.23]
[32.0, 31.94]
[32.41]
[32.34]
[32.36]
[32.51]
[32.61]
[32.59]
[32.55]
[32.05]
[32.31]
[32.23]
[32.26]
[32.44]
[32.45]
[32.39]
[32.38]
[32.2]
[32.48, 32.43]
[32.12]
[32.36]
[32.25]
[32.39]
[31.64]
[32.36]
