[36.2, 36.21]
[36.0, 36.01]
[35.8]
[35.95]
[35.92]
[35.49, 35.52]
[35.63]
[35.92]
[35.67, 35.67]
[35.63, 35.65]
[35.59]
[36.17, 36.19]
[36.17, 36.09]
[35.89]
[36.18]
[36.4]
[35.89]
[36.22, 36.22]
[36.1]
[35.92, 35.84]
[36.26]
[36.32, 36.34]
[36.46]
[35.23, 35.22, 35.12]
[36.06]
[36.11]
[35.94]
[35.91, 35.81]
[36.49, 36.5]
[35.66, 35.66]
[36.47, 36.48]
[35.7, 35.7, 35.6]
[35.74, 35.76]
[35.85]
[36.4]
[36.22]
[35.98]
[35.4]
[35.66]
[36.04]
[36.37]
[35.69]
[36.1]
[36.09]
[35.67]
[35.6]
[35.63]
[36.06]
[36.14, 36.17]
[36.02, 35.9]
[35.6]
[36.7]
[35.67]
[36.14]
[35.65]
[36.29]
[35.75]
[36.39]
[36.17]
[35.7]
[35.76]
[36.08]
[36.15]
[35.27]
[35.54]
[36.12]
[35.81]
[35.83]
[35.96]
[36.03]
[35.69]
[35.89]
[35.89]
[36.13]
[36.01]
[36.03]
[35.81]
[36.24]
[36.15]
[35.73]
[36.14]
[35.84]
[36.02]
[36.03, 36.02, 35.91]
[35.61, 35.5]
[36.19]
[35.96]
[35.9]
[36.42]
[35.93]
[35.87]
[35.78]
[35.98, 35.96]
[36.24]
[35.99]
[36.18, 36.2]
[36.09]
[35.94]
[36.56]
[35.5]
