[999, 627, 332, 279, 264]
[999, 745, 449, 343, 310, 308]
[999, 709, 368, 273, 254, 253]
[999, 525, 275, 260]
[999, 847, 789, 783, 781]
[999, 686, 349, 288, 278, 277]
[999, 791, 609, 532, 512, 511]
[999, 829, 687, 630, 623, 619, 618]
[999, 595, 317, 285, 284, 281]
[999, 682, 337, 273, 259]
[999, 401, 283, 271]
[999, 839, 744, 726, 725]
[999, 857, 791, 785, 782]
[999, 821, 701, 665, 661, 660]
[999, 838, 746, 725, 718]
[999, 660, 328, 257, 250, 249]
[999, 675, 359, 264, 261]
[999, 824, 679, 581, 546, 531, 529]
[999, 787, 535, 394, 321, 308]
[999, 759, 527, 408, 352, 350]
[999, 775, 502, 361, 302, 297, 296]
[999, 731, 416, 306, 282, 273, 256]
[999, 666, 339, 268, 262, 261]
[999, 540, 289, 263]
[999, 642, 340, 293, 279, 278]
[999, 567, 305, 286]
[999, 663, 374, 311, 302]
[999, 805, 580, 457, 390, 368, 365]
[999, 650, 344, 292, 283]
[999, 671, 392, 292, 268]
[999, 864, 818, 805, 802]
[999, 842, 733, 687, 678]
[999, 732, 423, 310, 280, 277]
[999, 903, 883, 879]
[999, 717, 392, 305, 293, 291, 289]
[999, 752, 416, 315, 276, 274]
[999, 462, 268, 262]
[999, 794, 558, 398, 319, 304]
[999, 660, 308, 284, 283]
[999, 715, 364, 284, 257, 251, 248]
[999, 743, 473, 359, 323, 313, 312]
[999, 584, 321, 290, 288]
[999, 501, 313, 280]
[999, 682, 320, 256, 233, 232]
[999, 628, 318, 285, 283]
[999, 598, 308, 275, 274]
[999, 708, 414, 325, 296, 294]
[999, 810, 667, 611, 598, 593]
[999, 370, 303, 278]
[999, 780, 547, 400, 343, 309, 306]
[999, 577, 287, 278]
[999, 630, 308, 278, 274, 273]
[999, 320, 278, 277]
[999, 561, 308, 286, 284]
[999, 732, 425, 327, 298, 294]
[999, 759, 528, 418, 360, 340, 338]
[999, 799, 587, 451, 394, 378, 373, 371]
[999, 514, 259, 253]
[999, 784, 553, 390, 331, 322]
[999, 360, 282, 268]
[999, 658, 337, 261, 250]
[999, 649, 329, 271, 256]
[999, 714, 380, 305, 298, 297]
[999, 730, 400, 309, 282, 275, 273]
[999, 824, 669, 603, 594, 590]
[999, 404, 263, 258]
[999, 603, 296, 264, 261]
[999, 694, 373, 280, 263, 258]
[999, 739, 453, 356, 322, 305, 299]
[999, 668, 358, 262, 258]
[999, 799, 562, 423, 340, 316, 313]
[999, 765, 506, 355, 303, 294, 292]
[999, 771, 572, 441, 373, 332, 327, 326, 325]
[999, 554, 298, 282]
[999, 677, 373, 313, 299]
[999, 721, 390, 294, 277, 274, 269]
[999, 666, 395, 324, 315]
[999, 682, 331, 269, 250, 232, 226]
[999, 815, 689, 625, 607]
[999, 781, 530, 384, 337, 329, 328]
[999, 627, 333, 292, 291]
[999, 342, 317]
[999, 478, 264, 253]
[999, 629, 348, 296, 295]
[999, 636, 313, 230, 222, 219, 216]
[999, 671, 363, 297, 276]
[999, 802, 609, 511, 428, 400, 391, 390]
[999, 742, 482, 333, 283, 279]
[999, 530, 275, 271]
[999, 573, 305, 298]
[999, 851, 752, 736, 734]
[999, 414, 249, 242]
[999, 669, 331, 296, 285, 284]
[999, 635, 330, 266, 258, 250]
[999, 631, 304, 257, 253]
[999, 703, 338, 238, 236, 234, 230]
[999, 569, 291, 276, 275]
[999, 428, 289, 284]
[999, 745, 462, 336, 281, 253]
[999, 647, 369, 300, 292]
[999, 746, 401, 301, 283]
[999, 706, 346, 256, 228]
[999, 331, 284]
[999, 771, 448, 315, 272, 260]
[999, 492, 272, 256, 253]
[999, 637, 331, 290, 288]
[999, 653, 360, 307, 302]
[999, 884, 850, 841, 838]
[999, 870, 775, 756]
[999, 536, 290, 274, 269]
[999, 832, 724, 692, 691, 689]
[999, 840, 713, 664, 663]
[999, 635, 335, 273, 265, 264]
[999, 853, 760, 742, 741]
[999, 496, 298, 275]
[999, 737, 418, 291, 269, 265, 264]
[999, 599, 323, 262, 259]
[999, 714, 351, 271, 258, 257, 256, 255, 254]
[999, 686, 337, 254, 240, 238]
[999, 534, 281, 247, 243]
[999, 419, 264, 257]
[999, 493, 281, 272]
[999, 560, 286, 284]
[999, 659, 351, 289, 280]
[999, 374, 285, 272]
[999, 727, 403, 286, 272]
[999, 743, 417, 322, 302, 301]
[999, 612, 300, 259, 248, 245]
[999, 677, 373, 284, 273, 272]
[999, 742, 451, 336, 299, 289, 286]
[999, 762, 463, 366, 340, 328, 326]
[999, 812, 630, 508, 425, 391, 390]
[999, 457, 264, 259]
[999, 393, 249, 242]
[999, 710, 378, 293, 283, 279, 278]
[999, 711, 400, 301, 287, 282]
[999, 728, 410, 286, 279]
[999, 797, 543, 383, 309, 286, 280]
[999, 541, 276, 274]
[999, 765, 502, 362, 302, 287]
[999, 743, 483, 358, 323, 310]
[999, 753, 459, 333, 288, 282]
[999, 776, 561, 431, 359, 336, 330, 329]
[999, 549, 293, 267, 265]
[999, 809, 678, 635, 621]
[999, 444, 275, 266]
[999, 640, 324, 260, 253, 250, 243]
[999, 836, 715, 686, 681]
[999, 759, 454, 330, 281, 276, 274]
[999, 611, 297, 245, 230, 224, 222]
[999, 766, 518, 399, 359, 347, 345]
[999, 688, 376, 281, 245, 227, 226]
[999, 873, 820, 815]
[999, 385, 261, 255]
[999, 342, 254, 247]
[999, 494, 293, 289]
[999, 635, 345, 276, 252]
[999, 737, 423, 317, 285]
[999, 729, 425, 331, 306, 304]
[999, 796, 609, 470, 370, 317, 304, 299, 296]
[999, 691, 367, 294, 272]
[999, 651, 354, 290, 281, 279, 277]
[999, 626, 326, 274, 262, 259]
[999, 778, 527, 410, 349, 325, 323]
[999, 695, 400, 296, 269, 259, 257, 255]
[999, 849, 785, 774, 770]
[999, 784, 546, 424, 383, 363, 357, 356]
[999, 781, 610, 506, 434, 412, 408, 406]
[999, 707, 396, 300, 281]
[999, 315, 233, 224]
[999, 762, 511, 363, 304, 292]
[999, 804, 678, 638, 633]
[999, 613, 321, 289]
[999, 483, 281, 269]
[999, 782, 591, 451, 374, 358, 354, 352]
[999, 735, 373, 294, 284, 283]
[999, 767, 515, 426, 380, 372]
[999, 803, 650, 578, 550, 545]
[999, 489, 300, 282, 279]
[999, 658, 328, 248, 244]
[999, 808, 614, 470, 353, 308, 297, 295]
[999, 511, 269, 266]
[999, 788, 588, 446, 369, 323, 314, 306, 303]
[999, 859, 757, 735, 732, 731]
[999, 803, 592, 459, 367, 342]
[999, 675, 325, 238, 227]
[999, 676, 346, 275, 268]
[999, 820, 664, 564, 544, 539, 532]
[999, 831, 684, 597, 565, 562]
[999, 733, 411, 307, 268, 253]
[999, 723, 390, 272, 254, 252]
[999, 904, 869]
[999, 736, 495, 345, 313, 309]
[999, 619, 350, 280, 257, 248, 247]
[999, 808, 693, 679, 677]
[999, 750, 469, 318, 274, 265]
[999, 721, 390, 297, 280]
[999, 781, 598, 454, 396, 379, 377]
[999, 567, 319, 282, 277]
[999, 642, 332, 267, 259, 256]
[999, 639, 309, 251, 240, 238]
[999, 696, 409, 311, 284]
[999, 591, 340, 307]
[999, 760, 433, 337, 296, 290, 282]
[999, 759, 417, 329, 306, 300, 298]
[999, 840, 724, 702, 701, 699, 696, 693]
[999, 682, 371, 276, 258, 257]
[999, 707, 418, 344, 337, 333]
[999, 794, 581, 420, 336, 302, 299]
[999, 852, 759, 743, 742]
[999, 653, 306, 257, 244]
[999, 694, 388, 311, 289, 285, 283]
[999, 836, 694, 627, 625]
[999, 605, 295, 268, 265]
[999, 741, 440, 305, 267, 264]
[999, 610, 336, 291, 283]
[999, 442, 279, 271]
[999, 556, 318, 282, 281]
[999, 397, 297, 270]
[999, 887, 857]
[999, 452, 279, 253, 252, 250]
[999, 597, 283, 260, 258]
[999, 766, 526, 413, 349, 327, 323, 322, 321]
[999, 811, 650, 575, 565, 564, 563]
[999, 413, 255, 245]
[999, 795, 602, 518, 455, 436, 432]
[999, 644, 301, 267, 258]
[999, 586, 316, 284, 278]
[999, 740, 391, 303, 295, 294]
[999, 809, 678, 637, 629, 628]
[999, 659, 359, 306, 299]
[999, 471, 272, 260]
[999, 702, 376, 306, 298, 296]
[999, 798, 623, 482, 390, 359, 353]
[999, 847, 798, 788]
[999, 853, 792, 777, 771, 769]
[999, 761, 500, 375, 330, 323, 321]
[999, 830, 677, 594, 572, 568]
[999, 790, 547, 390, 319, 298]
[999, 880, 841, 834, 832]
[999, 857, 803, 798]
[999, 807, 594, 442, 346, 317, 316]
[999, 587, 297, 291]
[999, 758, 492, 390, 354, 347, 345]
[999, 797, 613, 531, 495, 480, 479]
[999, 599, 309, 267]
[999, 704, 369, 286, 264, 260]
[999, 858, 805, 787]
[999, 424, 256, 247]
[999, 842, 753, 736, 735, 734]
[999, 615, 352, 275, 266]
[999, 712, 410, 319, 313]
[999, 625, 337, 288, 282]
[999, 801, 584, 469, 404, 392, 391]
[999, 829, 702, 661]
[999, 511, 270, 265]
[999, 650, 328, 249, 240, 234]
[999, 808, 601, 436, 307, 261, 258]
[999, 768, 482, 339, 299, 274, 273]
[999, 545, 299, 292]
[999, 850, 796, 787, 786]
[999, 527, 297, 279]
[999, 541, 307, 289, 287]
[999, 686, 380, 294, 273, 272, 271]
[999, 772, 529, 373, 296, 284]
[999, 798, 645, 556, 523, 521]
[999, 677, 350, 294, 284, 282]
[999, 690, 370, 285, 268, 267]
[999, 736, 407, 299, 267, 264]
[999, 785, 557, 438, 364, 336, 331, 322, 315, 306]
[999, 773, 544, 393, 320, 305]
[999, 786, 519, 340, 268, 259]
[999, 681, 371, 307, 289]
[999, 393, 250, 237]
[999, 790, 573, 444, 393, 378, 376]
[999, 516, 319, 290, 286, 284]
[999, 843, 707, 683, 680]
[999, 692, 369, 289, 260, 253, 248, 246]
[999, 356, 244, 242]
[999, 827, 665, 604, 593, 591]
[999, 629, 322, 270, 263, 258, 257]
[999, 761, 534, 417, 361, 353, 351]
[999, 747, 479, 330, 287, 269, 267, 266]
[999, 705, 359, 254, 239, 238, 236]
[999, 535, 284, 270]
[999, 749, 401, 298, 279, 276]
[999, 767, 527, 424, 381, 379]
[999, 742, 424, 320, 300, 294]
[999, 782, 560, 404, 324, 308, 301, 287]
[999, 880, 836, 832]
[999, 786, 563, 444, 360, 338, 337]
[999, 842, 771, 757, 749, 748]
[999, 686, 332, 247, 229]
[999, 787, 548, 406, 341, 304, 291]
[999, 761, 467, 354, 302, 300]
[999, 748, 475, 342, 308, 303, 300]
[999, 827, 732, 713, 710]
[999, 722, 379, 278, 257, 253, 252, 250]
[999, 909, 874, 871]
[999, 590, 316, 253, 249]
[999, 715, 421, 346, 330, 328]
[999, 710, 371, 287, 256, 253, 250]
[999, 631, 347, 285, 280]
[999, 701, 346, 268, 237]
[999, 838, 691, 628, 613, 608, 606]
[999, 812, 628, 522, 457, 424, 418]
[999, 550, 338, 295, 290]
[999, 657, 323, 296, 290]
[999, 805, 635, 551, 530, 525, 524]
[999, 760, 485, 351, 278, 270]
[999, 726, 446, 320, 290, 287]
[999, 676, 394, 327, 301, 298, 297]
[999, 817, 678, 644, 643]
[999, 748, 523, 402, 363, 354, 348, 346]
[999, 674, 336, 275, 256]
[999, 598, 292, 261, 259]
[999, 553, 260, 255]
[999, 749, 466, 358, 328, 323, 322]
[999, 354, 285, 268]
[999, 425, 247, 240]
[999, 815, 690, 650, 640, 638]
[999, 876, 846, 843]
[999, 748, 454, 314, 260, 256]
[999, 695, 354, 275, 242, 234, 230, 228, 227]
[999, 718, 422, 338, 302, 294, 287]
[999, 926, 914, 912]
[999, 750, 508, 360, 314, 281, 273]
[999, 783, 547, 405, 316, 279, 268, 266, 263]
[999, 753, 465, 309, 268, 262, 260]
[999, 859, 814, 813]
[999, 741, 476, 315, 293, 288]
[999, 683, 316, 246, 235, 228]
[999, 662, 329, 274, 260, 256]
[999, 678, 348, 301, 298, 293, 292]
[999, 739, 415, 325, 298, 295]
[999, 575, 282, 266, 265]
[999, 753, 494, 354, 309, 303]
[999, 753, 461, 321, 284, 269]
[999, 739, 439, 367, 316, 293, 284, 282]
[999, 600, 305, 245, 237]
[999, 715, 424, 315, 296]
[999, 876, 831, 827]
[999, 673, 360, 267, 256, 255]
[999, 589, 307, 269, 268]
[999, 459, 310, 302]
[999, 757, 481, 367, 341, 337, 336]
[999, 757, 512, 394, 331, 308, 306]
[999, 794, 559, 413, 309, 285, 278]
[999, 731, 371, 276, 268, 264, 263]
[999, 768, 531, 408, 351, 325, 316, 313]
[999, 809, 643, 562, 522, 518]
[999, 763, 523, 403, 352, 339]
[999, 735, 417, 264, 251, 246, 245]
[999, 740, 449, 343, 293, 286]
[999, 848, 752, 696, 688]
[999, 570, 295, 282]
[999, 757, 469, 354, 305, 293]
[999, 763, 510, 358, 298, 283, 279]
[999, 757, 445, 305, 259, 253]
[999, 391, 288, 280]
[999, 794, 606, 503, 443, 436]
[999, 844, 751, 737, 736]
[999, 860, 801]
[999, 801, 658, 618, 616]
[999, 429, 256, 254]
[999, 802, 583, 475, 374, 349, 344, 342, 341]
[999, 875, 843, 839]
[999, 784, 587, 488, 461, 459]
[999, 834, 736, 726, 723]
[999, 673, 378, 303, 284, 283]
[999, 750, 457, 331, 279, 275, 268, 266]
[999, 629, 293, 262]
[999, 475, 272, 270]
[999, 765, 518, 374, 339, 332, 330, 328, 327]
[999, 507, 270, 261]
[999, 675, 365, 288, 278, 276]
[999, 662, 319, 243, 232]
[999, 402, 241, 235]
[999, 593, 312, 263, 255]
[999, 707, 411, 304, 287, 285]
[999, 790, 595, 456, 409, 395, 393]
[999, 671, 360, 294, 285, 283]
[999, 728, 404, 318, 301, 299]
[999, 776, 561, 421, 331, 286, 274, 262]
[999, 812, 629, 514, 460, 432, 431]
[999, 687, 347, 284, 272, 271]
[999, 301, 277]
[999, 863, 791, 780, 774]
[999, 782, 609, 524, 474, 459, 456]
[999, 904, 887]
[999, 618, 294, 268, 267]
[999, 764, 521, 383, 313, 282, 281]
[999, 779, 581, 449, 361, 303, 298, 296]
[999, 743, 413, 292, 284]
[999, 821, 641, 592, 581]
[999, 842, 736, 698, 689, 688]
[999, 443, 278, 274]
[999, 602, 295, 240, 235]
[999, 585, 333, 304, 299]
[999, 830, 701, 643, 634, 631]
[999, 654, 332, 241, 234, 227]
[999, 840, 735, 712, 709, 708]
[999, 490, 296, 288]
[999, 649, 319, 257, 254]
[999, 828, 706, 668, 649, 642]
[999, 554, 321, 299, 297, 296]
[999, 423, 246, 234]
[999, 752, 509, 408, 371, 367]
[999, 567, 284, 272]
[999, 737, 456, 335, 268, 259]
[999, 544, 277, 261]
[999, 640, 292, 268, 264, 261]
[999, 690, 375, 284, 274, 272]
[999, 496, 265, 257]
[999, 887, 802, 790, 789, 788]
[999, 619, 279, 264]
[999, 740, 412, 294, 280, 273, 272, 271, 268]
[999, 879, 846, 843]
[999, 705, 362, 267, 251]
[999, 751, 457, 342, 328, 324]
[999, 782, 491, 357, 293, 285, 284]
[999, 764, 514, 380, 302, 281, 271, 267]
[999, 543, 327, 300, 298]
[999, 423, 260, 254]
[999, 514, 307, 289]
[999, 707, 379, 275, 263, 258, 255]
[999, 577, 296, 280, 279]
[999, 587, 290, 271, 270]
[999, 841, 716, 683, 670, 666]
[999, 812, 612, 504, 444, 416, 405, 396]
[999, 467, 273, 265]
[999, 659, 317, 256, 238, 236]
[999, 703, 354, 277, 263, 257]
[999, 610, 300, 271, 270, 269, 264, 262]
[999, 482, 282, 272]
[999, 884, 789, 760, 752, 749]
[999, 878, 804, 790, 788]
[999, 445, 264, 259]
[999, 440, 286, 279]
[999, 659, 351, 275, 255, 250]
[999, 498, 270, 267]
[999, 547, 337, 315, 314]
[999, 287, 280]
[999, 427, 287, 278]
[999, 760, 498, 377, 332, 327]
[999, 785, 551, 413, 348, 320, 316, 313, 312]
[999, 541, 290, 262]
[999, 736, 426, 309, 277, 275]
[999, 680, 360, 271, 253, 251, 248]
[999, 556, 301, 266, 265]
[999, 815, 686, 635, 627]
[999, 907, 884, 882]
[999, 804, 598, 474, 402, 383, 377]
[999, 857, 800, 786]
[999, 634, 315, 262, 246]
[999, 723, 412, 308, 283, 281]
[999, 528, 327, 310, 306]
[999, 845, 781, 764]
[999, 545, 293, 287]
[999, 625, 346, 304, 299]
[999, 547, 301, 287]
[999, 750, 432, 334, 306, 304]
[999, 507, 302, 290]
[999, 753, 417, 313, 279, 274]
[999, 757, 493, 361, 316, 306]
[999, 887, 848, 845, 842]
[999, 412, 261, 254]
[999, 608, 306, 269, 262]
[999, 494, 314, 305]
[999, 740, 443, 348, 319]
[999, 565, 267, 263]
[999, 804, 672, 621, 614]
[999, 842, 773, 758]
[999, 692, 373, 260, 244, 243]
[999, 810, 684, 641, 629, 627, 625]
[999, 576, 312, 278, 277]
[999, 709, 360, 277, 255, 251, 246, 244, 242]
[999, 601, 322, 282, 278]
[999, 599, 270, 246, 245, 244, 243]
[999, 689, 393, 309, 297, 291]
[999, 797, 624, 548, 501, 500]
[999, 836, 767, 744, 737]
[999, 584, 322, 289, 285, 281]
[999, 772, 519, 385, 312, 285, 275, 273]
[999, 900, 875]
[999, 877, 843, 835]
[999, 783, 576, 477, 435, 423]
[999, 560, 265, 252, 251]
[999, 764, 518, 378, 354, 349]
[999, 666, 352, 273, 259]
[999, 842, 758, 734, 731]
[999, 340, 255, 241]
[999, 704, 362, 300, 278, 269, 267, 266, 265]
[999, 618, 313, 275, 269, 268]
[999, 548, 271, 257, 255]
[999, 676, 320, 296, 294]
[999, 505, 279, 255]
[999, 956, 944, 942]
[999, 691, 355, 284, 269]
[999, 732, 399, 293, 266, 258, 255]
[999, 866, 824, 822, 821]
[999, 798, 626, 510, 456, 447, 446]
[999, 748, 449, 321, 274, 267, 263, 261]
[999, 768, 520, 393, 343, 334]
[999, 417, 251, 245]
[999, 709, 403, 288, 262, 260]
[999, 784, 572, 443, 376, 359, 358]
[999, 708, 366, 257, 246, 244]
[999, 665, 348, 303, 298]
[999, 852, 809, 805]
[999, 751, 511, 390, 328, 310]
[999, 480, 285, 272]
[999, 643, 316, 238, 229]
[999, 774, 460, 345, 312, 310]
[999, 392, 262, 254]
[999, 606, 318, 273, 272]
[999, 859, 762, 734, 732]
[999, 809, 682, 641, 639]
[999, 661, 308, 262, 256]
[999, 775, 539, 424, 375, 361, 360]
[999, 889, 861, 858]
[999, 690, 379, 292, 276]
[999, 683, 375, 320, 312, 309]
[999, 558, 278, 247]
[999, 557, 295, 271, 267]
[999, 765, 496, 321, 269, 262, 261]
[999, 614, 289, 230, 214]
[999, 749, 466, 339, 303, 302]
[999, 780, 557, 405, 307, 297]
[999, 832, 743, 714, 712]
[999, 643, 326, 299, 297]
[999, 647, 345, 288, 266, 254, 245, 242]
[999, 807, 672, 602, 583, 578, 571]
[999, 387, 258, 252]
[999, 621, 331, 292, 278]
[999, 844, 725, 687, 685, 682, 681]
[999, 509, 259, 245]
[999, 606, 297, 279, 274, 271, 269]
[999, 892, 868, 861, 860]
[999, 760, 491, 354, 320, 312]
[999, 787, 562, 424, 350, 320, 315, 314, 312]
[999, 803, 605, 466, 366, 306, 296, 295]
[999, 670, 345, 265, 260]
[999, 802, 627, 533, 491, 489]
[999, 680, 351, 274, 268]
[999, 759, 447, 322, 285, 282]
[999, 759, 496, 373, 307, 290, 277, 275]
[999, 866, 802, 788]
[999, 582, 290, 276, 271, 270, 264, 256, 255, 254, 253]
[999, 721, 433, 314, 303, 300]
[999, 342, 296]
[999, 394, 245, 237]
[999, 836, 759, 743, 741, 740, 739]
[999, 545, 272, 251, 248]
[999, 587, 284, 260]
[999, 532, 320, 296, 295]
[999, 888, 854, 853]
[999, 597, 319, 276, 272]
[999, 669, 367, 277, 263, 259, 253]
[999, 620, 320, 278, 274]
[999, 727, 446, 332, 289, 284]
[999, 716, 393, 303, 290, 283, 279, 278]
[999, 817, 503, 334, 300, 295, 294]
[999, 752, 497, 364, 291, 276, 275]
[999, 469, 296, 282]
[999, 598, 319, 284, 281]
[999, 679, 341, 289, 278, 275, 272, 269]
[999, 705, 398, 293, 274, 273]
[999, 504, 317, 281]
[999, 465, 291, 283]
[999, 787, 547, 397, 341, 331, 329]
[999, 730, 437, 351, 323, 315, 312]
[999, 707, 347, 271, 246, 237, 227, 226]
[999, 814, 625, 514, 455, 428, 419, 410]
[999, 577, 281, 265, 261]
[999, 594, 298, 290, 287, 286]
[999, 593, 321, 301]
[999, 701, 347, 285, 271]
[999, 747, 449, 364, 345]
[999, 428, 267, 254]
[999, 739, 473, 370, 328, 321, 320]
[999, 782, 544, 443, 403, 393, 391]
[999, 772, 540, 406, 331, 311, 310]
[999, 826, 728, 700, 696]
[999, 620, 313, 280, 274, 271]
[999, 588, 319, 280, 271]
[999, 508, 307, 295]
[999, 716, 395, 300, 286]
[999, 656, 316, 275, 269, 266]
[999, 849, 719, 670, 657]
[999, 278, 265]
[999, 849, 747, 730, 724]
[999, 877, 831, 825]
[999, 797, 597, 485, 435, 420, 417]
[999, 500, 252, 241]
[999, 811, 686, 632, 621, 620]
[999, 556, 331, 297]
[999, 353, 278, 262]
[999, 443, 281, 271]
[999, 741, 457, 342, 328]
[999, 775, 580, 478, 453, 443]
[999, 555, 254, 247]
[999, 774, 554, 392, 318, 293]
[999, 602, 289, 262, 261]
[999, 784, 617, 537, 518, 514, 513]
[999, 633, 345, 307, 306]
[999, 895, 865, 864]
[999, 826, 680, 621, 600, 599]
[999, 851, 775, 758, 757]
[999, 544, 324, 290, 289]
[999, 841, 740, 728]
[999, 623, 344, 297, 289, 288]
[999, 415, 271, 255]
[999, 427, 276, 265]
[999, 751, 493, 392, 360, 357]
[999, 639, 322, 284, 279]
[999, 801, 548, 415, 340, 320]
[999, 545, 304, 259, 254, 250, 246, 243]
[999, 718, 432, 312, 280, 276]
[999, 748, 453, 341, 309, 308]
[999, 544, 275, 268]
[999, 730, 408, 301, 290, 289, 288]
[999, 656, 376, 266, 260]
[999, 806, 685, 630, 610, 608, 606]
[999, 666, 320, 299, 297]
[999, 691, 360, 307, 293]
[999, 475, 250, 245]
[999, 824, 688, 640, 620]
[999, 764, 482, 346, 309, 305]
[999, 878, 825, 820]
[999, 819, 691, 653, 642, 634, 629]
[999, 762, 498, 362, 298, 277, 271, 268]
[999, 392, 295, 280]
[999, 741, 517, 353, 284, 274, 272]
[999, 757, 430, 314, 278, 274, 272]
[999, 515, 280, 264]
[999, 708, 389, 317, 293, 285, 283, 281]
[999, 609, 288, 247, 246]
[999, 513, 244, 240]
[999, 861, 719, 675, 641, 632, 631]
[999, 857, 816, 815]
[999, 548, 287, 274]
[999, 759, 521, 371, 290, 257, 253, 251, 250]
[999, 688, 371, 294, 283, 275]
[999, 416, 253, 247]
[999, 783, 566, 440, 391, 376, 374]
[999, 763, 432, 326, 286, 279]
[999, 435, 283, 279]
[999, 897, 859, 835, 831, 830, 826]
[999, 543, 296, 275, 270]
[999, 774, 555, 443, 373, 352, 348]
[999, 606, 321, 306, 301]
[999, 699, 350, 253, 238, 234, 233]
[999, 613, 335, 264, 247, 246, 245, 242]
[999, 770, 532, 380, 304, 301, 298, 293]
[999, 723, 408, 283, 268, 267]
[999, 738, 449, 310, 295, 293]
[999, 598, 342, 308, 307]
[999, 428, 259, 256]
[999, 550, 299, 263, 260]
[999, 530, 283, 274]
[999, 705, 322, 271, 258, 252]
[999, 388, 262, 246]
[999, 593, 343, 297, 293, 292]
[999, 774, 500, 379, 323, 314, 311]
[999, 512, 295, 281]
[999, 495, 286, 277]
[999, 730, 370, 282, 276]
[999, 847, 791, 788]
[999, 823, 709, 678, 674]
[999, 594, 293, 272, 268]
[999, 528, 301, 286]
[999, 611, 324, 267, 258]
[999, 752, 477, 361, 313, 307, 306]
[999, 574, 294, 291]
[999, 828, 719, 701, 700]
[999, 771, 472, 342, 321, 311]
[999, 843, 743, 702, 695, 694]
[999, 822, 714, 668, 650, 645]
[999, 795, 615, 507, 453, 434, 433]
[999, 566, 310, 280, 275, 267, 265]
[999, 804, 608, 509, 452, 434, 433]
[999, 727, 436, 326, 297, 285, 273]
[999, 557, 289, 278]
[999, 691, 353, 272, 259, 255]
[999, 788, 568, 431, 358, 343, 340, 339]
[999, 856, 803, 794]
[999, 857, 769, 738, 733]
[999, 683, 333, 274, 265, 261, 251, 243]
[999, 860, 760, 736, 733]
[999, 739, 416, 325, 290, 286, 281]
[999, 650, 317, 282, 279]
[999, 705, 366, 294, 277, 276]
[999, 612, 355, 300, 291, 290]
[999, 657, 322, 262, 254]
[999, 695, 380, 325, 304, 300]
[999, 757, 507, 397, 354, 339, 338, 337, 336]
[999, 718, 436, 307, 282]
[999, 815, 621, 507, 434, 412, 406]
[999, 731, 432, 305, 269, 258]
[999, 836, 685, 595, 581, 578, 573]
[999, 766, 512, 364, 285, 281]
[999, 561, 295, 271]
[999, 824, 698, 645, 640, 637]
[999, 618, 333, 273, 266, 264]
[999, 814, 639, 534, 473, 450, 446]
[999, 852, 787, 761, 760]
[999, 792, 626, 516, 467, 457, 456, 455]
[999, 529, 264, 250]
[999, 737, 418, 300, 282, 281, 280]
[999, 796, 560, 419, 359, 335, 333, 332]
[999, 807, 630, 537, 508, 506]
[999, 602, 340, 317, 310]
[999, 682, 363, 273, 265]
[999, 711, 435, 303, 276, 272, 266, 265]
[999, 747, 455, 321, 285, 281]
[999, 670, 354, 267, 247, 239]
[999, 771, 569, 445, 374, 363]
[999, 704, 369, 296, 281, 280]
[999, 717, 373, 281, 260, 250, 237]
[999, 717, 432, 323, 276, 270, 263, 261]
[999, 577, 316, 299]
[999, 850, 795, 785]
[999, 833, 708, 671, 667, 666, 665]
[999, 665, 361, 277, 259, 249, 247]
[999, 788, 544, 414, 352, 324, 317, 315]
[999, 920, 903, 900]
[999, 792, 596, 492, 455, 453]
[999, 633, 334, 265, 247, 242]
[999, 740, 404, 293, 258, 256]
[999, 690, 412, 317, 296, 295]
[999, 771, 488, 321, 268, 264]
[999, 768, 536, 381, 304, 294, 292]
[999, 753, 417, 322, 302, 296]
[999, 873, 808, 790]
[999, 631, 315, 256, 243]
[999, 863, 774, 756, 751]
[999, 657, 318, 268, 267]
[999, 568, 314, 283]
[999, 541, 296, 269, 266]
[999, 912, 890, 887]
[999, 802, 603, 490, 405, 385, 383]
[999, 563, 279, 277, 275]
[999, 802, 595, 463, 374, 333, 328, 327]
[999, 426, 267, 258]
[999, 693, 324, 262, 238]
[999, 870, 823, 813, 812, 810]
[999, 822, 692, 637, 626]
[999, 454, 279, 271]
[999, 834, 702, 663, 651]
[999, 487, 286, 274, 273, 269]
[999, 751, 460, 333, 301]
[999, 647, 337, 292, 278, 276]
[999, 686, 340, 281, 265, 262, 261]
[999, 770, 544, 423, 368, 359, 357]
[999, 851, 771, 759]
[999, 843, 791, 785, 784]
[999, 446, 301, 277, 275, 274]
[999, 842, 741, 713, 710]
[999, 640, 320, 261, 252]
[999, 801, 632, 548, 486, 473, 471]
[999, 872, 791, 789]
[999, 843, 714, 688, 684]
[999, 568, 292, 254, 245, 244]
[999, 788, 526, 396, 349, 346, 345]
[999, 598, 325, 291, 288, 287]
[999, 609, 295, 261, 253, 252]
[999, 689, 395, 313, 289, 286]
[999, 646, 313, 237, 236]
[999, 652, 355, 298, 290, 289]
[999, 772, 452, 341, 308, 306]
[999, 798, 632, 542, 507, 500]
[999, 883, 848, 842]
[999, 728, 429, 314, 260, 246, 240]
[999, 883, 866, 862]
[999, 618, 309, 285, 284]
[999, 675, 334, 282, 274]
[999, 807, 612, 499, 441, 425, 420, 419, 417]
[999, 502, 289, 281]
[999, 327, 250, 236]
[999, 638, 321, 272, 267]
[999, 754, 486, 359, 297, 286, 269, 256, 254]
[999, 708, 374, 321, 309, 304]
[999, 873, 829, 815, 814]
[999, 676, 382, 296, 274, 273]
[999, 805, 543, 369, 319, 310]
[999, 716, 425, 300, 273, 268]
[999, 566, 286, 263, 261]
[999, 746, 380, 303, 278, 272]
[999, 630, 297, 268, 264, 262]
[999, 731, 439, 327, 296, 291]
[999, 778, 575, 471, 386, 361, 355, 354]
[999, 843, 746, 733, 732]
[999, 794, 535, 417, 368, 358, 357]
[999, 813, 652, 606, 601]
[999, 792, 615, 518, 469, 465]
[999, 680, 304, 247, 240]
[999, 434, 243, 238]
[999, 661, 361, 285, 265, 261]
[999, 829, 660, 606, 592]
[999, 439, 309, 289]
[999, 849, 751, 739, 735]
[999, 864, 798, 781, 773]
[999, 551, 298, 263]
[999, 812, 586, 466, 386, 361]
[999, 709, 349, 270, 255, 254, 253, 249]
[999, 775, 538, 363, 308, 288, 279, 277, 275, 271, 268]
[999, 758, 475, 336, 287, 268, 267, 262, 261]
[999, 722, 390, 287, 267, 261]
[999, 762, 469, 329, 274, 263, 262]
[999, 687, 346, 270, 260, 259]
[999, 413, 276, 266]
[999, 653, 319, 267, 261]
[999, 827, 659, 606, 604]
[999, 669, 344, 276, 263]
[999, 718, 380, 286, 274, 272]
[999, 786, 557, 449, 342, 309, 301]
[999, 647, 329, 283, 280]
[999, 636, 313, 286, 281, 279]
[999, 747, 399, 282, 269]
[999, 447, 286, 278]
[999, 826, 721, 701, 695]
[999, 799, 594, 450, 337, 309, 308]
[999, 635, 352, 299, 295]
[999, 730, 438, 333, 280, 268, 259, 255, 249, 247]
[999, 880, 834, 829]
[999, 767, 437, 327, 286, 277]
[999, 764, 510, 382, 320, 309, 307]
[999, 886, 858, 855, 853]
[999, 740, 447, 324, 307, 299, 288, 278, 271, 269, 268]
[999, 683, 297, 258, 256]
[999, 680, 350, 251, 238, 236, 235]
[999, 840, 719, 662, 657, 655]
[999, 750, 477, 366, 330, 324, 323]
[999, 805, 655, 588, 563, 558]
[999, 595, 303, 277, 275]
[999, 530, 276, 269]
[999, 709, 377, 300, 275, 273]
[999, 684, 316, 266, 260]
[999, 445, 289, 273]
[999, 668, 326, 237, 232]
[999, 365, 252, 240]
[999, 629, 339, 255, 250, 249]
[999, 474, 272, 263]
[999, 763, 495, 382, 347, 332, 329, 328]
[999, 591, 280, 243]
[999, 774, 518, 368, 287, 269, 267, 263, 259, 258]
[999, 716, 394, 309, 280, 276]
[999, 792, 626, 540, 491, 478, 475]
[999, 727, 396, 289, 271, 269]
[999, 472, 273, 267]
[999, 670, 344, 276, 264, 263]
[999, 436, 297, 286]
[999, 394, 263, 255]
[999, 715, 361, 294, 277, 274]
[999, 494, 261, 258]
[999, 893, 855, 845]
[999, 639, 295, 268, 266, 264, 263]
[999, 768, 536, 436, 360, 348, 347]
[999, 366, 263, 251]
[999, 663, 348, 291, 267, 264, 258]
[999, 809, 606, 472, 367, 312, 283, 268, 265]
[999, 737, 426, 328, 307, 306]
[999, 809, 648, 529, 485, 470, 468]
[999, 507, 294, 286]
[999, 899, 870, 860, 859]
[999, 771, 550, 415, 346, 328]
[999, 885, 815, 799]
[999, 697, 381, 293, 284, 282]
[999, 446, 288, 271]
[999, 874, 841, 835]
[999, 634, 315, 262, 255, 254, 250]
[999, 570, 308, 291]
[999, 866, 829, 819, 818]
[999, 806, 663, 603, 591, 590]
[999, 785, 562, 428, 347, 310, 303, 302]
[999, 759, 534, 399, 323, 295, 288, 284]
[999, 854, 716, 658, 646, 644]
[999, 893, 856, 852, 851]
[999, 716, 401, 322, 294, 291]
[999, 510, 271, 255, 254]
[999, 771, 521, 409, 354, 321, 307, 298, 287, 284]
[999, 449, 273, 268]
[999, 749, 480, 370, 349, 347]
[999, 689, 349, 285, 270, 262, 258, 257]
[999, 768, 526, 380, 328, 308, 305]
[999, 472, 276, 270]
[999, 884, 833, 828]
[999, 858, 799, 793, 788]
[999, 643, 306, 267, 263]
[999, 648, 343, 298, 291, 290]
[999, 743, 500, 375, 316, 303, 297]
[999, 778, 565, 394, 293, 271]
[999, 728, 402, 305, 281, 275]
[999, 803, 641, 551, 513, 504]
[999, 641, 325, 285, 280]
[999, 757, 490, 374, 351]
[999, 496, 286, 284]
[999, 591, 312, 271, 259, 250]
[999, 637, 333, 316, 313]
[999, 588, 303, 268, 253, 252]
[999, 744, 444, 342, 311]
[999, 557, 302, 282]
[999, 722, 428, 292, 274, 270]
[999, 855, 757, 743]
[999, 706, 399, 293, 267, 260, 258, 255, 254, 250]
[999, 732, 416, 298, 274, 271]
[999, 502, 315, 301]
[999, 780, 594, 466, 376, 345, 339]
[999, 608, 325, 292, 289, 286]
[999, 673, 375, 301, 298, 297, 296]
[999, 620, 300, 262, 260]
[999, 731, 447, 333, 311, 310]
[999, 667, 318, 251, 237, 227]
[999, 460, 253, 249]
[999, 605, 292, 264, 257, 256]
[999, 757, 530, 404, 360, 342, 335]
[999, 794, 539, 402, 333, 316]
[999, 455, 262, 255]
[999, 745, 459, 342, 318, 312]
[999, 699, 353, 258, 250, 249]
[999, 860, 745, 697, 664, 640]
[999, 883, 823, 819, 817]
[999, 594, 297, 270]
[999, 683, 351, 271, 248]
[999, 882, 852, 840]
[999, 769, 464, 340, 290, 278, 272, 262, 260, 259]
[999, 821, 690, 663, 658]
[999, 741, 451, 314, 290, 287]
[999, 921, 887]
[999, 795, 623, 468, 355, 310, 304]
[999, 918, 903, 900]
[999, 448, 247, 243]
[999, 801, 581, 428, 368, 362, 359]
[999, 549, 290, 270, 267]
[999, 740, 424, 330, 270, 245, 244]
[999, 758, 553, 413, 317, 282, 276, 272]
[999, 808, 641, 543, 489, 463, 460]
[999, 776, 486, 347, 292, 282, 280, 278]
[999, 753, 465, 365, 319, 314]
[999, 704, 352, 271, 251, 243]
[999, 696, 355, 261, 247, 245]
[999, 728, 435, 340, 305, 297]
[999, 629, 352, 311, 304]
[999, 455, 235, 231]
[999, 741, 443, 285, 264, 262]
[999, 846, 739, 713, 709]
[999, 582, 300, 272, 262]
[999, 729, 475, 332, 288, 282]
[999, 653, 303, 248, 237]
[999, 764, 470, 326, 295]
[999, 513, 273, 268]
[999, 709, 363, 271, 255, 254]
[999, 646, 320, 302]
[999, 474, 263, 253]
[999, 659, 351, 258, 242, 225, 220]
[999, 558, 306, 255, 247]
[999, 630, 341, 282, 270, 269]
[999, 513, 297, 284]
[999, 852, 803, 794]
[999, 401, 240, 235]
[999, 751, 484, 361, 316, 308, 307]
[999, 576, 284, 274, 264, 263]
[999, 765, 496, 340, 281, 276, 275]
[999, 730, 409, 288, 265, 259, 255, 248]
[999, 620, 318, 253, 250]
[999, 445, 285, 276]
[999, 671, 342, 266, 249]
[999, 720, 399, 290, 270, 264]
[999, 737, 463, 346, 324, 321]
[999, 746, 450, 327, 300, 299]
[999, 750, 456, 341, 298, 284, 280, 278, 277]
[999, 787, 595, 484, 439, 435]
[999, 877, 810, 807]
[999, 762, 519, 377, 327, 307, 297, 292, 287, 265]
[999, 568, 274, 253, 252]
[999, 907, 866, 861, 857]
[999, 666, 374, 302, 278, 277, 264, 261]
[999, 494, 276, 269]
[999, 835, 733, 712, 707, 705]
[999, 686, 360, 297, 288]
[999, 353, 295, 274]
[999, 714, 398, 303, 276, 274, 272]
[999, 649, 315, 256, 251, 249]
[999, 788, 518, 406, 354, 351]
[999, 816, 654, 565, 520, 515]
[999, 481, 277, 272]
[999, 722, 396, 288, 264]
[999, 614, 305, 270]
[999, 680, 392, 305, 284, 283]
[999, 595, 314, 300, 298, 294]
[999, 569, 293, 274]
[999, 691, 361, 279, 255, 240, 231]
[999, 762, 485, 351, 282, 272]
[999, 479, 271, 261]
[999, 629, 297, 252, 244, 241]
[999, 771, 491, 374, 341, 333, 331]
[999, 654, 359, 298, 276]
[999, 353, 261, 248]
[999, 498, 276, 272]
