[999, 973, 972]
[999, 929, 925]
[999, 991]
[999, 962, 958]
[999, 965, 964, 963]
[999, 926, 923, 922]
[999, 974]
[999, 983]
[999, 980]
[999, 923, 918, 917]
[999, 964]
[999, 951, 946]
[999, 981]
[999, 958, 955]
[999, 986, 983]
[999, 963, 962]
[999, 974, 973]
[999, 964, 963]
[999, 951]
[999, 985, 984]
[999, 985]
[999, 978]
[999, 935, 933]
[999, 962, 959]
[999, 956]
[999, 969, 967]
[999, 954, 951]
[999, 964]
[999, 964]
[999, 979, 977]
[999, 956, 954, 953]
[999, 960, 959]
[999, 971, 970]
[999, 936]
[999, 965, 961]
[999, 963, 956]
[999, 964, 963]
[999, 971, 967]
[999, 978]
[999, 950]
[999, 959, 958]
[999, 969]
[999, 984]
[999, 975, 974]
[999, 949, 947]
[999, 938, 933]
[999, 958, 954]
[999, 959, 954]
[999, 950]
[999, 924, 915]
[999, 958, 954, 953]
[999, 968, 966]
[999, 957, 953]
[999, 970, 968]
[999, 978, 977, 976]
[999, 969]
[999, 950, 948]
[999, 981]
[999, 950, 948, 947]
[999, 966]
[999, 974, 973]
[999, 964, 963]
[999, 937, 932, 931]
[999, 956, 952]
[999, 977]
[999, 963, 962]
[999, 975, 973, 972]
[999, 964, 961, 960]
[999, 966, 964]
[999, 973]
[999, 941, 938, 937]
[999, 981]
[999, 952]
[999, 959, 957]
[999, 971, 970]
[999, 944, 943]
[999, 943, 939]
[999, 912, 910]
[999, 984, 983]
[999, 954, 950]
[999, 917, 910]
[999, 977, 976, 975]
[999, 969]
[999, 954, 951, 950]
[999, 969]
[999, 961]
[999, 957, 956]
[999, 950, 948, 947]
[999, 973, 971]
[999, 960, 958]
[999, 970, 967]
[999, 962]
[999, 949, 946]
[999, 979]
[999, 955, 952]
[999, 983]
[999, 979]
[999, 937, 935]
[999, 981, 979, 978]
[999, 953, 951, 949]
[999, 973, 971]
[999, 976, 973]
[999, 954, 951]
[999, 968, 963]
[999, 969, 967]
[999, 963, 959, 958]
[999, 969]
[999, 937, 935, 933]
[999, 926, 921, 920]
[999, 969]
[999, 952, 949]
[999, 951, 950]
[999, 965, 964]
[999, 978, 977]
[999, 967]
[999, 959]
[999, 961, 960]
[999, 981, 980, 979]
[999, 963]
[999, 960, 958, 956]
[999, 958, 957, 956]
[999, 976]
[999, 954, 948, 947]
[999, 935]
[999, 975]
[999, 959]
[999, 959, 957]
[999, 968, 964]
[999, 956, 954]
[999, 986, 984]
[999, 979]
[999, 967, 966]
[999, 960, 956, 955]
[999, 957, 956, 955]
[999, 967, 965]
[999, 975, 974]
[999, 930, 928]
[999, 896, 894]
[999, 944, 942]
[999, 973]
[999, 967, 964]
[999, 973]
[999, 977]
[999, 963, 961]
[999, 984]
[999, 972, 971]
[999, 951, 948]
[999, 964]
[999, 942, 936]
[999, 953, 950]
[999, 957, 950]
[999, 973]
[999, 977, 976]
[999, 963, 960]
[999, 959]
[999, 936]
[999, 969, 968]
[999, 969]
[999, 946, 944]
[999, 968, 967]
[999, 977]
[999, 981]
[999, 958, 957]
[999, 896, 877, 876]
[999, 924, 916]
[999, 966, 963]
[999, 967, 965]
[999, 972, 971]
[999, 975, 974]
[999, 919, 912]
[999, 964, 962]
[999, 968]
[999, 980, 977]
[999, 984, 982]
[999, 947, 945]
[999, 976]
[999, 962, 961]
[999, 979]
[999, 924, 923]
[999, 981, 980]
[999, 975]
[999, 951, 945]
[999, 965, 964]
[999, 958, 954]
[999, 967, 966]
[999, 958]
[999, 989]
[999, 961, 960]
[999, 974, 973]
[999, 977, 976]
[999, 966, 963]
[999, 949, 948]
[999, 972, 969, 968]
[999, 981]
[999, 945, 943, 942]
[999, 981]
[999, 958, 957]
[999, 944, 943]
[999, 964, 961]
[999, 948, 947]
[999, 985, 984]
[999, 974]
[999, 989]
[999, 956, 954]
[999, 961, 958]
[999, 974]
[999, 920, 917]
[999, 971, 969]
[999, 860, 840, 839]
[999, 969]
[999, 960, 956]
[999, 946, 940]
[999, 965, 962]
[999, 979]
[999, 963, 960]
[999, 986]
[999, 945, 939]
[999, 973]
[999, 973, 971]
[999, 959]
[999, 970, 969]
[999, 959, 955]
[999, 958, 955]
[999, 973, 972]
[999, 954]
[999, 955, 951]
[999, 891, 877, 876]
[999, 965]
[999, 989]
[999, 904, 898]
[999, 985]
[999, 985]
[999, 986]
[999, 954, 952]
[999, 959, 954]
[999, 945, 941]
[999, 956, 954]
[999, 968]
[999, 937, 936]
[999, 924, 921]
[999, 973]
[999, 948]
[999, 987, 986]
[999, 962, 960, 958]
[999, 972, 970]
[999, 934, 931, 930]
[999, 936, 933]
[999, 948, 945]
[999, 972, 970]
[999, 985]
[999, 958, 957]
[999, 942, 940, 939]
[999, 984]
[999, 954]
[999, 967]
[999, 944, 938]
[999, 951, 947, 946]
[999, 977]
[999, 959]
[999, 975, 974]
[999, 943]
[999, 979, 978]
[999, 972, 971]
[999, 966, 963, 961]
[999, 951, 949]
[999, 968, 966]
[999, 961, 960, 959]
[999, 969]
[999, 975, 974]
[999, 969, 967]
[999, 953, 950, 949]
[999, 962, 959]
[999, 979]
[999, 968]
[999, 998]
[999, 896, 885]
[999, 977]
[999, 982]
[999, 970, 968, 965]
[999, 954, 950]
[999, 976]
[999, 971, 970]
[999, 948, 947]
[999, 944, 940]
[999, 929, 924]
[999, 948, 945, 944]
[999, 976]
[999, 979, 978]
[999, 950, 948]
[999, 949, 947]
[999, 930, 929, 927]
[999, 960]
[999, 988, 986]
[999, 970, 963, 961]
[999, 979]
[999, 971]
[999, 926, 923]
[999, 913, 910]
[999, 967, 966]
[999, 973]
[999, 977, 972]
[999, 979, 977]
[999, 960, 958]
[999, 981, 979]
[999, 953, 951]
[999, 919, 914]
[999, 973]
[999, 946, 940, 938]
[999, 950, 949]
[999, 981, 980]
[999, 939, 934, 933]
[999, 976, 975, 974]
[999, 976]
[999, 972]
[999, 953, 950]
[999, 970, 968]
[999, 973]
[999, 973]
[999, 973, 969]
[999, 951, 949]
[999, 968, 967]
[999, 963, 961, 960]
[999, 973, 971]
[999, 968]
[999, 985, 983]
[999, 962, 960]
[999, 973]
[999, 976, 974]
[999, 974, 972]
[999, 973, 971]
[999, 977, 975]
[999, 958, 954]
[999, 993]
[999, 987]
[999, 967]
[999, 970, 968]
[999, 984, 983]
[999, 973, 971]
[999, 931, 929]
[999, 985, 983]
[999, 941, 936]
[999, 972, 970]
[999, 984, 983]
[999, 962, 960]
[999, 955, 953]
[999, 976, 975]
[999, 980]
[999, 979]
[999, 972, 971]
[999, 987]
[999, 962, 961]
[999, 976]
[999, 962, 961]
[999, 973]
[999, 938, 936]
[999, 957, 956, 955]
[999, 974]
[999, 978, 977]
[999, 972]
[999, 964, 963]
[999, 952, 949]
[999, 973, 972]
[999, 982, 979]
[999, 896, 887, 886]
[999, 971]
[999, 975, 972]
[999, 941, 940]
[999, 936, 931]
[999, 955, 951]
[999, 969]
[999, 900, 893]
[999, 931, 925]
[999, 930, 926]
[999, 978, 977]
[999, 982]
[999, 986, 984]
[999, 965, 963]
[999, 967, 966]
[999, 987]
[999, 945, 942]
[999, 966, 963]
[999, 964]
[999, 967]
[999, 983, 982]
[999, 974]
[999, 933, 927, 925]
[999, 990]
[999, 970, 968]
[999, 966, 965]
[999, 974, 971]
[999, 940, 938]
[999, 959, 955]
[999, 941, 939, 938]
[999, 957, 956]
[999, 975, 973]
[999, 956, 952]
[999, 962, 961]
[999, 967, 966]
[999, 968, 967]
[999, 976]
[999, 972, 971]
[999, 969, 968]
[999, 968]
[999, 976, 974]
[999, 978]
[999, 945, 941]
[999, 961, 959]
[999, 911, 907, 906]
[999, 951]
[999, 952, 945]
[999, 961, 959, 958]
[999, 973, 970]
[999, 972]
[999, 970, 969, 968]
[999, 904, 901]
[999, 869, 855, 854, 853]
[999, 957, 956]
[999, 974, 971]
[999, 950, 949]
[999, 946, 945]
[999, 967, 964, 963]
[999, 968, 967]
[999, 975]
[999, 975]
[999, 967]
[999, 963, 961]
[999, 955, 953]
[999, 974, 972]
[999, 913, 905]
[999, 971]
[999, 946, 945]
[999, 975, 972]
[999, 955, 953]
[999, 893, 889, 888]
[999, 967, 966]
[999, 960, 957, 956]
[999, 966, 963]
[999, 993]
[999, 963, 962]
[999, 956, 955]
[999, 951, 949, 948]
[999, 954, 949]
[999, 971, 970]
[999, 954, 953]
[999, 952]
[999, 975]
[999, 971]
[999, 949, 946]
[999, 964, 961]
[999, 986]
[999, 953, 952]
[999, 976, 975]
[999, 969, 968]
[999, 953, 951]
[999, 980]
[999, 974]
[999, 980]
[999, 949, 946]
[999, 972, 971]
[999, 969, 966]
[999, 949, 948]
[999, 970, 969]
[999, 980, 979]
[999, 961]
[999, 971, 968]
[999, 935, 934, 933]
[999, 973]
[999, 950]
[999, 981, 979]
[999, 969, 967]
[999, 968]
[999, 981, 979, 978]
[999, 971, 970]
[999, 973]
[999, 964, 963]
[999, 992]
[999, 980]
[999, 983]
[999, 928, 922, 921]
[999, 929, 927, 926]
[999, 944, 941]
[999, 982, 980]
[999, 954, 950]
[999, 969]
[999, 964, 961]
[999, 945]
[999, 965, 963, 962]
[999, 978, 977]
[999, 949, 946, 945]
[999, 980, 977]
[999, 973]
[999, 957, 954]
[999, 966, 965]
[999, 968, 967]
[999, 994]
[999, 976, 975]
[999, 977]
[999, 982]
[999, 951]
[999, 975, 970]
[999, 976]
[999, 962]
[999, 971]
[999, 930, 926]
[999, 979]
[999, 958, 957]
[999, 984]
[999, 982]
[999, 955, 952, 951]
[999, 989]
[999, 965, 964, 963]
[999, 976, 973]
[999, 920, 916]
[999, 983, 981]
[999, 945, 942]
[999, 959]
[999, 975, 974, 973]
[999, 960, 959]
[999, 975, 974]
[999, 975]
[999, 963, 961]
[999, 973, 971]
[999, 965]
[999, 989]
[999, 983, 980]
[999, 984]
[999, 973, 970]
[999, 925, 917]
[999, 981]
[999, 988]
[999, 965, 964]
[999, 955, 950]
[999, 988]
[999, 980, 978]
[999, 972]
[999, 949]
[999, 949, 948]
[999, 961]
[999, 977, 976]
[999, 942, 935]
[999, 987]
[999, 969, 968]
[999, 958]
[999, 968, 964, 963]
[999, 973, 971]
[999, 961]
[999, 949, 947]
[999, 929, 923]
[999, 973, 971]
[999, 975]
[999, 969, 968]
[999, 948, 939]
[999, 955, 951, 949]
[999, 954, 952, 951]
[999, 984, 983]
[999, 975]
[999, 961, 960]
[999, 948, 942]
[999, 968, 966]
[999, 964, 963, 961]
[999, 972]
[999, 990]
[999, 976]
[999, 980]
[999, 968, 966]
[999, 968, 967]
[999, 941, 938]
[999, 934, 933]
[999, 978]
[999, 963, 961]
[999, 986]
[999, 981]
[999, 981]
[999, 963, 961]
[999, 973, 972]
[999, 974, 970, 969]
[999, 968, 967]
[999, 972]
[999, 966, 965]
[999, 971, 970]
[999, 931, 929]
[999, 966, 964, 963]
[999, 959, 958]
[999, 975]
[999, 961]
[999, 926, 925, 924]
[999, 979, 977]
[999, 975]
[999, 935, 923, 922]
[999, 949, 945, 943]
[999, 970, 968]
[999, 952]
[999, 981]
[999, 955, 953]
[999, 960, 958]
[999, 979]
[999, 984, 982]
[999, 985]
[999, 980, 977]
[999, 977]
[999, 974, 973]
[999, 964, 963]
[999, 974, 973]
[999, 960]
[999, 942, 939]
[999, 947, 944]
[999, 955]
[999, 960]
[999, 953]
[999, 978]
[999, 978, 976]
[999, 967, 965]
[999, 985]
[999, 969, 968]
[999, 964]
[999, 982, 979]
[999, 959, 958]
[999, 979]
[999, 961, 958]
[999, 984]
[999, 980, 979, 978]
[999, 973]
[999, 977, 976]
[999, 965]
[999, 971, 967]
[999, 947, 946]
[999, 937, 936]
[999, 953, 951]
[999, 979, 977]
[999, 952, 948]
[999, 969, 968]
[999, 981, 980]
[999, 983]
[999, 980]
[999, 952, 945]
[999, 969]
[999, 971]
[999, 977, 974]
[999, 963]
[999, 959]
[999, 981]
[999, 961]
[999, 958, 957]
[999, 968, 967, 966]
[999, 956, 955]
[999, 952, 951]
[999, 975, 974]
[999, 965, 964, 963]
[999, 908, 902, 900]
[999, 877, 867, 866]
[999, 987, 986]
[999, 971]
[999, 972, 971]
[999, 983, 981]
[999, 979]
[999, 953, 950]
[999, 943, 939]
[999, 966, 964]
[999, 968, 967]
[999, 971]
[999, 973, 970]
[999, 962, 959]
[999, 986]
[999, 956, 955]
[999, 977, 976]
[999, 982, 981]
[999, 946]
[999, 980, 979]
[999, 934, 933]
[999, 943, 940]
[999, 960]
[999, 977]
[999, 991, 990]
[999, 935, 933]
[999, 983]
[999, 930, 927]
[999, 964, 963]
[999, 967]
[999, 897, 888, 886]
[999, 982, 981]
[999, 972, 969, 968]
[999, 960, 959]
[999, 934, 932]
[999, 974]
[999, 961, 959]
[999, 945, 943]
[999, 974]
[999, 968]
[999, 974, 973]
[999, 975]
[999, 942, 939]
[999, 957, 956]
[999, 970]
[999, 991]
[999, 969, 968]
[999, 979]
[999, 975]
[999, 972, 969]
[999, 971]
[999, 961]
[999, 939, 938]
[999, 898, 893]
[999, 967, 964]
[999, 939, 936]
[999, 984]
[999, 958, 956]
[999, 988]
[999, 994]
[999, 975]
[999, 970, 968, 965]
[999, 990]
[999, 963, 960]
[999, 939, 934]
[999, 957]
[999, 977, 976, 975]
[999, 995]
[999, 985]
[999, 939, 936]
[999, 980, 979]
[999, 908, 901, 900]
[999, 962, 959]
[999, 960, 959]
[999, 943, 942]
[999, 966, 961]
[999, 967, 965, 963]
[999, 935, 934, 933]
[999, 952, 950]
[999, 954, 951]
[999, 970, 966]
[999, 977, 976]
[999, 954, 949]
[999, 979, 977]
[999, 967, 966]
[999, 973, 972]
[999, 956, 955]
[999, 969, 968]
[999, 942, 941, 940]
[999, 949]
[999, 956, 953, 952]
[999, 936, 933]
[999, 966, 964]
[999, 979, 978]
[999, 980, 978]
[999, 967, 965]
[999, 980]
[999, 970, 966]
[999, 964]
[999, 952, 947, 945]
[999, 977]
[999, 991]
[999, 979]
[999, 971]
[999, 981, 978]
[999, 963, 962]
[999, 954]
[999, 979, 978]
[999, 988]
[999, 960]
[999, 953, 952]
[999, 959, 955]
[999, 954, 953]
[999, 949, 947]
[999, 961, 959]
[999, 941, 936]
[999, 969]
[999, 972]
[999, 963, 959]
[999, 943, 942]
[999, 988]
[999, 985, 984]
[999, 973]
[999, 989]
[999, 958, 957]
[999, 957, 953]
[999, 970, 968]
[999, 926, 922, 920]
[999, 955, 952]
[999, 966]
[999, 930, 926, 924]
[999, 977]
[999, 976]
[999, 955, 953]
[999, 970]
[999, 975, 973]
[999, 941, 937]
[999, 975]
[999, 981]
[999, 972]
[999, 970, 969, 968]
[999, 917, 912, 910]
[999, 939, 935, 934, 933]
[999, 955, 951, 950]
[999, 979]
[999, 968, 967]
[999, 985]
[999, 976]
[999, 969, 966, 964]
[999, 981]
[999, 972, 969]
[999, 958, 957]
[999, 973, 972]
[999, 974]
[999, 960]
[999, 965, 963]
[999, 958, 955]
[999, 962]
[999, 936, 935]
[999, 974]
[999, 929, 926]
[999, 961, 960, 959]
[999, 989]
[999, 977, 976]
[999, 963]
[999, 945]
[999, 963, 962, 961]
[999, 987]
[999, 978]
[999, 955, 954]
[999, 989]
[999, 972, 971]
[999, 988]
[999, 960, 953]
[999, 919, 915, 914]
[999, 980]
[999, 989]
[999, 953, 950]
[999, 942, 941]
[999, 949, 947]
[999, 964]
[999, 953, 952]
[999, 965, 964]
[999, 972, 969]
[999, 967]
[999, 986, 985]
[999, 966, 964]
[999, 976, 975]
[999, 971, 970]
[999, 989, 988]
[999, 987, 986]
[999, 981]
[999, 953]
[999, 979, 975]
[999, 953]
[999, 955, 953]
[999, 972]
[999, 927, 922, 920]
[999, 981, 979]
[999, 965]
[999, 920, 913, 912]
[999, 973, 972]
[999, 974]
[999, 955, 951]
[999, 969, 968]
[999, 949, 945]
[999, 968, 966]
[999, 973]
[999, 960, 959]
[999, 980, 979]
[999, 974]
[999, 967, 963]
[999, 987]
[999, 958, 956, 955]
[999, 970, 969]
[999, 962, 960]
[999, 989, 988]
[999, 949, 946]
[999, 967, 962]
[999, 965, 964]
[999, 966, 965]
[999, 979, 977]
[999, 961, 959]
[999, 961, 958, 957]
[999, 974]
[999, 952, 949]
[999, 952, 948]
[999, 983]
[999, 990]
[999, 978, 977, 976]
[999, 911, 908]
[999, 929, 921, 920]
[999, 942, 935, 934]
[999, 926, 914, 913]
[999, 957]
[999, 967, 966]
[999, 953, 950]
[999, 982, 981, 980]
[999, 936, 927, 926]
[999, 986]
[999, 966, 962]
[999, 962]
[999, 932, 930]
[999, 949, 948]
[999, 913, 905]
[999, 967, 965]
[999, 966, 962]
[999, 880, 868, 867]
[999, 973]
[999, 980, 978]
[999, 964]
[999, 958, 955]
[999, 958, 957]
[999, 979, 975]
[999, 945, 944]
[999, 926, 921]
[999, 969, 968]
[999, 962, 960]
[999, 962, 961]
[999, 970, 969]
[999, 969, 968]
[999, 976]
[999, 964, 963]
[999, 970, 969]
[999, 970, 968]
[999, 966, 965]
[999, 953]
[999, 970]
[999, 931, 925]
[999, 976]
[999, 958, 957, 956]
[999, 913]
[999, 966]
[999, 963, 961]
[999, 971, 970]
[999, 969]
[999, 953, 950, 949]
[999, 973, 971]
[999, 966]
[999, 949, 948]
[999, 955, 952]
[999, 964]
[999, 970]
[999, 957]
[999, 986, 985, 984]
[999, 950]
[999, 983]
[999, 950, 946]
[999, 975, 974]
[999, 984, 982, 981]
[999, 945, 944]
[999, 971]
[999, 944, 940, 939]
[999, 946, 944]
[999, 995]
[999, 978, 975, 974]
[999, 976]
[999, 979, 978]
[999, 972, 971]
[999, 977]
[999, 962, 961]
[999, 942]
[999, 963, 962]
[999, 992]
[999, 972, 970]
[999, 963]
[999, 954, 951]
[999, 979]
[999, 914, 909]
[999, 964, 963, 962]
[999, 948, 947]
[999, 956, 954]
[999, 970, 968]
[999, 977]
[999, 979, 978]
[999, 958, 954]
[999, 957, 956]
[999, 856, 823, 818, 817]
[999, 973]
[999, 968, 967]
[999, 935, 929, 928]
[999, 968]
[999, 863, 843, 841]
[999, 944, 940]
[999, 977]
[999, 966, 965]
[999, 982]
[999, 983]
[999, 938, 933]
[999, 966, 964]
[999, 972, 971]
[999, 947, 946]
[999, 961]
[999, 986]
[999, 961, 960]
[999, 969, 968]
[999, 989, 988]
[999, 960, 959]
[999, 933, 931, 930]
[999, 951, 946]
[999, 989]
[999, 970, 968]
[999, 963, 960]
[999, 977, 976]
[999, 982, 979]
[999, 986]
[999, 967, 966]
[999, 965, 964, 963]
[999, 942, 937]
[999, 972, 970]
[999, 956, 954]
[999, 970, 968]
