[999, 944, 942]
[999, 932, 929]
[999, 949, 944]
[999, 961, 958, 957]
[999, 929, 923]
[999, 961, 959, 958]
[999, 970, 967]
[999, 949, 942, 941]
[999, 931, 928]
[999, 937, 933]
[999, 924, 913, 912]
[999, 903, 888, 886]
[999, 937, 926]
[999, 969, 968]
[999, 963, 961]
[999, 948, 944]
[999, 965, 963]
[999, 955, 953]
[999, 940, 929]
[999, 967, 966, 965]
[999, 959, 956]
[999, 925]
[999, 925, 910, 908]
[999, 948, 943]
[999, 936, 929, 928]
[999, 899, 894]
[999, 949, 947, 946]
[999, 967, 965]
[999, 963, 962]
[999, 922, 915]
[999, 953]
[999, 921, 911, 907]
[999, 953, 949]
[999, 956, 954]
[999, 948, 942]
[999, 960, 955]
[999, 911, 901]
[999, 944, 942]
[999, 860, 759, 729, 726]
[999, 925, 914, 912]
[999, 894, 881, 880]
[999, 886, 855, 851, 849]
[999, 970, 969]
[999, 951, 945, 944]
[999, 965, 961, 960]
[999, 954, 951]
[999, 941, 940]
[999, 953, 950]
[999, 933, 928, 927]
[999, 949, 947]
[999, 945, 941]
[999, 966, 965, 964]
[999, 943, 937]
[999, 917, 910, 908]
[999, 937, 936]
[999, 901, 887]
[999, 942, 941]
[999, 943, 942]
[999, 959]
[999, 971, 970]
[999, 952, 949]
[999, 901, 893]
[999, 950, 948]
[999, 933, 926, 925]
[999, 938, 936]
[999, 961]
[999, 901, 891, 890]
[999, 967, 961]
[999, 900, 886, 885]
[999, 962, 956]
[999, 980]
[999, 899, 892]
[999, 967, 964, 963]
[999, 910, 900, 898]
[999, 926, 918]
[999, 939, 937]
[999, 907, 897, 896]
[999, 881, 854, 851]
[999, 968]
[999, 973, 969]
[999, 902, 881, 880]
[999, 866, 829]
[999, 929, 921]
[999, 956, 955]
[999, 927, 924, 923]
[999, 853, 788, 786]
[999, 963, 959]
[999, 947, 938, 937]
[999, 941, 938]
[999, 940, 938]
[999, 964, 962]
[999, 972]
[999, 953, 949]
[999, 945, 942]
[999, 959, 955, 954]
[999, 949, 947]
[999, 953]
[999, 963, 959]
[999, 975, 973, 972]
[999, 943, 941]
[999, 895, 879, 878]
[999, 924, 916]
[999, 935, 934]
[999, 903, 893, 889]
[999, 957, 952]
[999, 976, 975, 974]
[999, 925, 917]
[999, 973, 972]
[999, 940, 934, 932]
[999, 937, 936]
[999, 888, 869, 864, 863]
[999, 957, 954, 953]
[999, 888, 846, 842]
[999, 968]
[999, 939, 938]
[999, 930, 923]
[999, 959, 958]
[999, 952, 948]
[999, 962, 958]
[999, 964, 960, 958]
[999, 919, 913, 912, 911]
[999, 905, 894]
[999, 950, 948]
[999, 937, 935]
[999, 960, 958]
[999, 876, 826, 816]
[999, 919, 908]
[999, 952, 949, 948]
[999, 946, 941]
[999, 954, 950, 949]
[999, 948, 945, 944]
[999, 968]
[999, 902, 891]
[999, 931, 925]
[999, 960, 955]
[999, 929, 925]
[999, 917, 912, 911]
[999, 930, 929, 928]
[999, 961]
[999, 938, 931, 930]
[999, 971, 970]
[999, 875, 840, 838]
[999, 961, 958]
[999, 915, 888, 886]
[999, 949, 948, 947]
[999, 955, 952, 951]
[999, 989, 986]
[999, 957]
[999, 958]
[999, 920, 910, 909]
[999, 951, 949]
[999, 971]
[999, 974, 973]
[999, 903, 892]
[999, 925, 919]
[999, 910, 892, 889, 888]
[999, 903, 895, 894]
[999, 970, 967]
[999, 877, 850, 846]
[999, 957, 956, 955]
[999, 969, 967]
[999, 940, 935, 934]
[999, 870, 791, 775, 773]
[999, 964, 963]
[999, 941, 938, 937]
[999, 968, 967]
[999, 957, 953, 952]
[999, 943, 941]
[999, 921, 909, 905]
[999, 900, 884, 877, 875]
[999, 951, 948]
[999, 953]
[999, 947]
[999, 958, 957]
[999, 972, 965]
[999, 965, 963]
[999, 886, 844, 842]
[999, 971]
[999, 893, 866, 863]
[999, 949, 947]
[999, 934, 933]
[999, 963, 961]
[999, 907, 897]
[999, 952, 948]
[999, 900, 892]
[999, 969, 968]
[999, 925, 920]
[999, 928, 914]
[999, 952, 946]
[999, 953, 950]
[999, 946, 940]
[999, 949, 946]
[999, 910, 905]
[999, 957, 954]
[999, 977]
[999, 959, 956]
[999, 890, 877]
[999, 822, 580, 405, 215, 177, 174]
[999, 965]
[999, 939, 933, 932]
[999, 949, 947]
[999, 919, 910, 908]
[999, 935, 930]
[999, 935, 931]
[999, 945, 936, 935]
[999, 972, 971]
[999, 940, 936]
[999, 937, 932]
[999, 927, 919]
[999, 954]
[999, 962, 961]
[999, 927, 924]
[999, 942, 940]
[999, 908, 901]
[999, 939, 935]
[999, 885, 866]
[999, 951, 949, 947]
[999, 934, 933]
[999, 907, 898]
[999, 964, 960, 959]
[999, 951, 946, 945]
[999, 936, 933, 931]
[999, 948, 942]
[999, 954, 950, 948, 947]
[999, 980]
[999, 943, 936]
[999, 961]
[999, 924, 921]
[999, 966, 962, 961]
[999, 917, 911, 910]
[999, 898, 881, 880]
[999, 962, 960]
[999, 924, 921]
[999, 916, 908, 907, 906]
[999, 970, 968, 967]
[999, 975, 973]
[999, 958, 955]
[999, 973]
[999, 963, 962]
[999, 951]
[999, 964, 961]
[999, 954, 952]
[999, 807, 566, 382, 216, 174, 169, 168]
[999, 946, 942, 941, 940]
[999, 931, 930]
[999, 971, 969, 968]
[999, 978]
[999, 955, 953]
[999, 945]
[999, 962, 959]
[999, 927, 913, 912]
[999, 932, 928]
[999, 960, 958]
[999, 968, 967, 966]
[999, 938, 932]
[999, 950]
[999, 960, 957]
[999, 952, 947]
[999, 952, 950, 949]
[999, 894, 885, 884]
[999, 961, 959]
[999, 968, 965]
[999, 929, 920, 918]
[999, 958, 957]
[999, 939, 935]
[999, 968]
[999, 949, 947, 946]
[999, 909, 901]
[999, 914, 907]
[999, 969, 964]
[999, 893, 867]
[999, 948, 943]
[999, 967, 966]
[999, 969]
[999, 949, 945]
[999, 966, 964]
[999, 970, 965]
[999, 948, 943]
[999, 973]
[999, 925, 924]
[999, 921, 915]
[999, 955, 954]
[999, 904, 898, 897, 896]
[999, 950, 949]
[999, 965]
[999, 900, 880, 878]
[999, 972, 971]
[999, 891, 879, 870]
[999, 952, 941]
[999, 912, 896, 895]
[999, 945, 940]
[999, 947, 940]
[999, 936, 929]
[999, 959]
[999, 821, 610, 422, 260, 205, 202]
[999, 964, 961, 960]
[999, 854, 795, 789]
[999, 965, 962]
[999, 892, 864, 859]
[999, 958, 957, 956]
[999, 953, 948]
[999, 972, 971]
[999, 959, 958]
[999, 970, 967, 965]
[999, 911, 905, 903]
[999, 926, 925, 923]
[999, 969, 968]
[999, 974]
[999, 967, 964]
[999, 945, 943]
[999, 956, 954]
[999, 971, 970, 969]
[999, 942, 929]
[999, 958, 957]
[999, 875, 837, 830, 828]
[999, 947, 940]
[999, 950, 949]
[999, 951, 946]
[999, 907, 891]
[999, 953, 951]
[999, 915, 898, 893]
[999, 936, 934]
[999, 969, 965, 964]
[999, 947]
[999, 962, 958]
[999, 917, 910, 909]
[999, 885, 858, 853]
[999, 933, 929]
[999, 960, 959]
[999, 956]
[999, 935]
[999, 949, 947, 945]
[999, 894, 871, 870]
[999, 954]
[999, 962, 958, 957]
[999, 963, 962]
[999, 942, 931]
[999, 923, 917]
[999, 890, 864, 861]
[999, 954, 953]
[999, 939, 933]
[999, 962, 961]
[999, 945, 939]
[999, 965]
[999, 965, 964]
[999, 950, 946]
[999, 948, 945]
[999, 951, 948]
[999, 895, 862, 857]
[999, 955, 954]
[999, 946, 945]
[999, 934, 927, 925]
[999, 939]
[999, 915, 903]
[999, 967]
[999, 950, 948]
[999, 952]
[999, 952, 947]
[999, 893, 866, 861, 858]
[999, 959]
[999, 958]
[999, 930, 919]
[999, 915, 904, 902]
[999, 980]
[999, 946, 945]
[999, 960, 955, 954]
[999, 957]
[999, 938, 935]
[999, 956]
[999, 968, 967]
[999, 908, 902]
[999, 969, 968, 967]
[999, 940, 937]
[999, 950, 940]
[999, 969]
[999, 946, 937]
[999, 905, 896]
[999, 924, 913, 912]
[999, 929, 916, 912]
[999, 942, 938]
[999, 939, 931, 930]
[999, 876, 858, 857]
[999, 955, 954]
[999, 942, 939, 938, 937]
[999, 945, 943]
[999, 963, 962]
[999, 880, 851, 848]
[999, 929, 922]
[999, 968, 965]
[999, 854, 761, 740, 735, 732]
[999, 926, 920]
[999, 971]
[999, 921, 914]
[999, 944]
[999, 941]
[999, 945, 942]
[999, 960, 959]
[999, 938, 935]
[999, 966]
[999, 931, 920, 919]
[999, 961, 958]
[999, 962, 960]
[999, 932, 927]
[999, 950, 942]
[999, 958]
[999, 861, 814, 813]
[999, 959, 957]
[999, 913, 907]
[999, 952, 949]
[999, 981]
[999, 956]
[999, 937, 925, 924]
[999, 967, 966]
[999, 941, 938]
[999, 934, 929]
[999, 955]
[999, 937, 926, 925]
[999, 953, 951]
[999, 952, 948, 947]
[999, 954, 951]
[999, 953, 944]
[999, 953, 950]
[999, 932, 923, 922]
[999, 964]
[999, 933, 928, 927]
[999, 965, 962]
[999, 967]
[999, 986, 984]
[999, 907, 897]
[999, 960, 958]
[999, 966, 964]
[999, 878, 853]
[999, 963]
[999, 923, 914]
[999, 948]
[999, 968, 967]
[999, 927, 919, 917]
[999, 947, 943]
[999, 961, 960]
[999, 941, 936]
[999, 844, 723, 662, 641, 640, 639]
[999, 938, 933, 932]
[999, 947, 944]
[999, 946, 932]
[999, 957, 954]
[999, 902, 894]
[999, 956, 952]
[999, 952, 949, 948]
[999, 950, 945]
[999, 948, 946, 945]
[999, 891, 876]
[999, 875, 856, 855]
[999, 946, 940, 938]
[999, 943, 939, 938]
[999, 944, 941]
[999, 940, 937]
[999, 954, 946]
[999, 953, 950, 949]
[999, 971, 969]
[999, 949, 948]
[999, 955, 953]
[999, 965]
[999, 947, 939]
[999, 956, 954]
[999, 954, 951]
[999, 972, 969]
[999, 941, 939]
[999, 922, 917, 915]
[999, 954, 952, 948]
[999, 957, 953]
[999, 968, 966]
[999, 935]
[999, 766, 487, 335, 216, 199, 198]
[999, 972, 971]
[999, 944, 939, 938]
[999, 969, 968]
[999, 925, 919, 918]
[999, 963, 959]
[999, 957, 956, 955]
[999, 889, 869]
[999, 859, 805, 801, 799]
[999, 961, 959]
[999, 954, 953]
[999, 901, 896]
[999, 956, 952]
[999, 949, 947]
[999, 977]
[999, 971, 970]
[999, 952, 947]
[999, 914, 909]
[999, 929, 922]
[999, 946, 944]
[999, 915, 910]
[999, 972, 970]
[999, 936, 929]
[999, 963]
[999, 947]
[999, 958, 956]
[999, 951, 945]
[999, 957, 954]
[999, 910, 906]
[999, 902, 883, 882]
[999, 943, 937]
[999, 948, 944]
[999, 972]
[999, 951, 950]
[999, 928, 920]
[999, 952, 950]
[999, 946, 940, 939]
[999, 908, 904, 903]
[999, 930, 927]
[999, 964, 963]
[999, 934, 933]
[999, 906, 900, 899]
[999, 910, 904]
[999, 953, 952]
[999, 971, 970]
[999, 966, 964]
[999, 953, 947, 946]
[999, 943, 934, 932]
[999, 952, 944, 943]
[999, 957, 955]
[999, 910, 898, 894, 893]
[999, 931, 929]
[999, 973]
[999, 949, 938, 937]
[999, 962, 961]
[999, 964]
[999, 947, 945]
[999, 888, 869, 868]
[999, 925, 916, 908]
[999, 949, 947]
[999, 947, 943, 942]
[999, 972, 968]
[999, 864, 840]
[999, 930, 926]
[999, 973, 972]
[999, 950, 947]
[999, 953, 947]
[999, 949, 947]
[999, 955, 953]
[999, 934]
[999, 903, 887]
[999, 942, 934]
[999, 902, 876]
[999, 943, 938]
[999, 916, 911]
[999, 957, 955]
[999, 976, 974]
[999, 917, 902, 901]
[999, 952, 951]
[999, 935, 927, 925, 924]
[999, 902, 874, 871, 870]
[999, 929, 926, 925]
[999, 959]
[999, 951]
[999, 969, 968]
[999, 896, 835, 825, 824]
[999, 944, 939]
[999, 961, 959]
[999, 974, 971]
[999, 964, 959, 958]
[999, 939, 935]
[999, 870, 840, 839]
[999, 966, 965]
[999, 874, 847, 845, 844]
[999, 951, 950]
[999, 973, 970]
[999, 903, 893, 891]
[999, 944, 943, 942]
[999, 979, 978]
[999, 949, 947]
[999, 952, 951]
[999, 927, 918, 916]
[999, 956, 946]
[999, 961, 958, 953]
[999, 953, 951, 950]
[999, 936, 932]
[999, 970, 967]
[999, 923, 920]
[999, 958, 957]
[999, 958]
[999, 955, 954]
[999, 962]
[999, 919, 917]
[999, 928, 926]
[999, 942, 939]
[999, 963, 960]
[999, 925, 922, 921]
[999, 928, 927]
[999, 910, 903]
[999, 938, 933]
[999, 916, 909]
[999, 957, 956]
[999, 967, 961, 960]
[999, 954, 951]
[999, 944, 942]
[999, 925, 917, 915]
[999, 966]
[999, 920, 915]
[999, 932, 930, 929]
[999, 950, 949]
[999, 931, 930, 929]
[999, 986]
[999, 941, 938]
[999, 956, 955]
[999, 934, 932, 929]
[999, 965, 964]
[999, 955, 952]
[999, 946, 945]
[999, 933, 925, 923]
[999, 952, 945]
[999, 970]
[999, 929, 925]
[999, 959, 957]
[999, 972]
[999, 916, 907]
[999, 916, 909, 908]
[999, 922, 914, 913]
[999, 947, 943]
[999, 980]
[999, 946]
[999, 950, 947, 946]
[999, 902, 888, 885]
[999, 969, 966]
[999, 873, 845, 841]
[999, 957, 953]
[999, 949]
[999, 925, 921]
[999, 895, 868, 865]
[999, 968, 966]
[999, 968, 965]
[999, 952, 951]
[999, 936, 934]
[999, 929, 924, 922]
[999, 930, 927, 926]
[999, 965]
[999, 933, 928]
[999, 909, 899, 898]
[999, 973]
[999, 966, 965]
[999, 942, 937]
[999, 863, 805, 798, 797, 796]
[999, 906, 904]
[999, 951, 947]
[999, 979, 978]
[999, 799, 588, 416, 262, 209, 186, 179]
[999, 954, 953]
[999, 938]
[999, 924, 919]
[999, 972, 971]
[999, 938, 933]
[999, 958, 957]
[999, 975, 974]
[999, 930, 917, 915]
[999, 941, 940, 938]
[999, 922, 914]
[999, 957, 953]
[999, 969, 967, 966]
[999, 897, 886]
[999, 921, 918]
[999, 912, 904]
[999, 877, 828, 819]
[999, 937, 936]
[999, 943, 940]
[999, 939, 934]
[999, 936, 935]
[999, 959, 957]
[999, 975]
[999, 942, 939]
[999, 943, 934]
[999, 869, 808, 794, 793]
[999, 950, 949]
[999, 946, 941]
[999, 964, 961, 960]
[999, 941, 936]
[999, 958, 951, 950]
[999, 940, 936, 935]
[999, 931, 925]
[999, 959, 958]
[999, 958]
[999, 920, 914]
[999, 936, 935]
[999, 982, 981]
[999, 890, 869, 867]
[999, 956, 953]
[999, 929, 918, 917]
[999, 933, 922, 918]
[999, 949]
[999, 950, 949]
[999, 961, 960, 959]
[999, 938, 936]
[999, 837, 602, 419, 258, 213, 200, 198]
[999, 955, 954]
[999, 947, 941]
[999, 972, 971]
[999, 967, 964]
[999, 948]
[999, 935, 926]
[999, 977, 976, 975]
[999, 971, 970]
[999, 911, 898]
[999, 942, 941]
[999, 967, 966]
[999, 936, 934]
[999, 956, 955]
[999, 951, 949]
[999, 903, 887, 884]
[999, 929, 915]
[999, 909, 898, 897]
[999, 945, 944]
[999, 872, 840, 836, 835]
[999, 948, 939]
[999, 896, 873, 870]
[999, 953, 952]
[999, 910, 893, 890]
[999, 951, 949]
[999, 962]
[999, 968]
[999, 897, 888]
[999, 962]
[999, 950, 944]
[999, 956, 953]
[999, 932]
[999, 971, 968]
[999, 933, 927, 926]
[999, 972, 968]
[999, 958, 956]
[999, 977, 976]
[999, 941, 938]
[999, 961]
[999, 922, 913]
[999, 962, 961]
[999, 948, 947]
[999, 933, 930, 929]
[999, 908, 894, 891]
[999, 929, 921, 920]
[999, 919, 912]
[999, 846, 723, 631, 589, 586]
[999, 856, 813, 805, 804]
[999, 974, 972, 970]
[999, 913, 906]
[999, 954, 951]
[999, 922, 919]
[999, 957, 956]
[999, 932, 912, 911]
[999, 908, 899]
[999, 947, 941]
[999, 962, 959]
[999, 973, 972]
[999, 937, 929]
[999, 948, 947]
[999, 867, 793, 782, 780]
[999, 929, 926]
[999, 967, 961]
[999, 877, 832, 831]
[999, 964]
[999, 956, 955, 954]
[999, 961, 953]
[999, 930, 929]
[999, 934, 930]
[999, 934, 927]
[999, 966, 964]
[999, 870, 820, 817]
[999, 929, 924]
[999, 945, 944, 943]
[999, 943, 938, 936]
[999, 952, 947]
[999, 823, 638, 448, 291, 216, 196, 192]
[999, 938, 933]
[999, 920, 916, 912]
[999, 899, 887, 886]
[999, 968, 965]
[999, 903, 886, 883]
[999, 869, 830, 825, 824]
[999, 938, 937, 936]
[999, 919, 902, 900, 899]
[999, 949, 948]
[999, 939, 934, 933]
[999, 958, 957]
[999, 955, 953]
[999, 938, 936]
[999, 912, 906]
[999, 886, 873, 869]
[999, 962, 961]
[999, 960, 959]
[999, 951, 949]
[999, 902, 886]
[999, 940, 935, 934]
[999, 940, 938]
[999, 915, 907]
[999, 958, 957, 956]
[999, 964, 962]
[999, 869, 831, 822]
[999, 946, 944]
[999, 977]
[999, 945, 942]
[999, 967, 965]
[999, 936, 935]
[999, 964, 963]
[999, 964, 963]
[999, 921, 908, 907]
[999, 901, 894]
[999, 920, 916]
[999, 873, 851]
[999, 946, 944]
[999, 914, 908, 907]
[999, 950, 947, 946]
[999, 963, 961]
[999, 917, 910]
[999, 947, 946]
[999, 969]
[999, 948, 943, 942]
[999, 952]
[999, 962, 956, 954]
[999, 950, 949, 948]
[999, 944, 941]
[999, 900, 888, 887]
[999, 878, 834, 829, 826]
[999, 951, 950]
[999, 936, 930]
[999, 919, 905]
[999, 967, 965]
[999, 971]
[999, 960]
[999, 967, 964]
[999, 980]
[999, 967]
[999, 946, 944]
[999, 945, 942, 941]
[999, 971, 970]
[999, 954, 941, 938, 937]
[999, 944, 943]
[999, 914, 905]
[999, 971]
[999, 910, 890, 889]
[999, 936, 923, 921]
[999, 918, 915, 914]
[999, 971, 969]
[999, 945, 940, 938, 936]
[999, 924, 913]
[999, 936, 935]
[999, 968]
[999, 939, 936]
[999, 944, 940, 939, 937]
[999, 904, 901]
[999, 961, 960]
[999, 959]
[999, 941, 930, 929]
[999, 924, 914, 913]
[999, 948, 945]
[999, 961, 959]
[999, 927, 922, 920]
[999, 859, 776, 766, 764]
[999, 960, 959]
[999, 937, 932, 931]
[999, 910, 902, 898]
[999, 912, 904, 903]
[999, 951]
[999, 975, 973, 972, 971]
[999, 946, 945]
[999, 933, 928]
[999, 971, 970]
[999, 966, 964]
[999, 940, 937]
[999, 914, 911]
[999, 945, 943]
[999, 945]
[999, 895, 876, 875]
[999, 959, 957]
[999, 930, 924, 923]
[999, 936, 920]
[999, 902, 885, 882]
[999, 960, 958]
[999, 945, 941]
[999, 958]
[999, 972]
[999, 904, 888, 881, 880]
[999, 944, 943]
[999, 969, 967, 966]
[999, 864, 803, 799, 798]
[999, 950, 946]
[999, 897, 879, 878, 877, 876]
[999, 945, 939, 936]
[999, 965, 963]
[999, 932, 927]
[999, 923, 920, 918]
[999, 971, 969]
[999, 859, 796, 784, 782, 779]
[999, 951, 950]
[999, 960, 958]
[999, 922, 917, 916]
[999, 957, 955]
[999, 971]
[999, 962, 958]
[999, 961, 957, 955]
[999, 919, 914]
[999, 945, 944]
[999, 973, 972]
[999, 960, 957]
[999, 950, 937]
[999, 834, 626, 457, 308, 225, 194, 181, 180]
[999, 973, 972]
[999, 972, 969]
[999, 947, 945]
[999, 926, 921]
[999, 929, 919]
[999, 935, 933]
[999, 951, 948]
[999, 920, 917]
[999, 920, 904, 900]
[999, 952, 950]
[999, 953, 949]
[999, 951, 947]
[999, 965, 963, 962]
[999, 948, 942]
[999, 955, 951]
[999, 947, 945]
[999, 945]
[999, 977, 976]
[999, 943, 942]
[999, 970, 966, 965]
[999, 967, 964]
[999, 919, 905, 903]
[999, 881, 842, 836]
[999, 965, 964]
[999, 979, 978]
[999, 952, 948]
[999, 949, 947]
[999, 924, 919]
[999, 945, 936, 935]
[999, 899, 885, 884]
[999, 929, 926]
[999, 959, 954, 953]
[999, 949, 943]
[999, 925, 914, 913]
[999, 939, 934]
[999, 967, 965]
[999, 959, 956]
[999, 937, 930, 929]
[999, 963, 961]
[999, 957, 955, 954]
[999, 947, 946]
[999, 941, 936]
[999, 947, 942]
[999, 960, 955]
[999, 962, 959]
[999, 938, 932, 931]
[999, 977]
[999, 945, 940]
[999, 926, 920, 919]
[999, 933, 927]
[999, 951, 950]
[999, 925, 913, 910]
[999, 966, 961]
[999, 849, 729, 689, 678, 676, 674]
[999, 966, 962]
[999, 958]
[999, 971]
[999, 966, 964]
[999, 933, 926, 924]
[999, 974, 973]
[999, 920, 916]
[999, 949, 946, 945]
[999, 916, 899, 898]
[999, 930, 925, 924]
[999, 873, 850, 847]
[999, 921, 906]
[999, 964, 963]
[999, 937, 934]
[999, 954, 953]
[999, 919, 904]
[999, 956, 954]
[999, 953, 952]
[999, 931, 922, 919]
[999, 950, 948]
[999, 954, 953]
[999, 964, 962]
[999, 940, 935]
[999, 933]
[999, 961, 959]
[999, 965]
[999, 956, 955]
[999, 959, 957]
[999, 958, 956]
[999, 947, 941]
[999, 925, 909, 908]
[999, 921, 908, 904, 902]
[999, 926, 923]
[999, 958]
[999, 942, 937, 935]
[999, 885, 870]
[999, 911, 904]
[999, 936, 930]
[999, 922, 913, 911]
[999, 923, 910, 909]
[999, 949, 944, 943]
[999, 973]
[999, 949, 946]
[999, 916, 910]
