[999, 518, 169, 166]
[999, 724, 239, 178, 177]
[999, 372, 141]
[999, 219, 133, 128]
[999, 345, 131, 130]
[999, 421, 113]
[999, 366, 109, 108]
[999, 545, 137, 136]
[999, 405, 122]
[999, 332, 113, 112]
[999, 571, 189, 159, 156]
[999, 550, 153, 151]
[999, 691, 207, 177, 175]
[999, 455, 119]
[999, 414, 130]
[999, 454, 126]
[999, 601, 178, 177]
[999, 542, 164, 163]
[999, 433, 152, 151]
[999, 558, 154, 153]
[999, 443, 143]
[999, 537, 162]
[999, 304, 113]
[999, 404, 130]
[999, 528, 162, 151, 150]
[999, 490, 164, 137, 136]
[999, 624, 179, 172]
[999, 623, 214, 205]
[999, 319, 129]
[999, 643, 198, 172, 166]
[999, 472, 138, 137]
[999, 588, 187, 173, 165, 161]
[999, 553, 184, 170, 167]
[999, 587, 152, 150]
[999, 203, 120, 118]
[999, 632, 202, 156, 154]
[999, 503, 147, 146]
[999, 222, 115]
[999, 532, 147]
[999, 477, 140, 139]
[999, 638, 189, 169, 166]
[999, 414, 162, 154]
[999, 499, 148, 147]
[999, 449, 124]
[999, 651, 225, 172, 164, 163]
[999, 623, 174, 173]
[999, 402, 146]
[999, 627, 197, 166, 163]
[999, 513, 156, 154]
[999, 474, 153, 152]
[999, 446, 104]
[999, 351, 120]
[999, 446, 159]
[999, 537, 149]
[999, 483, 148, 147]
[999, 247, 133, 132]
[999, 277, 127]
[999, 572, 173, 170]
[999, 520, 138]
[999, 650, 197, 162, 161]
[999, 470, 145]
[999, 668, 193, 153]
[999, 700, 212, 148, 145]
[999, 620, 206, 182, 174]
[999, 405, 113]
[999, 631, 173, 165, 162]
[999, 406, 131]
[999, 712, 217, 150]
[999, 351, 126, 125]
[999, 608, 167, 158, 151]
[999, 542, 148]
[999, 393, 118, 116]
[999, 335, 128, 127]
[999, 240, 119, 117]
[999, 584, 170, 144, 142]
[999, 595, 192, 161, 158]
[999, 708, 243, 164, 161]
[999, 659, 226, 177, 175]
[999, 484, 150]
[999, 538, 163, 158]
[999, 657, 205, 150, 149]
[999, 445, 138]
[999, 443, 133, 132]
[999, 547, 148]
[999, 448, 137]
[999, 666, 180, 179]
[999, 465, 148]
[999, 472, 146, 143, 141]
[999, 456, 142]
[999, 463, 133, 130, 129]
[999, 458, 121]
[999, 670, 226, 172, 168]
[999, 495, 146]
[999, 336, 117, 116]
[999, 256, 141, 139]
[999, 548, 162, 150, 146]
[999, 469, 128, 125]
[999, 736, 254, 170, 169]
[999, 740, 278, 166, 165]
[999, 561, 173, 167]
[999, 546, 167, 156, 154]
[999, 655, 196, 186, 172, 166]
[999, 620, 190, 188]
[999, 747, 246, 170, 166]
[999, 439, 128, 127]
[999, 577, 157, 156]
[999, 666, 225, 196, 191]
[999, 485, 168, 161]
[999, 530, 137, 135]
[999, 355, 105]
[999, 738, 216, 186, 175, 168]
[999, 604, 191, 188]
[999, 465, 145]
[999, 394, 129]
[999, 508, 151]
[999, 487, 148]
[999, 554, 165, 157, 148, 144]
[999, 651, 208, 149, 147]
[999, 615, 207, 162, 160]
[999, 713, 242, 169]
[999, 226, 111, 110]
[999, 250, 118]
[999, 480, 156, 149]
[999, 643, 204, 183, 174, 172]
[999, 273, 127]
[999, 383, 118]
[999, 452, 135, 134]
[999, 575, 172, 154, 152]
[999, 577, 155]
[999, 328, 121]
[999, 334, 123]
[999, 359, 125, 124, 123]
[999, 485, 155, 154]
[999, 215, 133, 130]
[999, 641, 186, 166, 164]
[999, 287, 116, 115]
[999, 584, 174, 173]
[999, 329, 130]
[999, 319, 116]
[999, 498, 131, 130]
[999, 560, 160]
[999, 490, 158, 151]
[999, 343, 115]
[999, 542, 176]
[999, 554, 149, 146]
[999, 644, 195, 177, 170]
[999, 325, 125]
[999, 221, 113]
[999, 240, 117, 114]
[999, 729, 271, 176, 173]
[999, 312, 125]
[999, 564, 188]
[999, 686, 252, 171, 169]
[999, 348, 137]
[999, 546, 180, 179]
[999, 564, 169, 150, 147]
[999, 622, 198, 168, 161]
[999, 554, 146, 145]
[999, 476, 133]
[999, 223, 114, 113]
[999, 604, 183, 178]
[999, 656, 203, 181, 174]
[999, 415, 132]
[999, 368, 118, 116]
[999, 545, 171, 162, 156]
[999, 402, 122, 121]
[999, 438, 138]
[999, 309, 122]
[999, 629, 160, 154]
[999, 583, 145, 143]
[999, 534, 168, 166]
[999, 473, 140]
[999, 507, 158, 154]
[999, 377, 140, 139]
[999, 607, 187, 158, 157]
[999, 472, 138]
[999, 492, 166, 160]
[999, 541, 152, 145]
[999, 588, 181, 178]
[999, 588, 173, 162, 157]
[999, 476, 134, 133]
[999, 588, 171, 167]
[999, 298, 116]
[999, 404, 130]
[999, 298, 127]
[999, 506, 152, 149]
[999, 590, 156, 155]
[999, 617, 181, 128, 127]
[999, 227, 122]
[999, 668, 246, 150]
[999, 461, 132]
[999, 642, 204, 167]
[999, 684, 211, 170, 168]
[999, 506, 133]
[999, 568, 151, 145]
[999, 617, 194, 191]
[999, 632, 205, 177, 173]
[999, 429, 146]
[999, 770, 307, 172]
[999, 527, 152, 150]
[999, 320, 136]
[999, 341, 125]
[999, 484, 137, 136]
[999, 681, 244, 158, 154]
[999, 282, 120]
[999, 258, 118, 116]
[999, 493, 139]
[999, 665, 187, 180]
[999, 625, 186]
[999, 425, 143]
[999, 484, 138]
[999, 522, 134]
[999, 420, 145]
[999, 227, 110]
[999, 485, 145, 144]
[999, 409, 105]
[999, 350, 145]
[999, 506, 158, 155]
[999, 264, 138]
[999, 449, 133]
[999, 442, 158, 157]
[999, 352, 107, 106]
[999, 667, 224, 176, 168]
[999, 301, 129, 128]
[999, 679, 228, 149, 146]
[999, 434, 152, 151]
[999, 663, 178, 175, 173]
[999, 459, 125]
[999, 498, 155, 148]
[999, 492, 156, 153]
[999, 632, 215, 143]
[999, 510, 159, 157]
[999, 651, 192, 170, 168]
[999, 446, 135]
[999, 415, 152]
[999, 350, 120, 119]
[999, 736, 228, 164, 161]
[999, 659, 198, 166, 164]
[999, 429, 124]
[999, 497, 138, 136]
[999, 343, 121, 120]
[999, 397, 112]
[999, 428, 136]
[999, 498, 134]
[999, 494, 156, 154]
[999, 448, 142, 138]
[999, 800, 290, 157, 156]
[999, 417, 134]
[999, 470, 152, 138, 134]
[999, 514, 154]
[999, 536, 171, 153, 147]
[999, 671, 194, 188]
[999, 413, 145]
[999, 640, 178, 157, 153]
[999, 473, 124]
[999, 451, 141, 140]
[999, 512, 178, 177]
[999, 497, 128]
[999, 513, 141]
[999, 327, 111]
[999, 376, 137]
[999, 676, 215, 162, 159]
[999, 482, 156]
[999, 383, 129]
[999, 713, 218, 165, 164]
[999, 320, 112]
[999, 364, 136]
[999, 480, 143, 142]
[999, 526, 168, 166]
[999, 447, 121]
[999, 477, 137]
[999, 633, 188, 158, 157]
[999, 417, 129]
[999, 641, 207, 187, 176, 172]
[999, 685, 206, 175, 162, 155]
[999, 552, 168, 167]
[999, 576, 195, 184, 171, 170]
[999, 509, 150]
[999, 388, 146, 145]
[999, 642, 182, 171, 161, 153]
[999, 498, 150, 149]
[999, 269, 123, 122]
[999, 651, 193, 171, 164]
[999, 489, 126, 125]
[999, 639, 177, 159, 158]
[999, 582, 182, 168, 165]
[999, 665, 220, 182, 178]
[999, 237, 100]
[999, 248, 116, 115]
[999, 259, 137, 136]
[999, 414, 127]
[999, 568, 160, 158]
[999, 514, 150]
[999, 533, 156, 154]
[999, 519, 154]
[999, 388, 116, 115]
[999, 580, 187, 157]
[999, 288, 144, 143]
[999, 463, 130, 129]
[999, 573, 157]
[999, 540, 143]
[999, 186, 107, 105]
[999, 308, 111]
[999, 286, 116]
[999, 548, 146, 140]
[999, 396, 133]
[999, 518, 161]
[999, 373, 151, 150]
[999, 497, 133, 128]
[999, 573, 166, 162]
[999, 502, 134]
[999, 515, 134, 133]
[999, 206, 112, 108]
[999, 410, 100]
[999, 537, 153, 142, 139]
[999, 339, 111]
[999, 355, 109, 108]
[999, 496, 142, 139]
[999, 533, 148, 144]
[999, 611, 177, 164, 157]
[999, 337, 125]
[999, 506, 147, 140, 135]
[999, 361, 113]
[999, 505, 135, 134]
[999, 634, 189, 147, 146]
[999, 274, 129, 128]
[999, 695, 241, 178, 175]
[999, 411, 125]
[999, 369, 119]
[999, 545, 158, 155]
[999, 494, 144]
[999, 743, 262, 160, 159]
[999, 355, 128]
[999, 668, 222, 182, 177]
[999, 643, 189, 174, 169]
[999, 726, 263, 130]
[999, 322, 124]
[999, 447, 157, 156]
[999, 543, 150, 147]
[999, 766, 262, 160, 158]
[999, 555, 169, 168]
[999, 725, 261, 154]
[999, 670, 193, 189]
[999, 455, 139]
[999, 498, 146]
[999, 692, 227, 182, 175]
[999, 703, 228, 158, 157]
[999, 441, 138, 137]
[999, 409, 128, 127]
[999, 434, 151, 150]
[999, 330, 117]
[999, 609, 173, 172]
[999, 621, 184, 180]
[999, 373, 132, 130]
[999, 575, 166, 161]
[999, 524, 147, 146]
[999, 535, 165]
[999, 315, 130]
[999, 719, 228, 148]
[999, 437, 138]
[999, 414, 132, 130]
[999, 413, 113]
[999, 722, 211, 165]
[999, 364, 114]
[999, 601, 185, 178]
[999, 597, 170, 169]
[999, 215, 103]
[999, 477, 158, 156]
[999, 352, 151]
[999, 529, 138]
[999, 520, 144]
[999, 363, 152]
[999, 586, 171, 162, 150, 144]
[999, 522, 131]
[999, 426, 133]
[999, 599, 169, 165]
[999, 668, 219, 152, 150]
[999, 493, 153, 145]
[999, 427, 149]
[999, 420, 132]
[999, 283, 129]
[999, 604, 168]
[999, 743, 249, 196, 189]
[999, 508, 163, 162]
[999, 304, 126, 125]
[999, 830, 323, 149]
[999, 519, 167, 162]
[999, 698, 234, 162, 158]
[999, 408, 129, 128]
[999, 340, 120]
[999, 303, 120, 119]
[999, 502, 154, 153]
[999, 653, 184, 177]
[999, 368, 120]
[999, 448, 131]
[999, 678, 228, 161]
[999, 479, 143, 141]
[999, 307, 145, 144]
[999, 586, 209, 172, 169]
[999, 292, 105]
[999, 409, 135, 134]
[999, 468, 124]
[999, 415, 146, 145]
[999, 524, 141]
[999, 456, 133]
[999, 628, 186, 171, 170]
[999, 717, 285, 168]
[999, 386, 127]
[999, 597, 183, 170, 166]
[999, 541, 160]
[999, 608, 172, 157, 154]
[999, 554, 147, 145]
[999, 495, 140]
[999, 408, 128]
[999, 552, 157]
[999, 527, 138]
[999, 378, 117]
[999, 554, 135, 134]
[999, 467, 110]
[999, 710, 243, 189, 183]
[999, 456, 126]
[999, 521, 154, 144, 141]
[999, 407, 147, 146]
[999, 669, 185, 180]
[999, 477, 140, 139]
[999, 438, 120]
[999, 740, 279, 153]
[999, 409, 130]
[999, 457, 153, 152]
[999, 230, 115, 114]
[999, 270, 121]
[999, 579, 168, 160, 158]
[999, 677, 201, 177, 164]
[999, 513, 142, 141]
[999, 489, 151]
[999, 531, 141]
[999, 480, 134]
[999, 600, 176, 172]
[999, 535, 137]
[999, 642, 216, 159, 158]
[999, 258, 127]
[999, 556, 159]
[999, 422, 120, 119]
[999, 566, 181, 177]
[999, 415, 149]
[999, 493, 152, 151]
[999, 546, 153, 141, 140]
[999, 416, 124, 123]
[999, 510, 163, 143]
[999, 637, 200, 180, 172]
[999, 519, 155, 145, 144]
[999, 671, 222, 149, 148]
[999, 580, 185, 182]
[999, 742, 244, 174, 173]
[999, 292, 124, 123]
[999, 617, 199, 178, 171]
[999, 332, 131, 130]
[999, 560, 169, 163]
[999, 611, 154]
[999, 572, 162, 159]
[999, 295, 124]
[999, 565, 156, 154]
[999, 249, 133, 132]
[999, 656, 187, 156, 155]
[999, 446, 128]
[999, 596, 181, 175, 174]
[999, 614, 213, 204]
[999, 347, 119]
[999, 394, 131, 130]
[999, 323, 109]
[999, 505, 125]
[999, 264, 111, 110]
[999, 743, 246, 183, 179]
[999, 516, 142]
[999, 490, 148, 147]
[999, 529, 143]
[999, 367, 119]
[999, 485, 135]
[999, 222, 123, 122]
[999, 396, 111]
[999, 299, 134]
[999, 351, 116]
[999, 592, 172, 168]
[999, 481, 137]
[999, 329, 128]
[999, 670, 184, 149, 145]
[999, 241, 124, 123]
[999, 607, 179, 174]
[999, 346, 119]
[999, 620, 203, 180, 166, 163]
[999, 220, 125, 123]
[999, 293, 114]
[999, 454, 124]
[999, 612, 170, 167]
[999, 268, 112]
[999, 393, 132]
[999, 611, 196, 184, 183]
[999, 445, 146, 140]
[999, 510, 135]
[999, 337, 131]
[999, 353, 144]
[999, 631, 203, 172, 169]
[999, 487, 165, 163]
[999, 499, 146]
[999, 521, 144]
[999, 490, 148, 145]
[999, 397, 107]
[999, 506, 137, 136]
[999, 666, 228, 167, 158]
[999, 358, 124]
[999, 523, 162, 161]
[999, 481, 134]
[999, 356, 143, 142]
[999, 499, 156]
[999, 525, 157]
[999, 259, 137]
[999, 249, 147, 146]
[999, 453, 147]
[999, 249, 124]
[999, 510, 159, 158]
[999, 628, 184, 181, 180]
[999, 352, 116]
[999, 263, 114]
[999, 614, 154, 153]
[999, 366, 123, 122]
[999, 302, 110]
[999, 237, 120, 119]
[999, 757, 256, 163, 162]
[999, 279, 129]
[999, 628, 215, 206]
[999, 503, 150]
[999, 281, 104]
[999, 374, 107]
[999, 511, 124]
[999, 182, 119, 118]
[999, 477, 132]
[999, 459, 142]
[999, 382, 129]
[999, 729, 240, 153, 152]
[999, 840, 348, 169, 167]
[999, 535, 188, 167, 165]
[999, 677, 241, 177]
[999, 425, 134]
[999, 385, 133, 132]
[999, 499, 159, 156]
[999, 420, 118]
[999, 595, 166, 163]
[999, 451, 138, 137]
[999, 558, 168, 167]
[999, 398, 137]
[999, 364, 117]
[999, 585, 166]
[999, 635, 192, 156, 151, 150]
[999, 400, 121]
[999, 659, 214, 179, 172]
[999, 585, 183, 163, 160]
[999, 715, 238, 159, 157]
[999, 409, 138]
[999, 244, 129]
[999, 395, 130]
[999, 337, 108, 107]
[999, 699, 217, 182, 179]
[999, 646, 193, 171, 168]
[999, 499, 141]
[999, 750, 264, 147]
[999, 427, 137, 136]
[999, 435, 131]
[999, 512, 162]
[999, 637, 193, 165, 161]
[999, 647, 209, 165, 160]
[999, 515, 135]
[999, 534, 159]
[999, 318, 135]
[999, 322, 131]
[999, 320, 127]
[999, 392, 142]
[999, 282, 111]
[999, 663, 204, 167, 165]
[999, 570, 182, 178]
[999, 442, 126]
[999, 461, 131]
[999, 386, 127]
[999, 686, 229, 136, 134]
[999, 548, 159]
[999, 419, 127]
[999, 672, 223, 171, 169]
[999, 438, 131]
[999, 617, 177, 174]
[999, 262, 133, 132]
[999, 372, 139]
[999, 699, 243, 181, 180]
[999, 492, 154, 153]
[999, 581, 164, 161]
[999, 336, 113]
[999, 552, 166, 158, 153]
[999, 683, 231, 161, 157]
[999, 531, 176, 160, 153]
[999, 304, 113]
[999, 359, 114]
[999, 593, 167, 153, 145, 142]
[999, 565, 192, 191]
[999, 616, 178, 156, 155]
[999, 489, 138, 137]
[999, 315, 126, 124]
[999, 603, 167, 164]
[999, 271, 121]
[999, 646, 208, 186, 178]
[999, 377, 124]
[999, 469, 162, 160]
[999, 511, 152, 147]
[999, 385, 138, 137]
[999, 528, 148, 144]
[999, 483, 137, 136]
[999, 427, 111]
[999, 648, 176, 171]
[999, 367, 133]
[999, 512, 171, 161, 160]
[999, 638, 203, 166, 163]
[999, 601, 159, 153]
[999, 616, 159]
[999, 475, 158, 155]
[999, 592, 160, 159]
[999, 359, 113]
[999, 403, 151, 148]
[999, 484, 169, 168]
[999, 618, 179, 158, 154]
[999, 727, 272, 175, 173]
[999, 595, 173, 154, 152]
[999, 685, 244, 156]
[999, 320, 127]
[999, 420, 120]
[999, 667, 217, 181, 179]
[999, 717, 257, 148, 147]
[999, 596, 217, 178, 176]
[999, 646, 204, 174, 166]
[999, 409, 100]
[999, 386, 136]
[999, 581, 192, 163, 154, 153]
[999, 708, 256, 180, 178]
[999, 699, 219, 180, 174]
[999, 468, 132]
[999, 470, 153]
[999, 524, 163, 159]
[999, 488, 159, 146, 144]
[999, 458, 154]
[999, 683, 226, 183, 177]
[999, 530, 162, 161]
[999, 603, 159, 158]
[999, 466, 141]
[999, 566, 146, 145]
[999, 473, 150]
[999, 460, 158]
[999, 663, 227, 163]
[999, 659, 195, 188]
[999, 359, 134]
[999, 517, 168, 166]
[999, 293, 130, 129]
[999, 543, 175, 174]
[999, 583, 178, 166, 163]
[999, 810, 300, 178, 177]
[999, 519, 152, 148]
[999, 373, 138, 137]
[999, 369, 156]
[999, 729, 258, 165, 162]
[999, 592, 157, 154]
[999, 318, 123]
[999, 325, 118]
[999, 440, 161]
[999, 564, 189, 173, 168]
[999, 399, 127]
[999, 552, 177, 156, 151, 150]
[999, 298, 138, 137]
[999, 343, 117]
[999, 341, 123, 122]
[999, 480, 163]
[999, 681, 208, 162, 160]
[999, 468, 135]
[999, 390, 105]
[999, 545, 159, 158]
[999, 477, 143, 141]
[999, 558, 138]
[999, 444, 137, 136]
[999, 315, 121]
[999, 525, 122, 117]
[999, 333, 107]
[999, 347, 116]
[999, 710, 223, 144]
[999, 456, 137]
[999, 688, 214, 186, 177, 171]
[999, 356, 120]
[999, 416, 136, 135]
[999, 725, 251, 154, 152]
[999, 229, 122, 119]
[999, 420, 128]
[999, 523, 136, 135]
[999, 453, 144]
[999, 204, 126]
[999, 641, 179, 178]
[999, 330, 115]
[999, 352, 125]
[999, 440, 149]
[999, 546, 156]
[999, 384, 115, 114]
[999, 833, 318, 176]
[999, 611, 177, 155, 153]
[999, 449, 132]
[999, 437, 142]
[999, 516, 146, 142]
[999, 492, 131]
[999, 259, 122]
[999, 285, 127]
[999, 710, 222, 154, 152]
[999, 600, 194, 161, 160]
[999, 595, 170]
[999, 533, 147]
[999, 449, 133, 131]
[999, 408, 130]
[999, 344, 124]
[999, 481, 134]
[999, 709, 252, 174, 172]
[999, 444, 148, 144]
[999, 537, 137, 130, 128]
[999, 383, 114]
[999, 354, 127]
[999, 267, 120, 118]
[999, 635, 200, 162, 155]
[999, 613, 170, 162, 160]
[999, 631, 186, 156, 153]
[999, 237, 122, 119]
[999, 561, 181, 168, 166]
[999, 603, 196, 193]
[999, 512, 132, 130]
[999, 477, 124]
[999, 465, 138]
[999, 407, 130]
[999, 414, 115]
[999, 297, 100]
[999, 711, 247, 191, 189]
[999, 413, 137]
[999, 427, 151, 149]
[999, 689, 222, 152, 150]
[999, 500, 156]
[999, 600, 171, 163, 161]
[999, 532, 185]
[999, 636, 199, 172, 167]
[999, 417, 136]
[999, 208, 129, 126]
[999, 390, 122, 121]
[999, 546, 155, 152]
[999, 422, 136]
[999, 521, 141]
[999, 551, 155]
[999, 508, 135]
[999, 276, 126, 124]
[999, 600, 181]
[999, 504, 155, 154]
[999, 588, 194, 168, 166]
[999, 244, 124]
[999, 336, 117]
[999, 237, 112]
[999, 468, 129]
[999, 752, 293, 160, 158]
[999, 658, 202, 186, 181]
[999, 738, 240, 165, 164]
[999, 563, 163]
[999, 615, 207, 189, 183]
[999, 535, 163, 162]
[999, 540, 142]
[999, 392, 129]
[999, 469, 137, 136]
[999, 397, 139]
[999, 319, 130, 129]
[999, 480, 137]
[999, 344, 135]
[999, 377, 125, 123]
[999, 573, 139]
[999, 599, 174, 168]
[999, 629, 178, 152, 144, 142]
[999, 441, 138]
[999, 433, 117]
[999, 458, 136, 133]
[999, 251, 118]
[999, 838, 282, 178, 174]
[999, 572, 151, 146]
[999, 613, 185, 177]
[999, 314, 112, 111]
[999, 507, 147]
[999, 571, 163, 154, 144, 141]
[999, 471, 155, 152]
[999, 332, 129, 127]
[999, 578, 161, 157]
[999, 374, 121]
[999, 507, 131]
[999, 387, 127, 125]
[999, 554, 180, 178]
[999, 341, 118]
[999, 694, 277, 171, 168]
[999, 544, 176]
[999, 356, 130]
[999, 567, 174, 161, 157]
[999, 299, 120]
[999, 417, 142, 141]
[999, 432, 146, 144]
[999, 623, 198, 176, 170]
[999, 491, 123]
[999, 490, 127, 126]
[999, 703, 251, 162]
[999, 592, 184, 160, 155]
[999, 394, 133, 132]
[999, 547, 172, 169]
[999, 382, 133]
[999, 694, 212, 185, 180]
[999, 648, 189, 175, 171]
[999, 595, 176, 171]
[999, 695, 222, 158]
[999, 247, 119]
[999, 261, 126]
[999, 243, 130]
[999, 454, 142]
[999, 668, 222, 175, 171]
[999, 493, 154]
[999, 504, 152]
[999, 380, 116]
[999, 240, 121]
[999, 645, 185, 174, 169]
[999, 376, 113]
[999, 223, 92]
[999, 494, 127]
[999, 376, 143]
[999, 560, 168, 166]
[999, 194, 119, 118]
[999, 622, 188, 151]
[999, 390, 114]
[999, 468, 141, 140]
[999, 300, 125]
[999, 360, 133]
[999, 435, 135]
[999, 509, 154]
[999, 431, 124]
[999, 500, 133]
[999, 492, 165]
[999, 337, 120]
[999, 388, 138]
[999, 593, 166, 160]
[999, 593, 166, 164]
[999, 582, 189, 163, 159]
[999, 305, 120]
[999, 311, 113]
[999, 436, 99]
[999, 568, 164, 160]
[999, 401, 136]
[999, 292, 111]
[999, 298, 118]
[999, 328, 132, 129]
[999, 286, 101, 97]
[999, 506, 127, 125]
[999, 704, 217, 160, 156]
[999, 518, 145, 144]
[999, 587, 175, 166, 159]
[999, 600, 157, 153]
[999, 612, 183, 178]
[999, 659, 205, 173, 168]
[999, 342, 122]
[999, 343, 120, 119]
[999, 279, 114, 113]
[999, 639, 189, 163, 160]
[999, 546, 175, 162, 161]
[999, 484, 135]
[999, 547, 138, 131, 128]
[999, 655, 163, 160]
[999, 542, 173, 166]
[999, 349, 129]
[999, 429, 111]
[999, 418, 115]
[999, 365, 129]
[999, 537, 161, 160]
[999, 697, 192, 157, 155]
[999, 459, 135, 134]
[999, 359, 130]
[999, 485, 132, 131]
[999, 522, 156, 154]
[999, 554, 144, 136, 130]
[999, 641, 195, 156, 155]
[999, 590, 157, 150]
[999, 504, 152, 150]
[999, 287, 133, 132]
[999, 586, 160, 159]
[999, 662, 195, 162, 155]
[999, 550, 176]
[999, 560, 167, 161]
[999, 574, 144]
[999, 390, 116]
[999, 612, 198, 162, 158]
[999, 544, 148, 146]
[999, 700, 247, 162]
[999, 390, 128]
[999, 635, 165, 157, 155]
[999, 362, 125, 124]
[999, 184, 114, 112]
[999, 361, 126]
[999, 648, 187, 179]
[999, 552, 155]
[999, 261, 113, 112]
[999, 656, 203, 162, 155]
[999, 501, 148, 145]
[999, 675, 222, 178, 173]
[999, 388, 147]
[999, 482, 127]
[999, 382, 121]
[999, 398, 119]
[999, 660, 175, 170]
[999, 537, 186, 180]
[999, 493, 144]
[999, 448, 134]
[999, 469, 131, 130]
[999, 484, 136]
[999, 397, 128]
[999, 756, 258, 191, 187]
[999, 476, 133]
[999, 348, 121]
[999, 482, 140, 138]
[999, 667, 217, 162, 160]
[999, 601, 198, 196]
[999, 373, 123]
[999, 435, 131]
[999, 361, 128]
[999, 461, 143]
[999, 521, 145, 144]
[999, 443, 134]
[999, 389, 155, 151]
[999, 394, 150]
[999, 536, 132]
[999, 551, 138, 137]
[999, 730, 258, 186, 183]
[999, 533, 149, 142, 137]
[999, 453, 154]
[999, 415, 114]
[999, 521, 140, 138]
[999, 216, 117]
[999, 236, 111, 108]
[999, 388, 118]
[999, 230, 116, 114]
[999, 654, 189, 187]
[999, 396, 134]
[999, 695, 218, 172, 168]
[999, 571, 140, 136]
[999, 747, 268, 180, 177]
[999, 616, 201, 157]
[999, 650, 179, 169, 165]
[999, 307, 100, 99]
[999, 457, 168, 164]
[999, 348, 116]
[999, 366, 122]
[999, 709, 218, 155, 145]
[999, 292, 118, 117]
[999, 611, 166, 165]
[999, 190, 128, 122]
[999, 657, 209, 168, 163]
[999, 381, 105]
[999, 676, 213, 212]
[999, 613, 156, 151]
[999, 537, 165, 157, 154]
[999, 649, 210, 198, 195]
[999, 621, 172, 167]
[999, 578, 170, 155, 150]
[999, 514, 171]
[999, 302, 112]
[999, 406, 141]
[999, 362, 121]
[999, 672, 217, 158]
[999, 628, 196, 184, 183]
[999, 420, 129]
[999, 371, 125, 124]
[999, 618, 192, 168, 165]
[999, 439, 130]
[999, 629, 192, 176, 164, 159]
[999, 613, 176, 167, 163]
[999, 494, 138, 137]
[999, 348, 114]
[999, 290, 116]
[999, 531, 160]
[999, 437, 118]
[999, 446, 148]
[999, 413, 125]
[999, 392, 115, 114]
[999, 406, 129, 127]
[999, 250, 119]
[999, 588, 157, 155]
[999, 250, 113, 111]
[999, 619, 204, 169, 168]
[999, 242, 131, 130]
[999, 403, 136]
[999, 270, 115]
[999, 459, 149]
[999, 436, 132, 131]
[999, 552, 174, 172]
[999, 418, 119]
[999, 528, 154, 147]
[999, 475, 128]
[999, 313, 100]
