[29.59, 29.55, 29.52]
[29.46, 29.41, 29.39, 29.38]
[29.69, 29.66, 29.62]
[29.72, 29.7, 29.69]
[29.53, 29.51, 29.47, 29.47, 29.47, 29.46]
[29.43, 29.37, 29.32, 29.31]
[29.47, 29.46]
[29.63, 29.63, 29.59]
[29.44, 29.41, 29.4, 29.39]
[29.72, 29.63, 29.59]
[29.55, 29.52, 29.44]
[29.75, 29.7, 29.66]
[29.68, 29.67, 29.64]
[29.71, 29.67, 29.64]
[29.69, 29.69, 29.66]
[29.64, 29.6, 29.55, 29.55]
[29.63, 29.56, 29.52, 29.51]
[29.72, 29.69, 29.63]
[29.63, 29.62, 29.6]
[29.74, 29.7, 29.68]
[29.69, 29.58, 29.53, 29.53]
[29.66, 29.64, 29.61]
[29.62, 29.51, 29.43, 29.43]
[29.55, 29.48, 29.43]
[29.6, 29.6, 29.58]
[29.54, 29.52, 29.51]
[29.57, 29.55, 29.49, 29.48]
[29.64, 29.61, 29.57]
[29.64, 29.62, 29.57, 29.56]
[29.8, 29.77, 29.76]
[29.73, 29.71, 29.7]
[29.62, 29.6, 29.59, 29.57]
[29.55, 29.52, 29.49, 29.49]
[29.84, 29.82, 29.79, 29.78]
[29.35, 29.29, 29.28]
[29.58, 29.54, 29.51]
[29.6, 29.55, 29.49, 29.49]
[29.67, 29.65, 29.64, 29.63]
[29.66, 29.59, 29.56]
[29.48, 29.41, 29.37]
[29.79, 29.76, 29.72]
[29.78, 29.73, 29.72]
[29.61, 29.56, 29.53]
[29.68, 29.58, 29.52]
[29.67, 29.63, 29.62]
[29.49, 29.45, 29.43]
[29.61, 29.57, 29.56]
[29.72, 29.73, 29.69]
[29.69, 29.66, 29.64]
[29.67, 29.64, 29.62, 29.61]
[29.54, 29.51, 29.5]
[29.77, 29.74, 29.74, 29.73]
[29.74, 29.68, 29.62, 29.62]
[29.84, 29.83, 29.82]
[29.59, 29.6, 29.59]
[29.74, 29.7, 29.64, 29.63]
[29.56, 29.49, 29.44]
[29.75, 29.73, 29.71, 29.7]
[29.66, 29.62, 29.57]
[29.74, 29.69, 29.68, 29.67]
[29.52, 29.5, 29.48]
[29.7, 29.65, 29.63, 29.62, 29.61]
[29.59, 29.61, 29.56]
[29.46, 29.38, 29.32]
[29.64, 29.57, 29.52]
[29.66, 29.6, 29.52, 29.5]
[29.58, 29.54, 29.5, 29.5]
[29.7, 29.67, 29.65, 29.64]
[29.86, 29.83, 29.81, 29.8]
[29.83, 29.76, 29.73, 29.72]
[29.68, 29.67, 29.64]
[29.74, 29.7, 29.68, 29.68]
[29.85, 29.83, 29.82]
[29.71, 29.69, 29.68]
[29.62, 29.61, 29.59]
[29.63, 29.57, 29.57, 29.55]
[29.74, 29.72, 29.72, 29.71]
[29.73, 29.64, 29.57]
[29.68, 29.64, 29.58]
[29.7, 29.7, 29.68]
[29.45, 29.37, 29.3, 29.29]
[29.64, 29.61, 29.6]
[29.62, 29.6, 29.51, 29.5]
[29.73, 29.72, 29.71]
[29.6, 29.59, 29.55]
[29.65, 29.64, 29.62]
[29.69, 29.7, 29.67, 29.66]
[29.74, 29.66, 29.62, 29.61]
[29.52, 29.5, 29.4, 29.39]
[29.7, 29.64, 29.59]
[29.5, 29.45, 29.41, 29.4]
[29.64, 29.61, 29.54, 29.53]
[29.62, 29.63, 29.61, 29.6]
[29.6, 29.58, 29.54]
[29.9, 29.89, 29.87]
[29.77, 29.72, 29.69]
[29.64, 29.6, 29.59]
[29.57, 29.54, 29.52, 29.51]
[29.81, 29.79, 29.73]
[29.7, 29.69, 29.67]
[29.75, 29.72]
[4999, 4903, 4894, 4893, 4892]
[4999, 4863, 4856]
[4999, 4834, 4829]
[4999, 4939, 4938]
[4999, 4920, 4917, 4916]
[4999, 4843, 4830, 4827]
[4999, 4892, 4890]
[4999, 4905, 4900]
[4999, 4794, 4789]
[4999, 4780, 4773]
[4999, 4870, 4862]
[4999, 4907, 4899]
[4999, 4751, 4736, 4735]
[4999, 4924, 4919]
[4999, 4908, 4901]
[4999, 4901, 4898]
[4999, 4942, 4938]
[4999, 4914, 4911]
[4999, 4872, 4864]
[4999, 4809, 4801, 4800]
[4999, 4754, 4741, 4736]
[4999, 4807, 4806]
[4999, 4904, 4898, 4897]
[4999, 4853, 4847]
[4999, 4830, 4818]
[4999, 4826, 4821, 4820]
[4999, 4859, 4856]
[4999, 4906, 4902, 4901]
[4999, 4755, 4746]
[4999, 4836, 4828, 4826]
[4999, 4891, 4887]
[4999, 4864, 4861, 4860]
[4999, 4884, 4872, 4871]
[4999, 4882, 4879]
[4999, 4885, 4880, 4879]
[4999, 4830]
[4999, 4924, 4919, 4918]
[4999, 4815, 4806, 4805]
[4999, 4929, 4922]
[4999, 4880, 4877]
[4999, 4911, 4907]
[4999, 4717, 4696, 4694]
[4999, 4939, 4937, 4936]
[4999, 4938, 4935]
[4999, 4902, 4896, 4894]
[4999, 4873, 4863]
[4999, 4890, 4887]
[4999, 4912, 4909, 4908]
[4999, 4945]
[4999, 4829, 4821, 4819]
[4999, 4886, 4882, 4881]
[4999, 4882, 4878, 4877]
[4999, 4891, 4883]
[4999, 4901, 4899]
[4999, 4934, 4933]
[4999, 4841, 4830, 4829]
[4999, 4925, 4921, 4920]
[4999, 4815, 4809, 4808]
[4999, 4893, 4889, 4887]
[4999, 4891, 4884]
[4999, 4864, 4861]
[4999, 4861, 4856]
[4999, 4903, 4900, 4899]
[4999, 4894, 4891]
[4999, 4878, 4873, 4871]
[4999, 4882, 4877, 4874]
[4999, 4742, 4728, 4727]
[4999, 4868, 4862, 4861]
[4999, 4853, 4845]
[4999, 4810, 4805]
[4999, 4784, 4769]
[4999, 4758, 4751, 4750]
[4999, 4937, 4936]
[4999, 4922]
[4999, 4908, 4905]
[4999, 4836, 4829, 4827]
[4999, 4832, 4829, 4828]
[4999, 4860, 4853, 4852]
[4999, 4901, 4899, 4898]
[4999, 4843, 4837, 4836]
[4999, 4909, 4904]
[4999, 4926, 4925, 4924]
[4999, 4936, 4935]
[4999, 4849, 4841]
[4999, 4890, 4884, 4883]
[4999, 4843, 4838, 4836]
[4999, 4916, 4911, 4910]
[4999, 4874, 4866, 4865]
[4999, 4727, 4715, 4713]
[4999, 4926, 4922]
[4999, 4791, 4783, 4781]
[4999, 4819, 4811]
[4999, 4930, 4926, 4925]
[4999, 4841, 4834]
[4999, 4789, 4776]
[4999, 4897, 4892, 4890]
[4999, 4920, 4919, 4918]
[4999, 4854, 4848]
[4999, 4861, 4854]
[4999, 4840, 4829]
