[499, 365, 186, 70]
[499, 409, 235, 143, 96, 88]
[499, 457, 437, 434, 433]
[499, 367, 193, 108, 98, 95, 94]
[499, 438, 365, 254, 144, 89, 78, 77]
[499, 442, 410, 386, 380, 376, 374, 373]
[499, 469, 465]
[499, 451, 428, 423, 421]
[499, 428, 297, 193, 109, 96, 95]
[499, 457, 443, 440]
[499, 436, 316, 193, 86]
[499, 422, 280, 177, 90]
[499, 446, 398, 374, 371, 370]
[499, 393, 250, 122, 88, 86]
[499, 355, 199, 108, 86, 85]
[499, 453, 434, 433]
[499, 435, 293, 186, 90, 88]
[499, 423, 330, 226, 108, 75]
[499, 409, 231, 128, 88, 86]
[499, 470, 460, 459]
[499, 416, 278, 175, 92, 89]
[499, 455, 440, 438]
[499, 430, 320, 197, 104, 84, 83]
[499, 457, 448]
[499, 433, 288, 184, 100, 98]
[499, 447, 427, 426]
[499, 466, 463]
[499, 403, 239, 120, 78, 74]
[499, 410, 242, 150, 96, 89]
[499, 458, 450]
[499, 457, 449, 447]
[499, 442, 386, 339, 288, 222, 147, 98, 78, 77]
[499, 442, 374, 276, 195, 105, 85, 83]
[499, 375, 214, 139, 120, 116, 115]
[499, 409, 264, 167, 96, 92]
[499, 454, 443, 442]
[499, 419, 257, 142, 100]
[499, 424, 289, 176, 89, 79]
[499, 449, 399, 347, 276, 173, 112, 85, 83, 79, 78]
[499, 442, 408, 394, 387, 385]
[499, 465, 458]
[499, 406, 250, 133, 86]
[499, 435, 345, 225, 127, 93, 88, 87]
[499, 388, 225, 120, 97, 96]
[499, 412, 246, 140, 90, 89]
[499, 451, 435, 432]
[499, 459, 452]
[499, 459, 451, 450]
[499, 434, 342, 240, 117, 82, 80]
[499, 477, 475, 473]
[499, 437, 386, 348, 332, 331]
[499, 443, 384, 328, 266, 188, 116, 83, 81]
[499, 435, 308, 185, 92, 89]
[499, 451, 415, 389, 382, 381]
[499, 411, 256, 149, 83, 79]
[499, 414, 234, 151, 92]
[499, 447, 396, 381]
[499, 424, 314, 209, 93, 67, 66]
[499, 456, 443]
[499, 444, 408, 396]
[499, 463, 455]
[499, 416, 243, 137, 83]
[499, 445, 414, 408]
[499, 416, 262, 159, 98, 97]
[499, 437, 332, 219, 116, 85, 80]
[499, 454, 431, 430, 429]
[499, 466]
[499, 421, 276, 171, 85, 82]
[499, 370, 210, 106, 86, 85]
[499, 453, 446, 444, 443]
[499, 466, 465]
[499, 459, 434, 433]
[499, 460, 448, 447]
[499, 431, 311, 194, 110, 92, 91]
[499, 442, 338, 221, 105, 97, 93]
[499, 465, 459, 458]
[499, 454, 416, 399, 397, 395]
[499, 457, 433, 427]
[499, 394, 222, 117, 103]
[499, 434, 340, 215, 109, 72, 70]
[499, 388, 225, 105, 87]
[499, 452, 442]
[499, 443, 401, 388, 383]
[499, 471, 470]
[499, 425, 258, 142, 107, 106]
[499, 412, 252, 127, 86, 85]
[499, 403, 231, 139, 94]
[499, 460, 454]
[499, 454, 441]
[499, 350, 168, 94, 93]
[499, 428, 341, 222, 114, 86]
[499, 450, 394, 355, 346, 344, 341]
[499, 452, 424, 415, 414]
[499, 448, 406, 388, 384]
[499, 467, 450, 447, 445]
[499, 402, 242, 133, 81, 78]
[499, 435, 381, 354, 349, 346]
[499, 423, 304, 196, 114, 87, 86]
[499, 457, 445, 443]
[499, 458, 452]
[499, 444, 409, 407, 406]
[499, 443, 416, 415]
[499, 432, 296, 188, 96, 94, 92]
[499, 446, 394, 325, 219, 148, 93, 85, 84]
[499, 451, 399, 372, 368, 367]
[499, 456, 418, 412, 411]
[499, 461, 456, 452]
[499, 448, 432, 426]
[499, 452, 431, 425, 424, 422]
[499, 446, 414, 405]
[499, 449, 418, 408, 406]
[499, 370, 195, 109, 90]
[499, 408, 248, 159, 95, 91]
[499, 365, 207, 122, 94]
[499, 468, 450, 445]
[499, 456, 444, 441]
[499, 457, 443, 439]
[499, 461, 454, 453]
[499, 421, 259, 160, 104, 100]
[499, 415, 246, 144, 69]
[499, 441, 385, 313, 196, 109, 87, 83]
[499, 457, 436, 433, 431]
[499, 427, 262, 137, 102]
[499, 300, 141, 105, 104]
[499, 457, 452]
[499, 465, 458]
[499, 429, 297, 179, 99, 81]
[499, 347, 183, 102, 100]
[499, 466, 454, 452]
[499, 452, 413, 401, 398]
[499, 470, 467]
[499, 455, 446, 445]
[499, 409, 235, 141, 88, 86]
[499, 382, 225, 125, 99, 96]
[499, 431, 267, 159, 89, 86]
[499, 427, 289, 185, 86]
[499, 464, 455]
[499, 428, 270, 159, 91]
[499, 454, 421, 415, 414, 412]
[499, 478, 474, 473]
[499, 421, 253, 156, 90]
[499, 420, 259, 154, 79, 75]
[499, 475]
[499, 475, 469, 468]
[499, 432, 295, 176, 97, 91, 90]
[499, 413, 267, 157, 93, 91]
[499, 396, 234, 108, 91, 90]
[499, 360, 164, 102, 100]
[499, 453, 420, 403, 398, 395]
[499, 463, 462]
[499, 471, 466, 465, 464]
[499, 452, 436, 430]
[499, 393, 223, 130, 99, 97, 96]
[499, 444, 405, 391]
[499, 429, 278, 165, 101, 85]
[499, 461, 456]
[499, 470, 463]
[499, 458, 444, 442]
[499, 427, 302, 191, 109, 106]
[499, 452, 430, 422, 421]
[499, 472, 470]
[499, 436, 336, 217, 110, 80, 79]
[499, 342, 207, 105, 101]
[499, 441, 371, 248, 135, 85, 81, 80, 79]
[499, 459, 452]
[499, 438, 390, 373, 370]
[499, 473, 468, 466]
[499, 460, 449, 448]
[499, 447, 406, 352, 263, 172, 86, 70, 67, 66]
[499, 417, 257, 152, 97, 94]
[499, 464, 462]
[499, 462, 451, 450]
[499, 466, 455, 454]
[499, 423, 292, 191, 91, 86]
[499, 448, 417, 402]
[499, 467, 465]
[499, 457, 435]
[499, 427, 299, 178, 106, 90, 88]
[499, 441, 404, 397]
[499, 418, 247, 130, 87, 81, 80]
[499, 427, 293, 205, 102, 84]
[499, 387, 233, 111, 90]
[499, 472, 469]
[499, 442, 363, 237, 129, 80, 77]
[499, 443, 397, 351, 321, 311]
[499, 377, 211, 96, 93]
[499, 463, 448, 445, 444]
[499, 441, 394, 372, 363, 360]
[499, 395, 234, 141, 95, 92]
[499, 475, 467, 465]
[499, 399, 240, 154, 90, 88]
[499, 456, 433]
[499, 454, 429, 420, 419]
[499, 442, 386, 352, 340, 339]
[499, 467, 464]
[499, 391, 226, 128, 91, 90]
[499, 460, 455]
[499, 476, 471]
[499, 469, 463, 462]
[499, 439, 347, 230, 136, 95, 94]
[499, 475]
[499, 379, 216, 121, 98, 96]
[499, 447, 393, 358, 354, 352, 351, 350]
[499, 411, 239, 145, 88, 87]
[499, 433, 317, 195, 94, 81, 78]
[499, 411, 246, 127, 89, 85]
[499, 473, 470]
[499, 461, 440, 437]
[499, 459, 446, 443]
[499, 453, 418, 406, 404]
[499, 439, 378, 313, 192, 97, 71, 69, 66]
[499, 447, 422, 420, 418]
[499, 388, 245, 144, 95, 93]
[499, 433, 294, 189, 89, 88]
[499, 428, 282, 159, 93, 89]
[499, 472, 470]
[499, 447, 431]
[499, 442, 387, 337, 280, 196, 124, 86, 76, 75]
[499, 415, 273, 153, 83]
[499, 447, 410, 399, 394]
[499, 446, 388, 320, 211, 137, 92, 74]
[499, 436, 317, 189, 110, 83, 82]
[499, 428, 301, 183, 95, 87]
[499, 466, 454, 448, 447]
[499, 445, 396, 355, 331, 330]
[499, 374, 204, 119, 99, 97]
[499, 428, 312, 203, 106, 79, 78]
[499, 436, 362, 262, 156, 96, 82, 81]
[499, 435, 359, 231, 122, 80, 75, 72]
[499, 434, 313, 184, 96, 92]
[499, 415, 238, 145, 84]
[499, 355, 186, 101]
[499, 386, 218, 121, 98, 92]
[499, 436, 343, 225, 127, 75, 70]
[499, 428, 301, 179, 103, 99, 95]
[499, 451, 430, 427, 425]
[499, 469, 463, 461]
[499, 407, 229, 108, 89]
[499, 474, 472]
[499, 444, 373, 254, 150, 108, 95]
[499, 457, 431, 430]
[499, 468, 464]
[499, 455, 443, 439]
[499, 438, 394, 378, 376]
[499, 445, 374, 272, 153, 89, 80, 77]
[499, 480, 479]
[499, 449, 393, 349, 309, 291, 280, 271, 270]
[499, 388, 230, 140, 98, 90]
[499, 449, 433, 431]
[499, 435, 321, 201, 102, 96, 95]
[499, 445, 399, 384, 383]
[499, 403, 257, 147, 96]
[499, 440, 386, 337, 273, 165, 94, 79]
[499, 420, 262, 152, 95, 91]
[499, 410, 234, 131, 90]
[499, 444, 404, 393, 392]
[499, 420, 271, 177, 80, 79]
[499, 426, 305, 190, 86, 82]
[499, 432, 334, 226, 112, 80]
[499, 468, 456, 451]
[499, 392, 215, 111, 94, 93]
[499, 433, 343, 239, 143, 89, 80]
[499, 399, 242, 151, 110, 103, 102]
[499, 451, 417, 399, 389]
[499, 477, 470]
[499, 461, 449, 447, 446, 444, 442]
[499, 428, 302, 199, 103, 101]
[499, 447, 392, 352, 334, 333]
[499, 380, 218, 118, 114]
[499, 461, 434, 425, 419, 418]
[499, 403, 247, 152, 82, 79, 78]
[499, 429, 307, 171, 88, 78, 77]
[499, 440, 365, 249, 124, 93, 88, 87]
[499, 433, 348, 231, 124, 86, 83]
[499, 443, 365, 272, 157, 119, 106, 105]
[499, 408, 244, 130, 91, 90]
[499, 412, 265, 163, 102, 97, 95]
[499, 436, 357, 217, 114, 88, 84]
[499, 392, 222, 115, 96, 93]
[499, 405, 246, 144, 99, 82, 80]
[499, 430, 326, 216, 118, 76, 75]
[499, 464, 461]
[499, 419, 275, 183, 106, 83, 78]
[499, 394, 224, 131, 107]
[499, 465, 460, 459]
[499, 429, 288, 169, 92, 89]
[499, 456, 452]
[499, 447, 375, 238, 123, 90, 80, 74]
[499, 466, 464]
[499, 428, 297, 181, 91, 76]
[499, 420, 265, 156, 82, 81, 79]
[499, 444, 415, 409]
[499, 418, 280, 183, 78]
[499, 427, 329, 214, 120, 92, 89, 87]
[499, 481, 480, 479]
[499, 450, 435, 432]
[499, 445, 399, 368, 355, 354, 353, 352]
[499, 440, 381, 318, 213, 141, 87, 82, 80]
[499, 445, 382, 286, 175, 79, 73]
[499, 444, 395, 334, 236, 139, 99, 86, 80]
[499, 384, 199, 106, 85]
[499, 467, 461]
[499, 452, 392, 314, 201, 135, 93, 79, 71]
[499, 441, 282, 184, 104, 92]
[499, 406, 239, 136, 103, 102]
[499, 465, 456]
[499, 414, 253, 143, 100, 99]
[499, 448, 422, 417]
[499, 460, 454]
[499, 421, 255, 163, 94, 90]
[499, 429, 350, 227, 142, 98, 86, 85]
[499, 424, 264, 166, 87]
[499, 411, 245, 141, 96]
[499, 441, 358, 234, 124, 89, 83, 81]
[499, 458, 442, 441]
[499, 440, 368, 236, 126, 75, 74]
[499, 464, 446]
[499, 443, 370, 252, 161, 104, 77, 76]
[499, 412, 237, 133, 91, 88]
[499, 375, 189, 115, 106, 105]
[499, 412, 263, 163, 88, 87, 85]
[499, 442, 371, 267, 153, 77, 69]
[499, 459, 455]
[499, 388, 243, 151, 105, 102]
[499, 440, 388, 336, 278, 192, 119, 85, 73]
[499, 473, 464]
[499, 409, 254, 148, 91, 84]
[499, 438, 392, 370, 365]
[499, 452, 419, 406, 400, 399]
[499, 437, 332, 211, 143, 95, 94]
[499, 457, 443, 440]
[499, 401, 218, 108, 89, 88]
[499, 447, 401, 384]
[499, 425, 288, 167, 93, 91]
[499, 453, 428, 418]
[499, 451, 409, 379, 359, 358]
[499, 438, 385, 354, 345, 343]
[499, 416, 253, 132, 81]
[499, 454, 434, 432]
[499, 360, 200, 104, 99]
[499, 443, 403, 396, 395]
[499, 466, 459, 457]
[499, 429, 303, 205, 96, 92]
[499, 453, 431, 427, 426]
[499, 435, 319, 212, 90, 87]
[499, 424, 311, 201, 110, 79, 78]
[499, 454, 431, 424, 423]
[499, 470]
[499, 409, 251, 143, 88]
[499, 402, 231, 120, 94]
[499, 425, 282, 162, 89, 87]
[499, 391, 220, 126, 101, 95, 93, 92]
[499, 390, 240, 147, 87]
[499, 440, 335, 211, 108, 89]
[499, 440, 364, 271, 153, 79, 75]
[499, 451, 433]
[499, 436, 318, 200, 102, 90, 89]
[499, 392, 217, 114, 106]
[499, 470]
[499, 452, 439, 437]
[499, 424, 298, 196, 104, 98]
[499, 385, 228, 120, 88]
[499, 459, 442, 441]
[499, 449, 401, 365, 354]
[499, 394, 234, 136, 101, 98]
[499, 322, 146, 89]
[499, 422, 284, 174, 89, 80]
[499, 455, 445]
[499, 476, 474]
[499, 461, 448]
[499, 454, 436, 434, 433]
[499, 453, 430, 424]
[499, 382, 220, 129, 110, 109]
[499, 447, 419, 411, 410, 409]
[499, 340, 188, 89]
[499, 418, 253, 153, 75, 74]
[499, 472, 466]
[499, 453, 436, 434]
[499, 461, 433, 429]
[499, 435, 377, 314, 237, 139, 91, 75, 74]
[499, 453, 436]
[499, 463, 450, 447, 445, 443, 442]
[499, 440, 372, 266, 162, 83, 79]
[499, 460, 448, 447]
[499, 459, 454]
[499, 404, 236, 119, 93, 89]
[499, 461, 452, 448, 447, 445]
[499, 400, 236, 139, 91, 84]
[499, 433, 323, 218, 102, 83, 78]
[499, 417, 264, 154, 94, 91]
[499, 479, 478]
[499, 429, 325, 208, 97, 78]
[499, 446, 383, 291, 187, 115, 84, 77]
[499, 448, 404, 392, 391, 390]
[499, 450, 421, 420]
[499, 449, 437, 435]
[499, 423, 305, 196, 91, 74, 73, 71]
[499, 471, 469]
[499, 416, 253, 156, 89]
[499, 426, 307, 189, 84, 79]
[499, 435, 329, 223, 112, 99]
[499, 464, 449, 441]
[499, 455, 441, 438, 437]
[499, 356, 179, 102, 100]
[499, 413, 233, 116, 105]
[499, 434, 358, 246, 133, 74]
[499, 450, 434, 431]
[499, 439, 332, 221, 105, 78, 77]
[499, 411, 254, 173, 77]
[499, 422, 276, 170, 73, 72]
[499, 424, 282, 177, 90, 86]
[499, 417, 264, 158, 83, 80, 79]
[499, 446, 403, 385, 381]
[499, 469, 463]
[499, 423, 283, 154, 97, 88, 84, 82]
[499, 440, 365, 267, 157, 84, 81]
[499, 442, 352, 231, 148, 85, 82]
[499, 445, 430]
[499, 398, 242, 140, 89]
[499, 477, 476]
[499, 379, 219, 125, 98, 97]
[499, 418, 258, 160, 83]
[499, 447, 409, 392, 388]
[499, 445, 413, 408, 406]
[499, 425, 278, 179, 77]
[499, 397, 244, 124, 95, 90]
[499, 340, 180, 93, 92]
[499, 455, 432, 425]
[499, 402, 251, 153, 83]
[499, 471, 468]
[499, 336, 194, 96, 95]
[499, 396, 227, 120, 95, 94]
[499, 409, 242, 140, 95, 91]
[499, 438, 375, 286, 187, 116, 65, 56]
[499, 440, 356, 245, 138, 87, 75, 72, 68]
[499, 468, 464]
[499, 457, 432, 424, 420]
[499, 425, 261, 157, 86, 82]
[499, 459, 449, 448]
[499, 475, 472, 471]
[499, 443, 407, 375, 360, 353]
[499, 407, 258, 157, 84]
[499, 410, 258, 167, 81, 75]
[499, 414, 258, 140, 84, 81]
[499, 399, 232, 147, 101, 100]
[499, 457, 438]
[499, 401, 236, 128, 97]
[499, 458, 443, 442]
[499, 468, 464]
[499, 429, 285, 175, 90, 85]
[499, 457, 451, 450]
[499, 436, 349, 228, 111, 76]
[499, 458, 452, 451]
[499, 431, 358, 255, 148, 88, 80]
[499, 408, 221, 90, 84, 83]
[499, 405, 261, 167, 100, 82, 81]
[499, 473, 472]
[499, 476, 471, 470]
[499, 446, 409, 394, 391]
[499, 389, 226, 111, 93, 92]
[499, 421, 279, 179, 83, 64]
[499, 462, 456, 455]
[499, 449, 431, 425, 423]
[499, 426, 280, 169, 81, 79]
[499, 382, 232, 98, 97]
[499, 432, 325, 209, 91, 83]
[499, 336, 183, 92, 81]
[499, 436, 347, 218, 125, 90, 87, 86]
[499, 412, 249, 164, 91]
[499, 444, 365, 255, 158, 90, 85, 82]
[499, 415, 230, 140, 94, 91]
[499, 303, 161, 106, 105]
[499, 452, 425, 405, 401, 400]
[499, 452, 447]
[499, 431, 338, 210, 98, 77, 73, 72]
[499, 461, 452, 449]
[499, 443, 391, 368, 349, 335, 331]
[499, 394, 241, 159, 105, 99]
[499, 396, 242, 138, 95, 92]
[499, 455, 438, 433, 432]
[499, 456, 440, 435, 433]
[499, 455, 442, 441]
[499, 447, 412, 380, 375, 373]
[499, 421, 280, 157, 95]
[499, 434, 357, 225, 133, 81, 78]
[499, 455, 441, 438, 437]
[499, 342, 176, 82]
[499, 409, 249, 160, 104, 84, 82]
[499, 445, 374, 267, 146, 93, 84]
[499, 481, 477, 474]
[499, 460, 440, 438]
[499, 439, 388, 376, 373]
[499, 364, 191, 104, 96]
[499, 420, 282, 161, 83, 75]
[499, 445, 394, 381, 375]
[499, 429, 317, 202, 98, 82, 79, 78]
[499, 370, 216, 122, 83, 80]
[499, 467, 461]
[499, 438, 360, 247, 149, 90, 77]
[499, 449, 431, 426]
[499, 467, 466]
[499, 408, 245, 154, 91, 89]
[499, 378, 193, 106, 105, 104]
[499, 441, 410, 396, 394, 393]
[499, 434, 345, 230, 140, 76, 74]
[499, 437, 356, 256, 146, 85, 70, 69]
[499, 423, 281, 180, 103, 102]
[499, 415, 249, 140, 86, 81]
[499, 469, 460]
[499, 409, 239, 147, 80, 78]
[499, 388, 233, 126, 85, 82]
[499, 430, 328, 203, 119, 96, 93, 92]
[499, 391, 213, 105, 100]
[499, 421, 291, 172, 72]
[499, 479, 478]
[499, 454, 441]
[499, 457, 440]
[499, 458, 456]
[499, 464, 459, 458]
[499, 428, 312, 200, 111, 101, 100]
[499, 452, 428, 427, 425]
[499, 464, 445, 443]
[499, 444, 412, 395]
[499, 451, 406, 360, 301, 236, 156, 97, 81, 79]
[499, 462, 452, 451]
[499, 455, 429, 422, 420]
[499, 428, 305, 189, 85, 83]
[499, 409, 238, 149, 95]
[499, 469]
[499, 453, 383, 290, 182, 113, 91, 89]
[499, 409, 251, 150, 80, 79]
[499, 469, 465]
[499, 441, 360, 218, 119, 88, 87, 85]
[499, 324, 160, 95]
[499, 446, 389, 324, 246, 154, 76, 57, 56]
[499, 440, 378, 314, 220, 135, 81, 74]
[499, 441, 413, 408, 407]
[499, 429, 310, 196, 73]
[499, 440, 354, 243, 136, 84, 74, 73]
[499, 467, 466, 465]
[499, 454, 447]
[499, 457, 418, 384, 375]
[499, 471, 466]
[499, 443, 354, 240, 128, 88, 87]
[499, 452, 421, 415]
[499, 461, 441, 436]
[499, 461, 455]
[499, 417, 252, 163, 101, 89]
[499, 458, 447, 446]
[499, 441, 409, 400, 398]
[499, 405, 237, 128, 77]
[499, 421, 292, 196, 95]
[499, 436, 354, 238, 136, 90, 85, 84]
[499, 462, 455]
[499, 366, 194, 91, 89]
[499, 393, 239, 142, 97, 93]
[499, 424, 280, 181, 116, 101, 93, 90, 89]
[499, 466, 456, 454]
[499, 463, 454, 452]
[499, 427, 306, 193, 104, 88]
[499, 446, 405, 398]
[499, 466, 458, 457]
[499, 438, 382, 339, 316, 313, 311]
[499, 440, 407, 402]
[499, 446, 389, 335, 248, 153, 102, 81, 76, 74]
[499, 389, 237, 129, 102, 99]
[499, 421, 281, 171, 95, 80, 79]
[499, 442, 401, 391, 389]
[499, 424, 312, 207, 114, 84]
[499, 423, 269, 160, 88]
[499, 422, 260, 164, 89]
[499, 454, 443, 439]
[499, 437, 386, 351, 343, 341]
[499, 450, 430, 425, 423, 421]
[499, 460, 449]
[499, 417, 267, 156, 75]
[499, 413, 264, 167, 92, 89]
[499, 446, 404, 386, 382, 379]
[499, 468, 467]
[499, 473, 461]
[499, 378, 231, 139, 100, 95]
[499, 447, 433, 432]
[499, 363, 196, 98, 85]
[499, 444, 384, 351, 335, 331, 330]
[499, 377, 215, 102, 101]
[499, 447, 415, 408, 407, 406]
[499, 469, 464, 463]
[499, 437, 348, 215, 115, 74, 73]
[499, 482, 477]
[499, 449, 418, 410, 402]
[499, 460, 438, 430, 428]
[499, 453, 420, 405, 404, 402, 401]
[499, 418, 265, 148, 89, 88]
[499, 435, 338, 201, 111, 87, 82]
[499, 462, 447, 446]
[499, 447, 426, 424]
[499, 408, 236, 125, 73]
[499, 449, 443, 442]
[499, 381, 204, 104]
[499, 419, 273, 162, 91, 85]
[499, 464]
[499, 455, 444]
[499, 436, 364, 244, 143, 102, 96, 95]
[499, 453, 442, 441, 439, 437]
[499, 455, 452]
[499, 470]
[499, 329, 167, 83, 81]
[499, 457, 441, 440]
[499, 410, 230, 130, 87, 83]
[499, 461, 450]
[499, 432, 330, 204, 86, 82]
[499, 462, 453, 447]
[499, 394, 217, 122, 101]
[499, 364, 205, 100, 95, 94]
[499, 416, 248, 149, 93, 86]
[499, 432, 360, 265, 148, 92, 86, 85, 82]
[499, 474, 472, 470]
[499, 376, 234, 126, 97, 96]
[499, 429, 333, 206, 96, 82, 80, 77]
[499, 450, 415, 406, 405]
[499, 410, 239, 143, 98]
[499, 431, 321, 221, 85]
[499, 452, 395, 370, 365]
[499, 389, 232, 143, 97, 95]
[499, 430, 271, 180, 98]
[499, 365, 213, 118, 100, 99]
[499, 432, 350, 213, 105, 83]
[499, 461, 452]
[499, 467, 464, 463]
[499, 421, 263, 155, 79]
[499, 470, 466, 465]
[499, 447, 428, 426]
[499, 425, 279, 171, 89, 82]
[499, 440, 379, 305, 182, 98, 77, 75, 74]
[499, 428, 294, 190, 81, 72]
[499, 467, 466]
[499, 449, 417, 408, 405]
[499, 440, 355, 226, 133, 72, 66]
[499, 447, 435, 433]
[499, 422, 290, 180, 83, 82]
[499, 423, 284, 178, 102, 97]
[499, 462, 460]
[499, 449, 422, 418]
[499, 459, 448, 444]
[499, 447, 405, 385, 384]
[499, 448, 434, 431]
[499, 433, 312, 194, 104, 93]
[499, 400, 249, 142, 82, 76]
[499, 318, 135, 106]
[499, 433, 377, 325, 250, 167, 105, 86, 77, 74]
[499, 472, 466, 465]
[499, 462, 458]
[499, 424, 275, 153, 92, 90]
[499, 415, 234, 145, 102, 97]
[499, 434, 323, 205, 123, 96, 88, 87]
[499, 389, 226, 125, 83, 81]
[499, 468, 455]
[499, 447, 404, 384, 383, 381]
[499, 462, 454]
[499, 448, 422, 411, 408]
[499, 438, 387, 349, 334, 331, 330]
[499, 413, 237, 142, 94]
[499, 432, 325, 216, 105, 66]
[499, 442, 367, 225, 138, 98, 90, 89]
[499, 477, 471, 468]
[499, 471, 470]
[499, 450, 415, 395, 392, 389]
[499, 476, 475]
[499, 440, 363, 249, 154, 87, 70]
[499, 474, 472]
[499, 435, 354, 241, 134, 72, 66]
[499, 429, 279, 158, 103, 96]
[499, 457, 448, 447]
[499, 446, 385, 291, 186, 95, 88, 84]
[499, 393, 243, 126, 81, 80]
[499, 438, 377, 320, 200, 102, 57]
[499, 452, 432, 429]
[499, 454, 434, 427]
[499, 472, 471]
[499, 418, 261, 151, 84, 80]
[499, 424, 307, 178, 98, 87, 85]
[499, 442, 404, 397]
[499, 431, 251, 151, 103]
[499, 425, 292, 145, 100, 97]
[499, 412, 257, 148, 96, 91]
[499, 401, 239, 127, 91, 88, 85]
[499, 424, 271, 170, 87]
[499, 403, 251, 140, 97, 88]
[499, 435, 381, 321, 203, 127, 69, 65]
[499, 391, 240, 140, 73]
[499, 401, 240, 135, 81, 78]
[499, 423, 309, 190, 85]
[499, 452, 435, 431, 428, 426]
[499, 397, 234, 139, 94]
[499, 412, 245, 156, 76]
[499, 446, 407, 392, 391]
[499, 448, 419, 408, 404]
[499, 447, 392, 344, 292, 211, 132, 75, 73]
[499, 452, 431, 428]
[499, 445, 399, 358, 337]
[499, 439, 349, 226, 134, 77, 76]
[499, 473, 468, 466]
[499, 358, 193, 101, 97, 96]
[499, 458, 450, 449, 448]
[499, 388, 229, 132, 83]
[499, 421, 255, 137, 92, 91]
[499, 426, 310, 208, 101, 85]
[499, 461, 446, 444]
[499, 411, 224, 140, 110, 103, 101]
[499, 415, 252, 138, 73]
[499, 419, 247, 153, 96, 93, 91]
[499, 452, 411, 397]
[499, 423, 276, 153, 84]
[499, 442, 406, 394, 393]
[499, 459, 446]
[499, 427, 306, 170, 81]
[499, 479, 478]
[499, 468, 466, 464]
[499, 457, 432, 429]
[499, 441, 381, 285, 187, 105, 87, 82]
[499, 414, 261, 123, 88, 87]
[499, 448, 424, 416]
[499, 430, 338, 217, 85, 81]
[499, 448, 404, 374, 356, 353]
[499, 444, 368, 249, 113, 86, 81]
[499, 429, 359, 266, 165, 90, 73, 72]
[499, 458, 453, 451]
[499, 370, 176, 90, 89]
[499, 451, 439]
[499, 438, 341, 214, 113, 90, 89]
[499, 460, 453, 450]
[499, 424, 294, 172, 90, 82]
[499, 444, 432, 430]
[499, 472, 466, 465]
[499, 478]
[499, 444, 413, 411]
[499, 358, 177, 106, 99]
[499, 453, 411, 399, 398]
[499, 434, 365, 246, 133, 87, 80]
[499, 466, 462]
[499, 437, 391, 376, 374]
[499, 474]
[499, 365, 185, 113, 98]
[499, 461, 452]
[499, 373, 227, 108, 103]
[499, 421, 268, 152, 104, 91, 90]
[499, 427, 279, 155, 93, 92, 90]
[499, 449, 432, 419]
[499, 456, 414, 413]
[499, 440, 368, 239, 151, 98, 79]
[499, 462, 456, 450, 449]
[499, 444, 369, 265, 149, 93, 85, 83]
[499, 385, 209, 112, 106]
[499, 452, 408, 401, 399, 396, 394]
[499, 489]
[499, 432, 307, 185, 90, 85]
[499, 455, 434, 433]
[499, 479, 478]
[499, 388, 228, 133, 107, 105]
[499, 425, 292, 181, 82, 81]
[499, 451, 430, 425, 424]
[499, 426, 316, 195, 95, 80, 77]
[499, 404, 236, 117, 95, 86]
[499, 460, 433, 429]
[499, 443, 407, 405]
[499, 465, 455]
[499, 401, 247, 150, 102, 95, 94, 93]
[499, 449, 419, 407]
[499, 456, 438, 430, 428, 427]
[499, 429, 305, 190, 96, 88]
[499, 395, 232, 120, 98]
[499, 410, 234, 117, 97, 95]
[499, 415, 258, 156, 84]
[499, 442, 325, 216, 112, 92, 86]
[499, 420, 284, 162, 102, 89]
[499, 444, 410, 395, 393]
[499, 424, 270, 171, 83]
[499, 431, 312, 203, 105, 88, 87]
[499, 419, 238, 133, 91, 90]
[499, 456, 436, 429]
[499, 453, 442]
[499, 394, 225, 128, 104]
[499, 457, 441, 440]
[499, 457, 432, 430]
[499, 429, 323, 210, 119, 91, 86, 85]
[499, 438, 391, 377, 376]
[499, 440, 395, 376, 372, 371]
[499, 440, 398, 385]
[499, 409, 248, 132, 94, 93]
[499, 425, 281, 170, 86, 81]
[499, 396, 226, 126, 98, 94]
[499, 449, 413, 409]
[499, 448, 402, 363, 350, 348]
[499, 397, 228, 130, 80, 78]
[499, 416, 254, 154, 77]
[499, 453, 431, 429]
[499, 436, 326, 221, 142, 98, 85, 84]
[499, 449, 433]
[499, 457, 441, 436]
[499, 409, 260, 162, 93, 87]
[499, 404, 244, 142, 95, 85, 83]
[499, 442, 399, 371, 359, 353]
[499, 469, 467]
[499, 444, 382, 316, 213, 133, 83, 78]
[499, 351, 186, 108, 100, 99]
[499, 477, 473]
[499, 455, 443]
[499, 422, 268, 154, 76]
[499, 411, 251, 145, 98, 87, 86]
[499, 411, 234, 126, 94, 93]
[499, 412, 254, 143, 84]
[499, 408, 253, 133, 85, 83]
[499, 456, 454]
[499, 470, 467]
[499, 424, 270, 155, 79]
[499, 473, 472]
[499, 377, 222, 116, 96, 92]
[499, 449, 404, 387, 377]
[499, 469, 465]
[499, 416, 243, 139, 83]
[499, 445, 413, 401, 400, 399]
[499, 466, 458, 450]
[499, 449, 414, 405, 404]
[499, 465, 452]
[499, 478]
[499, 466, 452, 447]
[499, 467, 466]
[499, 462, 460]
[499, 462, 447, 439, 437]
[499, 450, 385, 294, 184, 100, 89, 88]
[499, 419, 275, 151, 91, 89, 87]
[499, 455, 436, 428, 427]
[499, 442, 391, 362, 355]
[499, 471, 464, 463]
[499, 421, 260, 167, 84, 81]
[499, 435, 375, 296, 197, 98, 76]
[499, 408, 245, 150, 76, 75]
[499, 453, 434, 431]
[499, 451, 423, 413, 412]
[499, 417, 250, 141, 112, 107]
[499, 433, 307, 214, 94, 89]
[499, 471, 468]
[499, 466, 463]
[499, 439, 369, 268, 150, 89, 68, 67]
[499, 440, 378, 321, 227, 130, 71, 69]
[499, 409, 239, 138, 86, 85]
[499, 414, 236, 150, 93, 89, 87, 86]
[499, 451, 413, 408]
[499, 438, 413, 410, 407]
[499, 418, 255, 140, 82, 81]
[499, 426, 313, 210, 101, 87]
[499, 455, 442, 439]
[499, 391, 243, 142, 92, 86, 84]
[499, 457, 442, 441]
[499, 442, 410, 402, 401]
[499, 409, 226, 127, 83]
[499, 477]
[499, 438, 309, 207, 104, 103]
[499, 431, 343, 226, 133, 106, 92, 90]
[499, 429, 303, 202, 108, 78, 74]
[499, 436, 367, 261, 155, 89, 59, 50]
[499, 437, 348, 240, 140, 99, 84, 82]
[499, 414, 245, 145, 87, 84]
[499, 380, 228, 125, 99, 94]
[499, 445, 373, 262, 154, 113, 88, 87]
[499, 415, 255, 145, 88, 86]
[499, 433, 327, 220, 111, 92, 90]
[499, 448, 375, 255, 140, 84, 78]
[499, 427, 288, 191, 86, 85]
[499, 450, 414, 399]
[499, 426, 289, 169, 83]
[499, 464, 457]
[499, 455, 439, 434]
[499, 366, 194, 100, 93]
[499, 437, 372, 276, 174, 78, 77]
[499, 442, 381, 314, 221, 135, 80, 72]
[499, 443, 420, 418]
[499, 417, 267, 144, 91, 81]
[499, 454, 420, 415]
[499, 348, 164, 97]
[499, 432, 331, 211, 124, 84, 82]
[499, 434, 343, 220, 125, 77, 74]
[499, 435, 340, 228, 122, 72]
[499, 447, 400, 367, 350, 348]
[499, 437, 363, 251, 155, 99, 80, 78, 77]
[499, 449, 431, 426]
[499, 449, 445]
[499, 468, 466]
[499, 437, 349, 243, 130, 90, 86, 85, 84]
[499, 440, 380, 330, 249, 165, 89, 76]
[499, 454, 426]
[499, 384, 213, 112, 76]
[499, 413, 244, 143, 63, 62]
[499, 448, 387, 290, 182, 95, 84]
[499, 445, 380, 294, 185, 105, 86, 82, 79]
[499, 471, 470]
[499, 411, 239, 136, 81]
[499, 444, 381, 282, 161, 97, 78, 77]
[499, 470, 467]
[499, 423, 256, 119, 88, 87]
[499, 476]
[499, 448, 402, 373, 362]
[499, 469, 464]
[499, 462, 460, 459]
[499, 445, 360, 252, 136, 80, 71, 70]
[499, 467, 465]
[499, 435, 367, 283, 160, 99, 73, 71]
[499, 447, 405, 390, 387]
[499, 460, 443, 438]
[499, 450, 422, 414]
[499, 388, 244, 155, 81, 73, 72]
[499, 413, 255, 146, 92, 91]
[499, 445, 400, 381, 374]
[499, 453, 422, 405]
[499, 437, 393, 375]
[499, 451, 444, 441]
[499, 425, 285, 154, 92, 91]
[499, 455, 434, 432]
[499, 448, 406, 378, 374, 373]
[499, 427, 324, 205, 95, 87]
[499, 437, 277, 190, 97, 95, 93]
[499, 404, 251, 149, 98, 89, 87]
[499, 417, 242, 134, 100]
[499, 416, 250, 135, 97]
[499, 444, 409, 398, 396]
[499, 450, 425, 422]
[499, 426, 268, 158, 95, 83, 82]
[499, 433, 336, 204, 121, 99, 86]
[499, 427, 318, 217, 103, 74, 68]
[499, 394, 245, 140, 102, 101]
[499, 416, 264, 162, 95, 83, 80]
[499, 444, 406, 392, 387, 384]
[499, 406, 253, 142, 83, 79]
[499, 458, 447, 444]
[499, 458, 434, 428]
[499, 446, 372, 243, 135, 94, 82, 78]
[499, 451, 426, 425, 424]
[499, 447, 358, 228, 124, 82]
[499, 430, 307, 213, 118, 97, 93]
[499, 465, 452, 449]
[499, 452, 445, 444, 442]
[499, 432, 333, 215, 107, 85, 84]
[499, 440, 391, 359, 352, 351]
[499, 412, 239, 135, 97, 95]
[499, 435, 335, 233, 94, 82, 79]
[499, 454, 441, 439]
[499, 358, 220, 124, 87, 86]
[499, 463, 454]
[499, 440, 377, 299, 201, 113, 71]
[499, 453, 448]
[499, 410, 255, 151, 97, 94]
[499, 409, 250, 104, 88]
[499, 336, 164, 94, 92]
[499, 436, 368, 271, 158, 101, 94]
[499, 432, 309, 189, 96, 84]
[499, 452, 425, 422]
[499, 458, 435, 414, 408]
[499, 399, 240, 141, 84, 78]
[499, 415, 270, 159, 84]
[499, 451, 435, 427, 426, 424]
[499, 458, 450, 449]
[499, 394, 215, 109, 104]
[499, 436, 376, 299, 179, 121, 90, 81, 74, 71]
[499, 433, 356, 215, 114, 76]
[499, 454, 438, 434]
[499, 424, 312, 187, 100, 76]
[499, 415, 247, 134, 84]
[499, 431, 295, 191, 82]
[499, 419, 265, 140, 87, 85]
[499, 401, 250, 150, 96, 90, 86]
[499, 383, 224, 122, 98, 97]
[499, 399, 241, 141, 97, 96]
[499, 444, 389, 340, 289, 232, 139, 88, 77]
[499, 408, 243, 124, 97]
[499, 432, 343, 215, 109, 74]
[499, 460, 454, 453]
[499, 448, 385, 289, 192, 124, 94, 84, 81, 73]
[499, 472]
[499, 471, 465, 464]
[499, 319, 178, 101]
[499, 466, 458, 455, 454]
[499, 471, 464]
[499, 419, 265, 181, 106, 99]
[499, 447, 418]
[499, 406, 241, 134, 90, 89]
[499, 467, 465]
[499, 465, 459, 458]
[499, 479, 477]
[499, 460, 454, 452]
[499, 453, 433, 429]
[499, 381, 219, 102, 100]
[499, 397, 241, 134, 89]
[499, 427, 307, 204, 120, 92, 89, 88]
[499, 445, 426, 425]
[499, 449, 419, 410]
[499, 386, 217, 97, 90]
[499, 450, 416, 410]
[499, 412, 251, 140, 92, 91]
[499, 456, 431, 424, 421, 420]
[499, 381, 224, 120, 105, 103]
