[35.08, 34.99, 34.69]
[34.77, 34.13, 33.99, 33.64, 33.49]
[33.23, 13.13, 0.12, 0.04]
[35.24, 35.06, 34.94, 34.77]
[35.05, 34.96, 34.88, 34.77]
[34.33, 33.36, 30.65, 23.94, 15.1, 12.77, 12.58]
[34.38, 32.83, 26.47, 13.7, 10.46, 9.73]
[34.14, 32.09, 21.6, 10.66, 9.83]
[34.86, 34.63, 34.16, 34.01]
[34.38, 33.94, 32.49, 26.53, 16.05, 11.92, 11.63]
[34.74, 34.17, 33.2, 31.6, 29.48, 26.03, 23.19, 20.41, 19.64]
[34.42, 32.14, 19.53, 9.06, 8.19]
[34.63, 34.18, 32.06, 27.67, 20.18, 17.06]
[35.09, 34.38, 33.48, 32.3, 29.92, 25.53, 21.69, 20.23]
[35.02, 34.97, 34.82, 34.7]
[34.14, 30.21, 8.37, 2.37, 2.4]
[34.68, 33.6, 26.69, 14.33, 11.15, 10.57]
[34.38, 32.97, 25.62, 11.29, 6.75, 6.54]
[34.55, 34.4, 34.38, 34.22]
[34.75, 34.43, 33.58, 33.01]
[35.09, 35.04, 34.93, 34.9]
[34.77, 34.37, 33.24, 26.9, 16.06, 10.18, 9.03]
[34.37, 32.88, 24.95, 8.74, 6.01, 5.2]
[34.78, 33.99, 31.26, 24.25, 17.33, 15.08, 14.49, 13.95]
[34.2, 30.41, 11.24, 4.13, 3.88, 3.65]
[34.42, 33.74, 31.29, 24.24, 17.98, 16.39]
[34.57, 33.98, 33.58, 33.37, 33.37]
[34.87, 34.17, 31.96, 26.1, 15.34, 10.8]
[34.53, 32.86, 24.77, 11.78, 7.94, 7.69]
[34.44, 32.53, 24.95, 13.28, 8.87, 8.41]
[34.79, 34.37, 32.82, 30.44, 25.86, 21.99, 18.83, 16.99, 16.3]
[34.64, 33.51, 29.38, 18.48, 8.88, 7.85, 7.75]
[34.96, 34.68, 34.27, 33.94, 33.84]
[34.33, 32.17, 23.55, 13.48, 10.33, 10.21]
[34.32, 32.47, 22.6, 6.11, 5.42, 5.18]
[35.1, 34.87, 34.68, 34.63]
[34.19, 29.82, 6.35, 1.88, 1.72, 1.48]
[34.58, 33.95, 31.59, 24.58, 16.8, 13.8, 13.02, 12.91]
[34.4, 32.82, 25.03, 12.13, 7.12, 7.01]
[34.64, 34.15, 33.64, 32.97, 32.48, 32.11]
[34.54, 33.14, 26.21, 11.03, 7.16, 6.61, 6.51]
[33.69, 27.41, 3.74, 2.09, 1.85]
[35.19, 35.12]
[34.78, 33.98, 31.62, 22.33, 14.74, 13.4]
[34.19, 32.42, 22.01, 6.36, 2.86, 1.95]
[34.68, 33.88, 30.45, 23.26, 18.75, 17.74]
[34.47, 33.63, 28.32, 16.96, 11.91, 11.03, 10.59, 10.39]
[35.17, 34.93, 34.71, 34.67]
[34.67, 33.53, 26.54, 7.38, 4.76, 4.69]
[34.59, 33.91, 32.05, 28.59, 20.7, 14.43, 12.19]
[33.81, 30.49, 8.32, 1.48, 1.47]
[34.69, 33.86, 29.71, 18.07, 8.02, 6.77]
[34.7, 33.34, 28.51, 19.33, 13.11, 12.11]
[35.1, 34.9, 34.62, 34.43, 34.38]
[34.87, 34.69, 34.42, 34.39]
[34.89, 34.69, 34.72, 34.64]
[34.73, 34.32, 33.68, 33.45, 33.31]
[35.14, 34.98, 34.8]
[34.49, 33.83, 29.8, 19.34, 11.33, 8.99, 8.23, 8.16]
[35.2, 35.19, 35.08]
[33.83, 27.95, 4.11, 1.46]
[35.12, 35.11, 35.06, 35.02]
[35.02, 34.59, 32.18, 26.48, 20.56, 16.82, 16.7]
[34.73, 34.31, 33.06, 31.29, 27.09, 16.79, 6.13, 4.63, 4.47]
[34.15, 33.29, 30.28, 25.59, 19.27, 14.98, 14.49]
[34.44, 33.58, 32.2, 26.75, 18.86, 15.82, 15.3]
[34.97, 34.91, 34.91, 34.85]
[34.02, 29.86, 5.69, 0.74]
[34.83, 34.66, 34.45, 34.41]
[34.51, 33.57, 29.94, 20.34, 14.09, 12.91, 12.82]
[33.68, 27.51, 1.54, 0.71]
[34.78, 33.92, 30.38, 19.97, 12.47, 11.57]
[34.31, 32.67, 23.95, 5.69, 3.71, 3.53]
[35.44, 35.28, 35.11]
[33.95, 26.3, 0.79, 0.64]
[34.92, 34.81, 34.7, 34.59]
[34.9, 34.42, 33.68, 33.4]
[34.11, 31.64, 15.85, 2.71, 1.54, 0.71]
[34.92, 34.69, 34.23, 34.06]
[35.03, 34.59, 34.16, 33.69, 33.68, 33.61]
[35.01, 34.91, 34.76]
[34.43, 32.96, 25.96, 11.86, 9.24, 9.05]
[35.01, 34.56, 34.04, 33.27, 33.07]
[34.55, 33.26, 26.27, 13.79, 8.89, 7.75, 7.43]
[34.98, 34.94, 34.81, 34.78]
[34.18, 32.64, 26.09, 9.82, 5.93, 5.83]
[34.63, 29.94, 12.12, 6.04, 5.55]
[33.86, 27.64, 2.42, 0.92]
[34.43, 33.23, 28.04, 15.42, 13.12, 12.94, 12.65]
[34.45, 33.9, 31.61, 21.64, 9.49, 6.2, 5.97]
[34.04, 27.46, 1.32, 0.78]
[34.78, 34.38, 33.68, 32.56, 31.91, 31.4, 31.37, 31.23]
[34.83, 34.33, 32.79, 30.45, 27.72, 25.67, 25.4]
[35.12, 34.82, 34.47, 34.17]
[34.95, 34.92, 34.72, 34.67]
[34.93, 34.44, 33.07, 30.63, 27.18, 22.83, 20.45, 20.29]
[34.86, 34.74, 34.31, 34.13, 34.08]
[34.02, 31.73, 19.51, 6.2, 4.94]
[34.68, 33.44, 29.09, 19.74, 10.26, 8.99]
[34.37, 33.25, 27.27, 11.35, 7.66, 7.51]
[34.59, 34.35, 33.87, 32.33, 29.03, 23.62, 13.96, 6.85, 5.03]
[35.08, 34.81, 34.49, 34.19, 33.98]
[34.81, 33.71, 29.77, 20.33, 16.43, 14.69, 14.16]
[34.98, 34.85, 34.42, 34.37]
[34.44, 31.88, 17.01, 7.4, 5.88]
[34.5, 32.07, 21.24, 9.9, 8.37, 8.27]
[35.16, 35.16, 35.13, 35.02]
[34.78, 34.26, 33.11, 31.63, 30.11, 27.55, 25.44, 24.74]
[34.58, 32.85, 27.3, 19.85, 16.69, 15.76]
[34.17, 31.62, 16.7, 2.39, 2.03]
[34.99, 34.62, 34.07, 34.04]
[34.93, 34.27, 33.15, 31.41, 27.19, 20.07, 16.88, 15.97]
[35.02, 34.71, 34.63, 34.53]
[33.89, 28.12, 4.88, 2.39, 2.18]
[35.22, 35.07, 35.06, 35.09]
[34.91, 34.71, 34.39, 34.21, 34.2, 34.15]
[34.66, 34.3, 34.13, 33.91, 33.83, 33.75]
[34.67, 34.26, 33.6, 33.14, 32.96, 32.87]
[34.73, 33.98, 31.48, 25.83, 17.46, 14.3, 13.13, 12.85]
[34.26, 31.96, 18.04, 6.82, 6.07]
[34.61, 33.87, 31.42, 24.43, 18.77, 13.96, 13.24]
[34.51, 33.74, 28.75, 19.65, 11.91, 10.57, 10.32]
[34.98, 34.74, 34.47, 34.13]
[34.72, 33.94, 32.61, 29.09, 22.57, 16.76, 15.01, 14.95]
[34.72, 34.05, 33.19, 32.69, 32.64]
[34.62, 34.2, 33.46, 32.9, 32.5]
[34.9, 34.14, 32.32, 25.32, 17.45, 11.46, 10.81]
[34.11, 32.96, 26.8, 12.85, 7.73, 7.53]
[34.9, 34.2, 32.04, 27.5, 19.85, 17.03, 16.02]
[35.11, 34.83, 34.2, 34.08, 34.02]
[35.05, 34.98, 34.83, 34.75]
[34.76, 34.42, 32.34, 25.7, 18.68, 12.98, 11.68]
[34.7, 34.22, 32.02, 23.73, 11.5, 8.74, 8.46, 8.12]
[34.69, 34.62, 34.17, 33.86, 33.73]
[34.82, 34.34, 32.25, 25.76, 20.92, 18.21]
[35.21, 34.87, 34.11, 34.03, 33.97]
[34.66, 34.44, 33.84, 33.56, 33.5]
[35.13, 34.98, 34.98, 34.93]
[34.19, 32.15, 20.15, 6.35, 4.88]
[35.12, 34.9, 34.38, 34.33, 34.28]
[35.2, 35.24, 35.22, 35.17]
[34.7, 33.49, 25.64, 15.07, 12.68, 12.31, 12.13]
[35.01, 34.59, 34.18, 33.93, 33.71, 33.63]
[34.68, 33.79, 27.87, 13.45, 8.07, 7.17]
[34.9, 34.38, 33.71, 33.31, 33.22]
[35.03, 34.69, 34.33, 34.11, 34.04]
[34.97, 34.77, 34.33, 34.21]
[35.04, 34.97, 34.77, 34.66]
[34.51, 33.82, 30.28, 20.45, 11.57, 11.32]
[34.61, 33.86, 29.84, 24.16, 16.81, 14.84]
[34.57, 32.6, 23.38, 10.45, 7.15, 6.87]
[34.6, 33.81, 31.34, 24.4, 17.02, 14.12, 14.06]
[34.13, 33.39, 29.28, 12.63, 3.1]
[34.63, 32.74, 26.94, 13.77, 9.85, 9.61]
[34.58, 33.96, 31.9, 26.33, 20.67, 16.52, 15.49]
[34.87, 34.53, 34.13, 34.14]
[35.0, 34.54, 34.28, 33.88, 33.77]
[34.35, 33.86, 32.48, 28.41, 17.99, 10.0, 8.08, 7.6]
[34.21, 30.5, 12.77, 4.34, 3.62]
[35.04, 34.52, 34.26, 34.11, 33.89]
[34.83, 34.63, 34.43, 34.31]
[34.9, 34.79, 34.38, 34.35]
[34.34, 33.07, 24.74, 9.07, 5.17, 5.1]
[34.78, 34.72, 34.56, 34.45]
[34.94, 34.64, 34.38, 34.39]
[34.04, 30.39, 6.51, 0.86, 0.84]
[34.5, 33.24, 29.45, 15.08, 8.89, 8.27]
[33.91, 29.14, 5.0, 0.26, 0.21]
[34.48, 33.35, 27.47, 18.39, 12.09, 10.04]
[34.38, 34.07, 32.28, 25.52, 17.13, 13.21, 10.47]
[34.93, 34.6, 34.11, 33.94, 33.88]
[34.53, 34.14, 32.95, 31.56, 29.76, 25.41, 21.35, 17.63, 16.49, 16.43]
[34.88, 34.55, 34.04, 33.82, 33.75]
[34.96, 34.5, 34.05, 33.93]
[34.88, 34.51, 34.02, 33.9]
[34.87, 34.01, 30.4, 25.86, 17.28, 12.48, 11.25, 10.49, 10.24]
[34.89, 34.4, 33.49, 29.81, 23.42, 19.07, 17.3, 17.27]
[35.24, 35.17, 34.93, 34.83]
[34.8, 34.37, 33.86, 33.47]
[34.8, 33.78, 30.29, 22.08, 16.32, 13.77, 13.13]
[34.92, 33.84, 30.49, 22.9, 17.05, 14.6, 13.53]
[34.31, 32.93, 26.79, 11.57, 8.61, 8.4]
[33.95, 31.15, 11.0, 0.91, 0.63]
[35.18, 35.08, 34.92]
[34.91, 34.62, 33.19, 30.43, 25.86, 21.03, 17.04, 16.0]
[34.04, 29.92, 10.92, 3.46, 3.51]
[34.81, 34.68, 34.37, 34.36, 34.3]
[35.08, 34.51, 34.1, 33.99, 33.91]
[35.05, 34.97, 34.89, 34.78]
[35.09, 34.97, 34.79]
[34.58, 32.13, 20.25, 5.55, 4.26]
[35.24, 35.26, 35.14]
[35.13, 34.95, 34.73, 34.74]
[34.88, 34.62, 34.13, 33.59, 33.53]
[34.99, 34.58, 33.78, 33.39, 33.23]
[34.79, 34.36, 34.23, 34.07, 34.0]
[35.37, 35.2, 35.03, 35.01]
[34.7, 33.56, 26.28, 13.15, 9.23, 8.88]
[34.56, 34.17, 33.81, 33.4, 33.23, 33.23]
[34.58, 31.93, 17.7, 5.85, 5.44, 5.28]
[33.65, 19.04, 0.11]
[34.8, 34.17, 32.67, 31.39, 29.21, 27.78, 27.53, 27.37]
[34.82, 34.48, 34.28, 34.17]
[34.98, 34.95, 34.82, 34.77]
[34.81, 34.72, 34.66]
[34.51, 33.27, 26.73, 15.15, 8.48, 8.16]
[34.67, 34.08, 32.7, 31.55, 29.83, 28.67, 28.14, 28.03]
[34.7, 34.47, 34.33, 34.27]
[34.59, 34.39, 34.24, 33.98]
[33.7, 27.32, 2.91, 0.85]
[35.53, 35.44, 35.39]
[34.97, 34.47, 33.59, 31.66, 28.93, 25.56, 23.87]
[34.6, 33.89, 30.5, 22.49, 15.05, 11.63, 10.83]
[34.8, 34.65, 34.11, 33.96]
[33.95, 28.28, 5.77, 2.15, 1.79]
[34.3, 33.21, 25.76, 8.55, 1.91, 1.11, 1.02]
[34.57, 32.35, 21.7, 9.19, 5.19]
[34.84, 34.73, 34.43, 34.27, 34.17]
[34.05, 31.47, 15.44, 5.44, 4.15]
[35.19, 34.98, 34.74, 34.68]
[34.2, 32.64, 24.59, 8.13, 4.22, 3.97, 2.31]
[34.62, 33.94, 32.0, 27.33, 20.89, 13.84, 12.11, 11.8]
[34.36, 33.97, 33.52, 33.25]
[33.9, 29.65, 8.14, 0.46, 0.45]
[35.11, 35.07, 34.95, 34.88]
[35.05, 34.98, 34.84]
[33.78, 30.73, 16.84, 5.1, 4.34]
[34.62, 32.68, 24.33, 7.89, 6.17, 5.97]
[34.58, 32.73, 25.12, 8.68, 4.54, 4.08]
[34.73, 34.19, 33.77, 32.3, 26.68, 22.05, 17.51, 16.62]
[34.42, 32.39, 19.9, 4.37, 2.86]
[34.99, 34.7, 34.04, 33.82, 33.74]
[34.52, 33.91, 31.88, 26.99, 18.53, 14.28, 12.45]
[34.74, 34.25, 33.31, 32.93, 32.5, 32.12, 32.02]
[35.07, 34.84, 34.51, 34.32]
[34.34, 31.05, 9.55, 1.43]
[34.55, 34.3, 33.89, 33.78, 33.65]
[34.29, 33.15, 30.53, 17.54, 8.47, 7.71, 7.46]
[34.95, 34.89, 34.89, 34.84]
[35.16, 34.63, 34.06, 33.95, 33.81]
[34.1, 30.52, 14.82, 6.14, 5.4, 5.32]
[35.34, 35.17, 34.96, 34.79]
[34.5, 34.04, 32.63, 27.04, 17.12, 12.17, 11.16]
[34.45, 33.69, 31.22, 25.43, 18.91, 17.82]
[35.01, 35.04]
[34.73, 34.19, 32.99, 32.38, 32.03, 31.97]
[34.27, 32.28, 16.6, 0.93, 0.85]
[34.33, 33.33, 30.72, 24.7, 19.62, 17.84]
[34.39, 32.19, 19.38, 2.42, 1.76]
[35.14, 35.11, 34.97]
[34.79, 34.62, 34.47, 34.41]
[34.26, 32.42, 21.25, 12.01, 7.74, 6.76]
[34.11, 31.64, 21.96, 12.02, 9.22]
[34.59, 32.4, 22.81, 8.71, 7.6]
[34.54, 32.92, 27.89, 16.18, 10.09, 9.67]
[34.07, 28.12, 5.08, 1.46]
[34.51, 33.1, 22.44, 10.58, 7.87]
[34.44, 34.2, 34.12]
[34.84, 34.76, 34.48, 34.49]
[34.71, 34.3, 34.13, 33.93]
[34.85, 34.7, 34.02, 33.53, 33.29]
[34.77, 34.09, 31.71, 22.48, 9.33, 6.32]
[34.7, 33.95, 29.5, 15.58, 5.76, 5.28]
[34.62, 33.8, 29.45, 14.87, 8.85, 8.57]
[34.74, 34.01, 32.07, 26.31, 18.52, 14.84, 14.5]
[35.0, 34.68, 34.46, 34.39]
[34.78, 34.17, 32.02, 27.28, 19.11, 13.89, 13.02]
[34.9, 33.76, 29.36, 19.14, 12.46, 12.08]
[34.48, 32.61, 27.92, 18.59, 13.08, 12.23, 12.03]
[34.34, 33.46, 30.02, 21.03, 14.16, 13.39, 12.9]
[34.74, 34.06, 30.35, 21.04, 14.42, 12.19, 12.11]
[34.56, 34.07, 33.4, 31.79, 25.97, 19.38, 17.46]
[34.9, 34.85, 34.69, 34.46, 34.46]
[34.8, 33.57, 28.48, 19.28, 15.53, 14.86]
[35.29, 34.86, 34.14, 33.93]
[34.35, 32.85, 25.22, 10.47, 6.5, 5.94, 5.69]
[34.96, 34.81, 34.53, 34.51]
[34.03, 30.53, 8.82, 2.47, 2.13]
[35.07, 34.95, 34.88, 34.82]
[34.95, 34.88, 34.89]
[34.32, 31.38, 15.82, 6.37, 5.86]
[34.82, 34.25, 32.55, 27.14, 15.43, 11.58, 11.48]
[34.07, 30.96, 12.9, 3.42, 2.56, 1.82]
[34.03, 32.68, 27.0, 15.1, 9.57, 8.81]
[34.84, 34.11, 31.23, 24.15, 17.84, 15.47]
[34.83, 34.39, 32.87, 29.31, 23.79, 18.68, 16.74, 16.64]
[34.43, 32.39, 22.77, 8.07, 6.56]
[34.7, 34.39, 33.92, 33.67, 33.59]
[34.8, 33.41, 28.92, 13.56, 8.66, 8.59]
[34.35, 32.56, 21.83, 9.58, 8.2, 7.88]
[35.15, 35.1, 34.87, 34.82]
[34.89, 34.47, 32.51, 28.24, 21.74, 16.94, 15.7, 15.64]
[34.84, 34.55, 33.95, 33.77, 33.73]
[34.77, 34.42, 33.74, 33.39]
[35.12, 34.97, 34.76, 34.64]
[34.95, 33.56, 27.77, 15.54, 10.52, 10.04]
[34.78, 34.14, 32.49, 27.99, 21.95, 18.89, 17.52, 17.27]
[34.88, 34.81, 34.71, 34.55]
[35.08, 34.68, 34.04, 33.91]
[34.45, 33.79, 32.15, 26.97, 15.91, 11.65, 11.02, 10.67]
[34.38, 32.7, 24.84, 9.27, 6.07, 5.72, 5.14, 5.05]
[34.28, 31.45, 18.32, 8.33, 8.04]
[34.83, 34.73, 34.3, 34.24]
[34.74, 34.6, 34.3, 34.24, 34.19]
[34.65, 33.89, 30.24, 22.98, 14.28, 10.13, 9.11]
[35.03, 33.98, 32.12, 29.04, 23.27, 20.64, 19.88, 19.54, 19.32]
[34.77, 34.59, 33.16, 30.44, 24.59, 18.63, 13.83, 13.58]
[34.91, 34.8]
[34.57, 34.35, 33.6, 33.32, 33.26]
[33.92, 29.24, 5.87, 0.82, 0.8]
[34.89, 34.72, 34.6, 34.56]
[34.59, 32.29, 13.96, 1.91, 1.75]
[34.46, 33.57, 28.56, 14.32, 8.38, 7.87]
[34.43, 34.08, 33.48, 33.24]
[34.32, 30.49, 14.46, 6.32, 5.92]
[33.4, 21.36, 0.1]
[34.92, 34.78, 34.08, 33.58, 33.51]
[34.99, 34.64, 34.46, 34.45]
[34.83, 33.6, 29.08, 18.63, 13.51, 12.8, 12.61]
[34.91, 34.86, 34.71, 34.63]
[35.36, 35.31, 35.25]
[33.88, 29.81, 8.84, 1.36, 1.36]
[34.02, 31.58, 17.62, 4.72, 4.01]
[34.82, 34.34, 33.05, 25.5, 17.48, 14.38, 13.88]
[34.41, 34.11, 33.61, 33.2, 32.48, 31.89, 31.75]
[34.86, 34.44, 33.62, 32.97, 29.81, 24.9, 20.67, 19.34]
[35.04, 34.89, 34.73, 34.65]
[34.75, 34.39, 33.62, 33.14, 33.06]
[34.99, 34.77, 34.28, 34.09, 34.01]
[34.65, 34.23, 32.56, 26.98, 17.49, 13.07, 12.52]
[34.24, 30.48, 13.08, 4.56, 4.25]
[34.38, 33.39, 28.66, 17.2, 11.33, 9.34]
[34.95, 34.89, 34.51, 34.31]
[35.01, 34.42, 32.79, 28.79, 22.22, 16.5, 15.65, 15.57]
[35.03, 34.64, 33.21, 30.48, 24.55, 18.65, 15.47, 15.2]
[35.12, 35.11, 34.89, 34.86]
[34.11, 29.7, 7.1, 3.78]
[34.57, 33.25, 30.15, 19.79, 12.35, 11.08, 10.95]
[35.07, 34.85, 34.65, 34.46]
[34.26, 32.02, 15.37, 3.11, 2.47]
[34.5, 33.95, 32.55, 30.08, 21.66, 15.12, 13.56]
[34.28, 31.36, 15.96, 3.2, 2.98]
[34.15, 31.66, 19.67, 7.18, 6.47, 6.38]
[35.01, 34.58, 33.63, 31.67, 26.4, 15.34, 10.3, 9.87]
[34.44, 31.34, 18.38, 8.65, 6.93]
[33.96, 31.39, 14.14, 3.22, 2.16]
[34.71, 31.76, 12.72, 2.42, 2.08, 1.51]
[34.47, 32.67, 21.97, 6.88, 6.18]
[35.02, 35.0, 34.84, 34.76]
[34.87, 33.66, 28.81, 20.19, 11.77, 9.99]
[34.55, 33.63, 30.13, 19.49, 13.71, 10.33, 9.05, 8.98]
[34.43, 32.81, 26.53, 18.05, 14.4, 14.1, 14.02]
[34.79, 34.66, 34.38, 34.28]
[34.85, 33.88, 29.13, 17.35, 11.0, 10.66]
[34.68, 34.01, 32.08, 28.78, 20.35, 14.74, 14.21]
[34.74, 33.78, 29.77, 25.46, 20.11, 17.92, 17.3]
[34.45, 33.7, 28.38, 16.46, 8.69, 7.74]
[34.85, 34.45, 33.93, 33.71, 33.63]
[34.98, 34.59, 31.99, 26.24, 16.07, 12.63]
[34.52, 33.77, 30.96, 25.87, 17.46, 10.44, 9.13]
[34.98, 34.9, 34.86]
[35.09, 34.9, 34.85]
[35.04, 35.01, 34.9]
[34.65, 34.55, 34.35, 34.09, 34.12]
[35.23, 35.13, 35.03]
[34.76, 34.07, 31.36, 23.8, 14.0, 10.0, 9.54]
[34.92, 34.87, 34.71, 34.59]
[34.4, 32.63, 23.31, 7.27, 3.91]
[34.58, 32.97, 26.3, 15.76, 10.76, 9.79, 9.52]
[34.98, 34.71, 34.33, 33.96, 33.89, 33.81]
[34.69, 33.95, 29.5, 22.61, 13.89, 11.56, 11.29, 11.01]
[34.84, 34.23, 30.71, 23.23, 17.7, 15.89]
[35.12, 34.99, 34.92, 34.72]
[34.58, 34.03, 33.26, 32.64, 31.44, 30.53, 29.96, 29.82]
[35.19, 35.16, 34.97]
[34.26, 32.03, 22.94, 8.0, 6.5, 6.25]
[35.14, 34.64, 33.08, 29.48, 22.43, 16.25, 15.38]
[34.68, 33.61, 29.63, 20.49, 14.34, 13.06, 12.84]
[34.71, 33.28, 28.06, 18.91, 14.88, 14.73]
[34.76, 34.4, 34.12, 34.06]
[35.18, 35.17, 35.12, 35.08]
[34.97, 34.93, 34.87]
[34.94, 34.48, 32.49, 28.85, 19.21, 16.48, 15.72]
[34.11, 32.91, 28.02, 13.03, 3.94, 3.59]
[35.52, 35.54, 35.4]
[34.06, 31.95, 23.47, 9.53, 8.08, 7.94]
[34.71, 34.62, 34.36]
[34.11, 30.7, 13.66, 1.8]
[35.15, 34.99, 34.61, 34.4]
[34.46, 33.13, 26.94, 14.9, 11.97, 11.44]
[34.47, 33.73, 31.58, 25.59, 12.9, 4.85, 4.43]
[34.61, 33.72, 29.03, 19.17, 12.32, 11.42, 11.33]
[34.56, 33.88, 31.95, 26.08, 19.53, 15.77, 14.22, 14.04]
[34.08, 30.69, 14.19, 3.89, 3.57]
[34.79, 34.4, 33.56, 32.81, 32.74]
[34.41, 32.47, 19.42, 4.76, 3.54, 3.19]
[34.3, 32.2, 16.98, 4.57, 4.16, 3.5]
[34.79, 33.64, 26.95, 13.39, 7.76]
[35.14, 34.59, 33.95, 33.13, 32.52, 32.4]
[34.69, 34.21, 31.27, 22.69, 17.11, 15.45]
[34.67, 34.03, 30.9, 25.41, 19.12, 16.98, 16.35, 16.27]
[34.86, 34.26, 32.39, 29.05, 21.8, 14.54, 10.78, 9.86, 9.72]
[34.04, 31.46, 19.89, 7.43, 6.43, 6.34]
[34.64, 33.71, 29.53, 17.27, 11.26, 10.66]
[34.35, 32.56, 24.28, 10.84, 6.96, 6.63]
[33.75, 25.88, 1.99, 1.21]
[34.78, 34.12, 32.38, 28.04, 21.83, 18.28, 17.31]
[35.49, 35.42, 35.29, 35.24]
[34.8, 34.28, 33.95, 33.66, 33.66, 33.59]
[34.24, 32.65, 25.28, 9.53, 7.56, 7.11]
[34.33, 31.14, 16.97, 4.74, 3.76, 3.28, 3.16]
[34.29, 32.5, 16.31, 3.29, 2.37]
[34.42, 32.17, 21.08, 10.41, 8.29]
[34.38, 33.42, 31.13, 24.11, 15.67, 13.46, 12.71]
[35.14, 34.88, 34.58, 34.53]
[34.6, 33.72, 30.48, 20.58, 14.15, 13.22]
[34.73, 34.28, 33.69, 33.05, 33.05, 32.98, 32.89]
[34.77, 34.57, 34.28, 33.84, 33.74]
[34.7, 34.46, 33.1, 30.58, 24.84, 19.79, 18.53]
[34.48, 33.31, 28.6, 17.11, 11.23, 10.79]
[34.12, 31.91, 22.46, 5.31, 2.88, 1.73]
[34.29, 31.55, 20.21, 7.22, 5.41]
[34.58, 33.46, 28.66, 13.82, 6.85, 6.36]
[34.32, 31.81, 22.31, 9.63, 8.53, 8.37, 8.27]
[35.26, 35.11, 34.84, 34.67]
[35.09, 34.91, 34.9, 34.84, 34.78]
[34.6, 33.99, 31.38, 24.88, 17.79, 14.75, 13.99]
[34.67, 32.46, 22.01, 10.9, 8.91, 8.45]
[34.61, 33.67, 29.01, 19.21, 13.11, 12.89]
[34.96, 34.71, 34.4, 33.9, 33.85]
[34.47, 33.63, 29.79, 20.79, 11.5, 10.63, 10.55]
[34.63, 34.02, 32.11, 27.19, 21.59, 17.09, 16.55, 16.29]
[34.08, 28.2, 6.59, 1.89, 1.59]
[34.35, 33.45, 31.76, 25.61, 14.73, 9.48, 8.01, 7.93]
[34.52, 34.39, 34.11, 33.77, 33.67]
[34.91, 34.9, 34.85]
[34.74, 34.5, 34.08, 33.78, 33.77, 33.75, 33.73]
[35.05, 34.87, 34.71, 34.6]
[35.02, 34.73, 34.6, 34.55]
[34.32, 32.85, 26.11, 11.74, 7.91, 7.71]
[35.15, 34.98, 34.68, 34.5]
[35.31, 35.24, 35.08, 35.02]
[34.84, 34.06, 31.15, 22.66, 12.24, 8.89, 8.33]
[34.62, 34.34, 33.89, 33.76, 33.7]
[35.3, 35.16, 34.65, 34.45, 34.44, 34.43, 34.36]
[35.04, 34.45, 34.17, 33.97]
[34.84, 34.76, 34.7, 34.61]
[35.19, 35.08, 34.95]
[34.21, 31.51, 14.81, 3.01, 2.9, 2.5]
[34.78, 34.28, 32.78, 30.35, 27.12, 22.31, 21.01, 20.46]
[34.58, 33.41, 28.82, 18.97, 11.94, 11.15]
[34.95, 33.31, 23.87, 8.64, 6.4, 6.03]
[34.91, 34.65, 34.2, 34.03]
[34.96, 34.97, 34.98]
[35.02, 35.01, 34.96, 34.9]
[34.19, 31.83, 17.79, 4.61, 3.05, 2.9]
[35.13, 34.75, 34.14, 33.96]
[35.0, 34.11, 31.06, 19.41, 14.96, 14.57, 14.35]
[34.82, 34.75, 34.55, 34.55, 34.5]
[34.56, 31.71, 16.98, 7.63, 7.03]
[34.75, 34.65, 34.49, 34.35]
[34.98, 34.83, 34.57, 34.4, 34.33]
[34.53, 33.72, 29.94, 21.74, 15.02, 13.65]
[34.24, 32.3, 24.2, 12.6, 10.25]
[35.55, 35.57, 35.57, 35.47]
[35.17, 35.14, 35.14]
[34.59, 34.23, 31.85, 26.17, 17.83, 15.17, 14.74, 14.7]
[34.74, 34.57, 34.05, 33.77, 33.68, 33.61]
[34.99, 34.49, 30.85, 26.52, 18.67, 15.06, 14.59]
[34.85, 34.58, 34.18, 34.13, 34.08]
[34.6, 32.3, 21.94, 8.68, 5.77, 5.39]
[34.32, 32.2, 20.95, 3.76, 2.22]
[34.88, 32.9, 26.41, 13.86, 10.9, 10.74]
[34.62, 34.51, 34.42]
[34.75, 34.12, 32.9, 32.29, 31.69, 31.54, 31.36]
[35.27, 34.99, 34.45, 34.24, 34.13]
[34.06, 32.11, 21.66, 8.13, 6.64, 5.87, 5.75]
[34.52, 33.91, 32.57, 26.64, 17.59, 12.17, 11.49]
[34.67, 34.44, 34.23, 33.96, 33.99]
[34.06, 31.56, 17.27, 6.53, 5.54, 4.62]
[34.74, 34.43, 33.86, 30.86, 26.44, 19.96, 17.18, 16.56, 16.29]
[34.55, 33.59, 30.72, 25.57, 16.63, 12.04, 11.75]
[34.99, 34.8, 34.27, 34.03, 33.96]
[34.75, 34.46, 33.87, 33.68, 33.55]
[34.59, 33.48, 29.06, 15.19, 9.67, 8.09]
[34.51, 34.36, 34.09, 34.05, 33.99]
[34.82, 34.12, 31.39, 23.63, 13.57, 12.15, 11.97]
[34.74, 34.52, 34.15, 33.7]
[34.49, 33.76, 31.13, 24.58, 9.22, 5.92, 5.81]
[34.68, 33.02, 24.91, 9.64, 5.61, 4.5]
[34.53, 33.66, 32.37, 29.73, 22.16, 17.56, 15.25, 14.98]
[34.18, 33.2, 27.96, 15.42, 10.69, 10.71]
[34.87, 34.56, 34.49, 34.33]
[34.73, 34.38, 33.91, 33.38, 33.17]
[34.02, 32.0, 20.01, 4.91, 2.16]
[34.59, 33.14, 26.31, 15.88, 11.04, 10.37]
[34.65, 34.35, 33.21, 31.19, 24.68, 15.72, 12.14, 11.39, 11.28, 11.0]
[35.02, 34.88, 34.74]
[34.17, 27.43, 5.94, 1.57]
[34.67, 34.12, 33.72, 30.27, 21.9, 18.13, 17.06]
[34.49, 32.58, 23.02, 7.24, 5.22]
[33.32, 18.97, 0.12]
[34.86, 34.56, 34.25, 33.93]
[34.86, 34.74, 34.7, 34.53]
[35.09, 34.83, 34.27, 33.79, 33.74]
[35.11, 35.15, 35.04]
[34.69, 34.19, 32.11, 23.46, 13.76, 10.33]
[34.67, 34.34, 33.98, 33.81]
[34.91, 34.0, 31.81, 26.59, 16.59, 11.49, 10.57]
[34.98, 34.59, 34.24, 34.05]
[34.34, 33.94, 32.96, 29.15, 20.81, 6.9, 6.04]
[34.93, 34.85, 34.8, 34.75]
[34.63, 34.32, 33.81, 33.42, 33.06]
[34.93, 34.71, 34.51, 34.36, 34.3]
[34.18, 32.01, 19.45, 5.13, 4.19]
[34.49, 28.39, 11.74, 3.91, 3.03]
[35.1, 34.74, 34.43, 34.15, 34.08]
[34.76, 34.48, 34.12, 34.11, 34.07]
[34.8, 34.33, 33.03, 29.44, 20.86, 13.32, 11.84]
[34.31, 32.84, 25.12, 11.84, 6.97, 6.35, 6.16]
[33.96, 29.57, 7.0, 2.23]
[34.65, 33.98, 32.25, 26.44, 13.67, 9.18, 8.63]
[35.15, 35.02, 35.03, 35.0]
[34.99, 34.84, 34.85, 34.73]
[35.02, 34.73, 34.36, 34.26, 34.22]
[34.24, 32.41, 23.83, 10.33, 7.23, 5.24, 5.14]
[34.36, 33.87, 31.42, 25.83, 16.66, 12.83, 12.45]
[34.9, 34.61, 33.72, 31.22, 22.29, 15.92, 12.42, 12.13]
[34.85, 33.83, 30.67, 22.68, 10.05, 6.76, 6.57]
[34.55, 33.85, 31.47, 24.99, 16.61, 15.4, 15.35]
[35.09, 34.97, 34.71, 34.65, 34.61]
[34.68, 31.93, 15.58, 4.73, 4.5]
[34.44, 33.04, 28.27, 12.37, 6.48, 5.81, 5.71]
[34.84, 34.47, 33.74, 32.81, 32.04, 31.13, 30.99]
[34.18, 32.06, 17.1, 3.35, 2.77]
[33.87, 29.64, 6.15, 1.3, 1.24]
[34.96, 34.6, 33.97, 33.69, 33.56]
[34.55, 33.9, 30.38, 22.74, 12.18, 10.35]
[34.09, 30.21, 11.36, 1.45, 1.07]
[34.88, 34.76, 34.34, 33.94]
[34.14, 32.78, 24.93, 8.47, 2.28, 1.24]
[34.36, 33.21, 29.18, 18.51, 14.18, 13.48]
[34.47, 32.76, 22.48, 6.22, 3.73, 3.49]
[34.34, 31.68, 18.98, 8.57, 7.54, 7.45]
[34.26, 32.13, 22.48, 11.95, 8.55, 7.39, 7.28]
[34.53, 33.23, 27.94, 14.18, 9.92, 9.78]
[34.3, 32.49, 23.79, 5.69, 2.67, 2.58]
[35.14, 34.95, 34.66]
[34.46, 33.17, 28.97, 21.81, 14.87, 14.06, 13.72]
[35.06, 34.69, 34.1, 33.68, 33.61]
[35.03, 34.89, 34.73, 34.32, 34.25]
[34.87, 34.89, 34.82, 34.77]
[34.95, 34.71, 34.28, 34.21]
[34.72, 34.28, 32.87, 28.69, 20.87, 12.74, 10.99, 10.62]
[35.16, 34.57, 33.64, 32.05, 28.17, 22.33, 18.11, 16.9]
[34.79, 34.45, 32.96, 32.47, 32.18]
[34.91, 34.6, 34.45, 34.33]
[34.31, 31.55, 14.97, 5.23, 4.69]
[34.47, 33.44, 26.82, 10.22, 3.45, 2.85]
[34.63, 33.16, 28.24, 14.58, 10.08, 9.72]
[34.79, 34.28, 32.99, 29.13, 18.59, 12.48, 11.51, 11.26]
[33.97, 31.61, 16.96, 3.01, 2.7, 2.32]
[34.21, 29.73, 7.13, 2.03, 2.08]
[34.71, 34.27, 34.04, 33.93]
[34.49, 33.95, 31.57, 26.06, 19.12, 16.68, 16.24]
[34.86, 34.79, 34.73]
[34.59, 34.03, 33.1, 32.12, 31.85, 31.84, 31.79]
[34.96, 34.49, 34.04, 33.72, 33.61]
[35.02, 34.65, 34.54, 34.39]
[34.43, 32.19, 18.77, 3.56, 2.03, 1.35]
[34.21, 31.71, 19.04, 3.83, 3.54, 3.22]
[34.45, 33.28, 28.69, 19.46, 11.48, 9.89, 9.68]
[34.88, 34.72, 34.33, 34.18]
[34.68, 33.87, 31.31, 24.26, 15.06, 11.47, 10.89]
[33.76, 29.78, 10.6, 1.79, 1.6, 0.48, 0.38]
[34.41, 32.78, 23.01, 7.26, 5.32]
[34.61, 33.86, 31.36, 21.02, 12.51, 10.39]
[34.4, 28.51, 11.21, 2.18, 2.19]
[34.65, 34.57, 34.23, 34.18]
[34.63, 33.21, 25.84, 14.76, 11.87, 11.61]
[34.83, 34.67, 34.41, 34.33]
[34.14, 32.26, 19.61, 5.78, 4.07, 3.75]
[33.92, 27.48, 2.02, 0.52]
[34.2, 33.26, 28.25, 17.64, 13.97, 13.08]
[34.97, 34.82, 34.59, 34.56]
[34.67, 34.1, 32.95, 30.87, 27.56, 23.36, 20.79, 19.87]
[35.02, 34.75, 34.45, 34.34]
[34.69, 33.25, 29.13, 19.95, 13.94, 13.28, 13.06]
[34.67, 34.43, 34.37, 34.32]
[34.2, 30.86, 8.11, 1.77, 1.78]
[34.82, 33.66, 27.24, 14.03, 9.44, 8.18, 8.03]
[34.59, 34.12, 32.76, 29.0, 20.97, 14.32, 13.11]
[35.12, 34.95, 34.66, 34.32]
[34.24, 30.57, 13.97, 6.1, 5.86]
[35.1, 35.11]
[34.61, 33.77, 30.68, 20.96, 12.68, 11.22, 11.12]
[34.78, 34.55, 33.81, 33.34, 33.3]
[34.58, 33.46, 26.72, 12.28, 9.3, 9.19]
[34.93, 34.94, 34.76, 34.66]
[34.41, 32.62, 19.87, 4.53, 2.5, 1.7]
[34.95, 34.63, 34.45, 34.28]
[34.6, 33.28, 23.22, 7.51, 5.66, 5.48]
[35.02, 34.75, 33.85, 33.2, 33.03]
[34.84, 34.56, 34.27, 34.09]
[34.41, 33.16, 27.92, 13.03, 7.29, 6.62]
[35.0, 34.88, 34.31, 34.07, 34.09]
[34.04, 30.2, 9.2, 2.87, 2.8]
[34.14, 31.24, 11.34, 1.53, 1.53]
[34.76, 34.1, 33.56, 32.03, 28.12, 22.94, 17.73, 16.39, 15.72]
[34.85, 34.05, 31.76, 25.73, 17.15, 13.97]
[34.74, 34.07, 33.04, 30.38, 27.23, 22.52, 19.43, 19.02]
[34.63, 34.43, 33.99, 33.91]
[34.59, 33.44, 27.67, 12.62, 7.32, 6.48]
[34.37, 30.46, 10.85, 0.75, 0.47]
[34.63, 33.68, 30.6, 23.03, 14.21, 11.05, 10.57]
[34.5, 33.99, 32.74, 28.04, 16.21, 11.95, 10.69, 10.25]
[34.16, 31.77, 14.43, 3.33, 3.23]
[34.59, 33.55, 27.07, 14.6, 8.37, 8.18, 7.93]
[35.07, 34.55, 34.11, 32.37, 28.23, 21.12, 16.48, 15.56, 15.45]
[34.1, 31.3, 15.39, 6.15, 6.04]
[33.91, 30.68, 10.03, 2.51, 1.48, 0.94]
[34.85, 34.53, 34.02, 30.57, 25.01, 17.43, 12.32, 11.88]
[34.72, 34.48, 34.18, 33.97]
[34.53, 33.81, 29.49, 17.11, 9.43, 7.87]
[34.94, 34.76, 34.58, 34.58]
[34.79, 34.28, 33.9, 33.49, 33.42]
[34.76, 34.37, 33.95, 33.75]
[34.94, 34.82, 34.51, 34.34]
[35.01, 34.96, 34.84]
[34.45, 33.82, 31.78, 24.88, 15.29, 12.49, 11.53]
[34.95, 34.58, 33.59, 33.19, 33.12]
[34.57, 33.98, 32.03, 25.36, 14.78, 10.51, 8.65]
[34.45, 33.86, 31.92, 23.61, 11.83, 7.85, 7.37]
[34.39, 31.88, 20.12, 9.53, 7.53]
[34.92, 34.36, 33.85, 33.69, 33.64]
[34.79, 34.54, 34.1, 33.7, 33.68, 33.62]
[34.46, 33.23, 29.44, 16.55, 10.54, 9.91]
[34.5, 33.08, 27.88, 14.9, 8.48, 7.47]
[34.66, 33.76, 30.22, 23.41, 16.63, 12.28, 11.35]
[35.04, 34.98, 34.98, 34.92]
[33.74, 29.14, 7.96, 0.74, 0.74]
[34.61, 32.11, 18.89, 8.0, 6.8]
[33.54, 19.41, 0.12, 0.11]
[34.91, 34.74, 34.78, 34.73]
[34.22, 31.46, 16.39, 5.66, 5.32]
[34.84, 34.68, 34.47, 34.27, 34.21]
[34.43, 33.0, 27.08, 14.81, 7.77, 6.08]
[34.74, 34.43, 34.07, 33.73]
[34.56, 32.73, 26.3, 19.64, 16.58, 15.68]
[35.19, 34.98, 34.62, 34.45]
[34.3, 33.6, 30.44, 21.47, 9.56, 7.44]
[34.26, 32.84, 26.31, 7.04, 4.49, 3.59]
[35.03, 34.81, 34.34, 33.64, 33.52]
[34.52, 33.09, 29.07, 21.06, 17.94, 17.15]
[35.18, 34.67, 33.43, 29.72, 21.13, 15.63, 13.97]
[34.18, 30.52, 16.89, 7.21, 4.95, 4.87]
[35.33, 34.99, 34.4, 34.33]
[34.96, 34.55, 34.38, 34.31]
[35.22, 35.12, 34.84, 34.79]
[34.39, 33.69, 31.41, 24.17, 15.43, 9.43, 9.07]
[34.69, 33.74, 30.66, 22.08, 11.15, 10.47, 10.2, 9.65]
[34.95, 34.45, 33.95, 33.85]
[34.92, 33.43, 28.89, 17.35, 11.81, 11.52, 11.33]
[34.65, 33.66, 29.38, 18.75, 11.91, 11.29]
[34.96, 34.71, 34.59, 34.55]
[34.36, 33.35, 27.74, 16.0, 12.78]
[35.0, 34.28, 32.08, 26.88, 23.34, 20.36, 19.99]
[34.61, 33.96, 32.25, 27.35, 15.08, 11.55, 10.73, 10.17]
[34.5, 33.62, 29.83, 20.55, 14.84, 11.17]
[34.32, 32.5, 25.9, 11.42, 6.02, 5.79]
[34.38, 33.38, 27.45, 12.51, 8.22, 7.03, 5.56, 5.45]
[35.1, 35.12, 35.05]
[34.71, 34.48, 33.97, 33.64, 33.6, 33.55]
[34.37, 32.62, 25.09, 11.75, 6.06, 5.99]
[34.86, 34.24, 33.53, 30.62, 23.97, 20.22, 19.8, 19.54]
[34.71, 33.95, 32.6, 30.4, 27.6, 24.29, 22.38]
[34.79, 34.66, 34.31, 34.07]
[33.6, 25.32, 0.25, 0.21]
[33.4, 25.5, 1.84, 1.25]
[34.52, 33.62, 31.45, 22.64, 13.3, 10.3, 9.87, 9.79]
[34.56, 33.86, 32.16, 26.97, 20.13, 17.37, 17.25]
[34.93, 34.3, 32.75, 29.38, 19.69, 13.14, 11.88, 11.49]
[34.34, 32.78, 23.21, 10.59, 8.7]
[34.84, 33.94, 28.76, 17.74, 12.57, 12.02]
[35.06, 34.9, 34.65, 34.54]
[34.27, 31.07, 16.53, 6.27]
[35.14, 35.03, 35.04]
[34.3, 33.53, 28.57, 16.99, 10.2, 9.54, 9.44]
[34.47, 32.58, 23.75, 9.74, 6.36, 4.97]
[34.82, 34.73, 34.53]
[34.28, 32.93, 26.02, 12.51, 9.41, 7.25, 7.08, 6.98]
[34.71, 34.1, 31.08, 24.61, 17.42, 15.32]
[34.23, 33.15, 24.83, 5.24, 2.04]
[34.62, 33.75, 28.98, 16.77, 9.35, 7.0]
[34.09, 32.48, 25.17, 15.63, 9.98, 8.96]
[34.35, 32.18, 22.59, 9.77, 7.29, 6.86]
[35.06, 34.94, 34.94, 34.88]
[34.93, 34.73, 34.56, 34.13, 34.05]
[34.93, 34.76, 34.55, 34.45, 34.4]
[34.34, 32.85, 24.25, 9.33, 6.55, 5.99]
[34.88, 34.79, 34.81, 34.75]
[34.05, 29.73, 11.99, 3.84, 2.98]
[34.83, 34.57, 33.62, 33.07, 32.48, 32.32]
[34.8, 34.13, 31.83, 25.54, 13.4, 10.1]
[34.43, 33.11, 25.74, 14.53, 8.18, 7.57, 7.45]
[34.34, 32.0, 18.6, 6.2, 4.7, 4.33]
[35.28, 35.29, 35.21, 35.22]
[34.28, 33.61, 31.44, 21.31, 11.17, 10.44]
[35.06, 34.69, 33.82, 29.25, 20.36, 14.17, 13.28, 13.18]
[34.43, 33.68, 32.39, 27.03, 21.0, 18.32, 17.15]
[34.3, 33.27, 29.26, 17.17, 7.3, 5.08]
[34.74, 34.61, 34.16, 34.11]
[34.55, 33.31, 27.93, 14.8, 9.97, 9.26]
[34.6, 33.1, 25.99, 15.43, 8.01, 7.16, 6.95]
[35.06, 34.92, 34.44, 34.21]
[35.19, 35.05, 34.93, 34.87]
[34.83, 34.13, 32.28, 28.01, 21.71, 18.78, 17.95, 17.66]
[34.28, 32.51, 19.48, 2.08, 0.92]
[34.83, 34.26, 32.38, 28.45, 24.54, 22.0, 21.39]
[34.67, 34.31, 33.43, 30.48, 23.51, 17.4, 14.6, 14.18]
[34.52, 33.51, 26.4, 15.55, 11.74, 8.62, 7.58]
[34.49, 33.08, 23.21, 4.39, 3.57]
[34.21, 30.07, 9.32, 0.96]
[34.93, 34.31, 33.32, 31.41, 28.34, 23.62, 21.85, 21.82]
[34.82, 34.65, 34.26, 33.95, 33.89]
[34.6, 32.84, 21.25, 9.23, 7.31]
[34.68, 32.74, 20.89, 8.57, 7.24, 6.97]
[34.63, 33.83, 31.65, 25.26, 18.49, 16.06, 15.41]
[34.9, 34.4, 33.59, 32.25, 26.72, 19.06, 16.06, 14.74]
[34.49, 33.48, 28.48, 17.11, 12.28]
[34.66, 34.24, 33.16, 32.49, 32.27, 32.09]
[34.3, 32.69, 27.44, 11.07, 6.36, 6.2]
[34.15, 32.29, 24.03, 12.83, 8.79, 8.42]
[34.53, 34.08, 32.7, 29.49, 19.95, 16.49, 15.71]
[34.97, 34.61, 33.57, 31.12, 26.35, 19.25, 16.13, 15.51]
[34.81, 34.06, 29.56, 17.54, 12.09, 11.67]
[34.53, 33.46, 27.2, 16.69, 12.57, 11.66, 11.6]
[34.35, 33.7, 30.73, 26.27, 20.1, 16.29, 15.08]
[34.74, 34.42, 33.26, 29.53, 25.21, 20.74, 18.51, 18.12]
[34.51, 34.01, 30.71, 22.97, 16.26, 11.24, 9.31]
[34.87, 34.7, 34.47, 34.29]
[34.67, 33.82, 28.02, 13.83, 10.17, 9.75]
[34.27, 32.17, 24.33, 12.05, 7.86, 7.7]
[33.98, 30.02, 5.18, 1.3]
[34.49, 31.93, 21.0, 13.98, 12.66, 12.21]
[34.99, 34.9, 34.65, 34.56]
[34.56, 33.48, 31.33, 23.3, 14.7, 10.38, 10.1]
[33.9, 28.65, 2.92, 0.37]
[34.4, 32.19, 19.82, 10.08, 7.59, 7.4]
[34.94, 34.83, 34.56, 34.43]
[34.71, 33.73, 32.91, 30.32, 24.97, 18.37, 14.86, 14.62]
[34.43, 31.75, 16.43, 6.36, 5.32, 5.07]
[34.38, 31.13, 15.48, 3.26, 2.91, 2.74]
[35.11, 35.1, 34.97]
[34.52, 34.04, 33.63, 33.18, 32.94, 32.91]
[34.26, 32.66, 23.81, 11.96, 9.47, 9.38]
[34.21, 29.34, 2.86, 0.63]
[34.12, 29.23, 7.29, 3.04]
[34.87, 33.9, 29.9, 16.49, 5.22, 4.81]
[34.95, 34.05, 31.55, 24.97, 17.14, 14.57, 14.32]
[34.53, 33.68, 30.66, 19.17, 11.16, 8.69, 8.59]
[34.51, 34.32, 33.9, 33.85]
[34.11, 30.17, 10.45, 3.08, 3.14]
[35.02, 34.75, 34.55, 34.44]
[34.16, 30.92, 13.31, 4.32, 3.56]
[34.25, 30.91, 10.59, 0.38, 0.36]
[34.64, 34.23, 34.04, 33.81]
[34.34, 30.96, 13.44, 6.69, 4.93, 4.63]
[33.22, 23.84, 1.57, 1.48]
[34.62, 33.4, 27.23, 15.47, 10.88, 9.25]
[34.54, 32.92, 27.78, 12.18, 8.79, 8.39]
[34.8, 33.19, 22.57, 11.95, 8.49, 8.1]
[34.43, 33.08, 26.75, 9.42, 5.26, 5.2]
[34.48, 33.34, 27.85, 17.49, 10.38, 9.82]
[34.69, 34.35, 33.58, 32.13, 30.08, 27.34, 23.0, 19.95]
[33.89, 30.95, 10.14, 0.97, 0.86, 0.78]
[35.39, 35.09, 34.7, 34.2, 34.18]
[34.94, 34.57, 34.09, 33.58]
[34.86, 34.59, 34.29, 34.05]
[35.22, 35.07, 34.94]
[33.74, 28.94, 4.15, 1.14]
[34.59, 34.06, 32.87, 31.56, 28.03, 21.5, 18.23, 17.38]
[35.0, 34.5, 32.2, 26.48, 19.22, 15.2, 13.56]
[35.0, 34.52, 34.04, 33.67, 33.57]
[34.83, 34.59, 34.52, 34.42]
[34.73, 34.07, 31.62, 27.36, 20.59, 15.94, 14.76, 14.66]
[34.76, 34.71, 34.54, 34.43]
[34.8, 34.29, 32.41, 28.72, 21.31, 16.55, 15.64]
[34.71, 33.73, 30.72, 22.76, 14.96, 11.39, 10.92]
[34.49, 32.89, 23.58, 9.75, 6.1, 5.83]
[34.76, 34.72, 34.66]
[34.57, 32.96, 26.97, 18.4, 13.91, 13.04]
[34.77, 34.66, 34.28, 34.16]
[34.9, 34.73, 34.63, 34.58]
[34.86, 34.43, 33.24, 32.69, 32.1, 31.91]
[34.73, 33.5, 26.88, 13.65, 7.7, 7.28]
[34.8, 34.3, 33.42, 32.18, 29.35, 23.6, 19.0, 17.92]
[34.65, 34.05, 32.13, 26.11, 17.03, 10.97, 10.05, 9.85]
[34.24, 32.0, 20.25, 3.19, 2.37]
[34.63, 34.35, 33.89, 33.78, 33.7]
[34.72, 34.28, 32.99, 29.92, 25.85, 22.0, 19.29, 18.4]
[34.45, 33.19, 26.39, 12.47, 7.58, 7.15]
[34.3, 30.27, 11.7, 5.23, 4.99, 4.69]
[35.07, 35.02, 34.84]
[34.84, 34.19, 32.26, 28.04, 21.03, 18.42, 18.34]
[34.17, 32.45, 15.91, 0.36]
[34.35, 31.51, 17.37, 5.02, 4.58, 4.49, 4.23, 4.13]
[34.4, 33.51, 28.78, 16.98, 12.01, 11.52, 11.3]
[34.95, 34.92, 34.73]
[34.86, 34.62, 34.32, 34.26]
[34.88, 34.25, 32.22, 27.79, 20.56, 14.61, 13.37, 12.55, 12.26]
[34.89, 34.51, 34.01, 33.7, 33.56]
[34.08, 33.49, 30.42, 18.32, 11.53, 10.33]
[34.97, 34.79, 34.49, 34.49]
[35.26, 35.21, 34.91, 34.85]
[34.77, 34.56, 34.1]
[34.96, 34.8, 34.68, 34.58]
[35.15, 35.14, 35.02, 34.95, 34.9]
[35.09, 35.08, 34.97]
[33.93, 31.14, 15.29, 6.02, 5.36]
[34.66, 33.34, 22.78, 6.28, 4.4]
[34.76, 34.47, 34.26, 34.1]
[34.9, 34.81, 34.69, 34.43, 34.2]
[34.88, 34.35, 34.14, 34.09]
[33.88, 29.08, 6.73, 1.98]
[35.07, 34.92, 34.64, 34.41]
[34.76, 34.52, 34.23, 34.13]
[33.73, 21.4, 0.3]
[35.27, 35.12, 34.97, 34.73]
[34.67, 34.04, 32.13, 27.78, 18.58, 13.65, 12.6]
[34.53, 34.17, 33.76, 33.66]
[35.11, 34.49, 33.49, 29.99, 22.54, 14.9, 13.88]
[34.55, 34.01, 31.54, 23.52, 17.69, 16.31]
[34.45, 33.25, 27.26, 17.41, 10.61, 9.54]
[34.22, 32.84, 26.09, 11.76, 6.77, 6.38]
[34.57, 34.22, 33.09, 27.26, 18.31, 13.77, 12.77]
[34.98, 34.98]
[34.46, 32.97, 24.9, 17.19, 13.66, 13.53]
[35.2, 35.04, 34.84, 34.78]
[34.21, 32.59, 24.04, 9.84, 6.26, 5.84]
[34.85, 34.54, 33.91, 33.6, 33.57]
[34.85, 34.79, 34.71]
[35.31, 35.19, 35.01]
[34.45, 30.92, 20.18, 8.66, 6.23, 5.82, 5.63]
[35.01, 33.73, 27.23, 20.33, 14.23, 13.18]
[34.71, 34.24, 33.6, 33.06, 32.99]
[34.8, 33.82, 29.94, 18.86, 8.37, 7.47]
[34.56, 34.52, 34.25, 34.18]
[34.6, 33.14, 26.24, 16.87, 13.57, 13.36]
[34.93, 34.68, 34.41, 34.34, 34.34]
[35.26, 35.16, 34.99, 34.93]
[35.12, 34.88, 34.62, 34.56]
[34.85, 34.71, 34.49, 34.35]
[35.34, 35.25, 35.05]
[35.37, 35.26, 35.15]
[34.71, 33.67, 28.74, 20.95, 13.56, 12.51]
[34.6, 34.12, 32.72, 27.36, 21.14, 17.23, 16.89]
[34.36, 32.65, 27.38, 13.09, 9.12, 8.17, 7.76]
[34.24, 32.57, 25.99, 13.38, 10.62, 9.94]
[34.63, 33.7, 29.86, 23.34, 18.01, 16.94, 16.85]
[34.33, 32.82, 27.61, 16.0, 11.38, 10.95]
[34.34, 31.89, 18.2, 6.86, 5.88]
[34.42, 31.52, 15.16, 3.44, 3.31]
[34.39, 32.45, 22.44, 10.19, 6.98, 6.53]
[34.47, 31.21, 17.49, 5.97, 3.48, 3.39]
[34.64, 34.39, 32.6, 27.93, 20.86, 16.07, 14.08, 13.59, 13.46, 13.04]
[34.39, 32.99, 23.4, 9.17, 6.67, 6.24]
[34.47, 34.03, 31.98, 26.61, 16.87, 12.16, 11.24]
[35.22, 34.98, 34.56, 34.57]
[35.04, 34.83, 34.52, 34.33]
[34.86, 34.73, 33.92, 32.25, 29.38, 22.9, 17.53, 16.72]
[35.06, 34.96, 34.53]
[35.2, 35.02, 34.79]
[35.05, 35.0, 34.8]
[34.2, 28.69, 4.35, 0.99]
[34.45, 33.93, 32.63, 30.4, 23.55, 16.11, 12.84, 12.76]
[34.77, 34.3, 30.95, 23.89, 20.28, 18.86]
[34.22, 32.04, 22.93, 7.69, 6.18, 6.07]
[34.25, 32.72, 25.71, 15.21, 11.6, 11.05]
[34.82, 34.68, 34.35, 33.74, 33.66, 33.59]
[34.37, 33.82, 31.73, 25.21, 16.36, 13.14, 12.61]
[34.77, 34.63, 34.31, 34.04, 33.91]
[34.75, 34.28, 32.66, 29.26, 24.56, 22.1, 21.06]
[34.76, 34.19, 32.93, 29.4, 23.04, 17.85, 14.89, 14.5, 14.19, 13.62]
[34.3, 33.11, 29.52, 19.75, 9.02, 8.29, 7.87]
[34.5, 34.06, 33.02, 32.41, 31.09, 28.99, 26.61, 25.74, 25.43]
[34.39, 32.07, 22.93, 8.36, 6.08, 5.88]
[34.45, 33.05, 24.5, 7.2, 5.59]
[34.44, 33.49, 26.71, 14.21, 9.72, 8.54]
[34.56, 34.19, 33.65, 33.45, 33.38]
[34.83, 34.49, 33.56, 31.61, 26.47, 19.3, 17.41, 16.92]
[34.62, 33.39, 27.72, 11.19, 6.06, 5.59]
[34.75, 33.76, 28.05, 12.27, 4.11, 4.02, 3.59]
[34.48, 32.94, 28.68, 18.54, 8.0, 7.07, 6.97]
[34.71, 34.47, 34.42, 34.34]
[35.1, 34.98, 34.77, 34.53, 34.47]
[34.85, 33.77, 28.25, 16.15, 9.01, 8.74]
[34.79, 33.91, 30.23, 22.35, 16.64, 14.91, 14.6]
[35.05, 34.21, 32.0, 26.31, 20.25, 18.91, 18.55]
[35.0, 34.67, 34.37, 34.22]
[33.72, 27.69, 2.86, 0.43]
[34.02, 29.76, 5.61, 1.21, 0.97]
[34.07, 31.9, 17.58, 3.22, 1.88]
[34.4, 32.64, 22.93, 8.77, 5.7]
[35.15, 35.09, 35.0, 34.95]
[34.97, 34.64, 33.94, 33.63, 33.58]
[35.06, 35.05, 35.0, 34.94]
[35.12, 35.01, 34.88, 34.85]
[34.66, 33.02, 26.81, 9.14, 5.63, 5.32]
[34.88, 34.74, 34.46, 34.35]
[34.44, 31.84, 18.76, 5.11, 4.41]
[35.19, 35.0, 34.6, 34.47, 34.41]
[34.39, 31.95, 20.16, 3.06, 2.19]
[33.74, 28.69, 3.75, 1.54]
[34.69, 33.08, 26.53, 15.93, 9.67, 9.59]
[35.21, 35.14, 35.14, 35.08]
[33.36, 22.3, 0.25, 0.22]
[34.41, 31.49, 17.16, 7.44, 6.08]
[35.08, 34.98, 34.66]
[34.6, 33.37, 28.54, 13.88, 8.0, 7.48]
[34.11, 31.21, 15.74, 3.93, 3.64]
[34.51, 33.82, 32.42, 28.94, 20.83, 12.34, 8.31, 7.79]
[35.17, 35.08, 34.95, 34.84]
[34.98, 34.29, 32.57, 29.26, 20.91, 15.05, 11.88, 10.88]
[35.22, 34.94, 34.78, 34.68]
[35.18, 35.14, 34.95]
[34.52, 32.6, 20.66, 7.62, 6.19]
[34.69, 34.43, 34.15, 34.05]
[34.77, 34.51, 34.27, 33.96]
[35.26, 34.96, 34.77, 34.74]
[34.22, 32.44, 23.82, 7.16, 4.09, 2.66, 0.8, 0.64]
[34.72, 34.0, 31.3, 24.94, 19.02, 17.2, 17.13]
[35.11, 35.01, 34.98, 34.92]
[34.05, 29.68, 13.17, 6.13, 5.69]
[34.57, 32.37, 17.8, 6.26, 5.99, 5.92]
[34.59, 34.12, 33.52, 33.38, 33.39]
[34.59, 34.36, 34.26, 34.2]
[34.81, 34.41, 33.83, 32.51, 28.08, 22.68, 19.08, 18.27]
[34.92, 34.76, 34.49, 34.0, 33.95]
[34.72, 34.24, 32.38, 26.81, 18.32, 15.27]
[34.55, 33.92, 30.36, 17.41, 10.71, 10.44]
[35.44, 35.08, 34.6, 34.43]
[34.92, 34.77, 34.37, 34.19]
[34.66, 33.95, 32.4, 28.24, 21.03, 17.06, 14.38, 13.94]
[34.22, 28.98, 7.69, 2.89, 2.59]
[34.26, 32.24, 22.16, 10.89, 8.23, 7.89]
[35.15, 34.98, 34.98, 34.94]
[35.03, 34.83, 34.63, 34.59]
[34.98, 34.82, 34.59, 34.5]
[35.34, 35.14, 34.99, 34.81]
[34.9, 34.62, 34.24, 34.08]
[34.53, 33.71, 32.12, 28.14, 16.74, 12.78, 11.73]
[34.69, 34.62, 34.1, 34.07, 34.02]
[34.3, 31.5, 14.17, 2.88, 2.42, 1.81, 1.55]
[34.11, 31.46, 15.06, 1.87, 1.6]
[34.66, 33.68, 27.25, 15.91, 11.92, 11.57]
[34.83, 34.39, 33.57, 33.29, 33.2]
[34.16, 32.07, 20.12, 4.91, 3.71, 3.64]
[35.07, 34.68, 34.05, 33.69]
[34.43, 32.28, 21.29, 7.42, 5.1]
[34.61, 34.12, 33.8, 33.26, 33.1, 33.1]
[33.69, 27.47, 1.44, 0.58]
[35.25, 35.1, 34.92, 34.86]
[35.12, 34.87, 34.23, 33.91, 33.92]
[34.3, 31.44, 18.91, 5.64, 4.37, 4.08]
[34.92, 34.09, 28.56, 14.8, 9.11, 7.95]
[33.84, 28.85, 4.21, 0.26]
[34.61, 34.2, 34.02, 33.79, 33.72]
[34.88, 33.98, 32.52, 28.1, 19.5, 14.0, 13.8, 13.2]
[34.83, 34.77, 34.61, 34.37]
[34.82, 34.05, 30.65, 24.0, 15.17, 12.08, 11.9]
[35.02, 34.81, 34.76]
[34.21, 32.14, 18.97, 6.63, 4.86]
[34.74, 34.34, 32.88, 28.88, 21.16, 12.38, 11.3, 10.99]
[34.52, 33.96, 29.96, 19.13, 12.93, 10.29, 10.19]
[34.29, 31.22, 14.91, 2.06, 1.53]
[34.57, 33.15, 25.73, 11.02, 6.91, 6.75]
[34.68, 34.34, 34.16, 33.65, 33.42]
[34.44, 32.94, 23.09, 9.79, 8.01]
[34.64, 34.37, 32.97, 29.91, 23.6, 16.93, 14.59, 13.76]
[34.41, 32.74, 24.32, 10.3, 8.12, 7.87]
[34.66, 33.85, 28.33, 18.16, 12.81, 12.1]
[34.41, 33.97, 33.32, 30.82, 26.24, 19.66, 16.62, 15.65, 14.87]
[34.26, 32.62, 25.75, 11.74, 6.57, 6.27]
[34.69, 33.76, 30.74, 23.85, 16.55, 13.83, 13.47]
[34.46, 33.88, 30.77, 18.94, 4.76, 3.9, 3.8, 3.71]
[35.22, 34.68, 33.48, 31.56, 28.14, 23.18, 17.83, 15.94]
[34.32, 32.55, 23.68, 10.64, 8.17, 7.96]
[35.02, 33.6, 27.13, 18.06, 12.88, 11.98]
[34.31, 28.14, 3.33, 1.41, 1.31]
[34.72, 34.18, 33.49, 31.6, 24.65, 19.11, 15.25, 14.11, 14.03]
[34.65, 33.35, 25.48, 17.27, 14.98]
[34.53, 33.7, 26.65, 14.89, 9.13, 8.83]
[34.64, 33.87, 32.46, 27.12, 18.15, 13.27, 10.72, 10.39, 10.29]
[34.76, 34.39, 32.22, 23.09, 14.62, 12.13]
[34.57, 33.79, 30.35, 22.89, 15.22, 14.14]
[34.55, 33.56, 28.05, 10.53, 7.4, 7.11]
[34.28, 32.03, 19.9, 6.61, 3.12, 3.03]
[34.86, 34.57, 34.03, 33.87, 33.82]
[35.27, 35.18, 35.2]
