[34.6, 21.07, 0.02]
[34.34, 18.27, 0.06, 0.02]
[34.58, 24.51, 0.08]
[34.54, 19.27, 0.13, 0.08]
[34.16, 12.32, 0.11, 0.06]
[34.83, 20.57, 0.11, 0.04]
[34.81, 18.83, 0.06, 0.04]
[34.88, 13.95, 0.11, 0.06]
[34.09, 2.44, 0.54, 0.2, 0.05]
[34.39, 9.95, 0.14, 0.06]
[34.25, 6.28, 0.12, 0.11]
[35.04, 23.2, 0.04]
[34.47, 15.78, 0.03]
[34.67, 16.66, 0.13, 0.07]
[34.24, 10.83, 0.09, 0.03]
[34.55, 21.1, 0.05]
[34.81, 17.8, 0.02]
[34.35, 11.88, 0.05, 0.04]
[34.56, 13.29, 0.08, 0.05]
[34.66, 8.79, 0.18, 0.07]
[34.56, 13.53, 0.09, 0.07]
[34.39, 13.38, 0.03, 0.02]
[34.94, 21.03, 0.03, 0.0]
[34.86, 22.62, 0.04]
[33.96, 2.65, 0.33, 0.13, 0.06]
[35.2, 29.47, 0.24]
[35.06, 22.65, 0.02]
[34.67, 15.22, 0.12, 0.06]
[34.73, 19.36, 0.05, 0.03]
[34.7, 20.22, 0.06]
[34.52, 21.18, 0.03]
[35.14, 25.33, 0.02]
[34.8, 16.61, 0.09, 0.06]
[34.38, 11.79, 0.08, 0.03]
[34.53, 13.94, 0.1, 0.09]
[34.47, 23.49, 0.09]
[35.6, 30.18, 0.24]
[34.91, 27.22, 0.2, 0.14]
[34.96, 27.31, 0.09]
[35.06, 25.34, 0.11]
[34.7, 23.4, 0.05]
[34.87, 17.16, 0.11]
[34.76, 22.03, 0.2, 0.18]
[34.88, 26.48, 0.38]
[34.7, 10.39, 0.17, 0.05]
[34.57, 16.3, 0.12, 0.08]
[34.71, 10.34, 0.14, 0.09]
[34.93, 26.19, 0.1]
[34.7, 19.05, 0.03]
[35.03, 21.13, 0.05]
[34.61, 21.93, 0.02]
[34.92, 19.84, 0.09, 0.06]
[34.01, 5.92, 0.1, 0.05]
[34.63, 9.63, 0.19, 0.04]
[34.65, 18.21, 0.02]
[35.13, 28.75, 0.16]
[34.55, 18.57, 0.06, 0.04]
[35.03, 25.19, 0.0]
[34.27, 6.24, 0.1, 0.06]
[34.78, 15.11, 0.07]
[34.75, 27.39, 0.17, 0.15]
[34.83, 17.1, 0.01]
[33.28, 0.87, 0.33, 0.1, 0.08]
[33.65, 3.58, 0.25, 0.09, 0.05]
[35.0, 22.94, 0.53, 0.44]
[33.7, 2.6, 0.3, 0.13, 0.1]
[34.1, 5.57, 0.14, 0.1]
[34.14, 10.55, 0.11, 0.04]
[35.09, 17.51, 0.05, 0.03]
[34.7, 21.34, 0.11, 0.07]
[35.09, 22.9, 0.04]
[34.97, 24.62, 0.06, 0.04]
[34.74, 15.85, 0.12, 0.07]
[35.36, 28.93, 0.07]
[34.95, 23.58, 0.56, 0.19]
[34.81, 16.62, 0.1, 0.06]
[35.05, 23.2, 0.04]
[34.82, 18.05, 0.06]
[34.85, 21.92, 0.09]
[34.57, 14.11, 0.05]
[34.69, 25.6, 0.09]
[34.17, 7.2, 0.08, 0.04]
[35.19, 28.64, 0.07]
[34.99, 26.52, 0.07]
[34.58, 11.17, 0.12, 0.07]
[34.74, 19.19, 0.06]
[33.81, 4.31, 0.41, 0.1]
[34.61, 14.7, 0.04]
[35.12, 26.26, 0.07]
[34.98, 16.24, 0.06, 0.04]
[34.18, 12.84, 0.04]
[34.74, 13.65, 0.11, 0.06]
[34.4, 10.84, 0.08, 0.05]
[34.25, 9.61, 0.11, 0.06]
[34.87, 20.05, 0.08, 0.06]
[34.88, 22.91, 0.01]
[34.11, 1.99, 0.28, 0.12, 0.08]
[34.6, 23.09, 0.07, 0.06]
[34.86, 20.61, 0.08]
[34.69, 18.93, 0.06]
[34.5, 14.23, 0.03, 0.02]
[34.87, 28.02, 0.09]
[35.1, 26.29, 0.12, 0.09]
[34.12, 10.65, 0.13, 0.06]
[34.8, 24.34, 0.02]
[34.22, 4.34, 0.24, 0.12]
[35.08, 29.3, 0.18]
[34.22, 7.0, 0.1, 0.06]
[34.98, 12.82, 0.09, 0.05]
[34.81, 24.11, 0.08, 0.06]
[34.78, 18.19, 0.05]
[35.08, 25.83, 0.14]
[34.74, 24.49, 0.12, 0.08]
[34.47, 9.44, 0.11, 0.08]
[34.67, 23.6, 0.03]
[34.97, 16.61, 0.08, 0.05]
[34.54, 19.21, 0.03, 0.01]
[34.2, 7.97, 0.16, 0.12]
[34.58, 18.89, 0.07]
[34.93, 25.29, 0.09]
[34.56, 15.19, 0.1, 0.04]
[34.13, 4.96, 0.22, 0.04]
[34.78, 21.74, 0.12, 0.08]
[35.15, 28.22, 0.16]
[34.06, 2.34, 0.3, 0.14, 0.07]
[34.63, 16.51, 0.07, 0.05]
[35.06, 28.63, 0.0]
[34.65, 12.92, 0.08, 0.06]
[33.84, 2.83, 0.29, 0.17]
[34.48, 9.26, 0.12, 0.03]
[34.63, 19.63, 0.06, 0.04]
[34.76, 20.85, 0.08]
[35.01, 26.9, 0.26]
[34.32, 6.46, 0.14, 0.05]
[34.61, 17.98, 0.08]
[34.38, 8.17, 0.12, 0.07]
[34.76, 18.98, 0.04]
[34.65, 19.61, 0.02]
[34.78, 27.36, 0.34, 0.27]
[34.74, 7.62, 0.08, 0.05]
[34.74, 19.95, 0.08]
[34.33, 6.97, 0.23, 0.06]
[34.52, 18.24, 0.04, 0.02]
[33.86, 9.36, 0.2, 0.07]
[34.31, 7.78, 0.19, 0.07]
[34.96, 26.98, 0.12]
[33.81, 1.87, 0.29, 0.07]
[34.26, 12.17, 0.1, 0.05]
[34.39, 13.75, 0.07, 0.03]
[35.29, 26.11, 0.26, 0.09]
[34.76, 19.27, 0.06, 0.04]
[35.2, 27.85, 0.08]
[34.66, 20.75, 0.07, 0.06]
[34.58, 11.57, 0.1, 0.03]
[34.92, 20.73, 0.05]
[35.3, 28.14, 0.11]
[34.31, 12.83, 0.18, 0.06]
[34.68, 23.07, 0.08]
[35.25, 28.97, 0.63, 0.43]
[35.16, 24.85, 0.05]
[35.16, 25.86, 0.13]
[33.93, 11.09, 0.07, 0.06]
[34.78, 27.84, 0.89]
[34.23, 12.12, 0.08, 0.06]
[34.99, 27.5, 0.23]
[34.42, 9.75, 0.09, 0.03]
[34.86, 22.26, 0.04]
[34.8, 26.12, 0.04]
[34.59, 15.24, 0.06, 0.04]
[34.21, 7.16, 0.09, 0.03]
[35.56, 27.32, 0.41, 0.32]
[35.08, 25.74, 0.08, 0.05]
[35.13, 27.25, 0.22, 0.17]
[34.98, 23.66, 0.1]
[35.35, 27.94, 0.24]
[35.02, 24.35, 0.07]
[35.01, 28.57, 0.23, 0.19]
[34.96, 21.35, 0.06]
[34.49, 20.58, 0.02]
[34.45, 12.19, 0.13, 0.08]
[35.1, 26.38, 0.05]
[34.87, 29.72, 0.44]
[34.63, 18.56, 0.04]
[35.0, 27.79, 0.94, 0.29, 0.27]
[35.2, 26.88, 0.07]
[34.69, 23.79, 0.21, 0.11]
[35.07, 27.8, 0.41, 0.26]
[34.65, 10.6, 0.12, 0.05]
[34.7, 7.1, 0.18, 0.06]
[34.42, 12.74, 0.04, 0.01]
[34.18, 7.85, 0.17, 0.07]
[34.64, 19.85, 0.05, 0.03]
[34.76, 19.15, 0.07, 0.05]
[34.73, 8.53, 0.1, 0.03]
[34.42, 12.78, 0.11, 0.05]
[34.94, 27.69, 0.07]
[34.54, 15.4, 0.04, 0.02]
[34.26, 8.59, 0.12, 0.08]
[34.96, 26.98, 0.04]
[34.6, 21.56, 0.05]
[34.24, 6.3, 0.32, 0.06]
[34.91, 24.8, 0.08]
[34.84, 23.18, 0.02]
[35.03, 28.33, 0.11]
[34.91, 11.89, 0.08, 0.05]
[34.76, 12.91, 0.07, 0.03]
[34.47, 19.73, 0.15]
[34.25, 7.96, 0.09, 0.04]
[35.0, 23.27, 0.05, 0.02]
[33.9, 11.41, 0.17, 0.1]
[34.74, 20.07, 0.12, 0.08]
[34.12, 7.45, 0.21, 0.08, 0.04]
[34.88, 21.82, 0.04]
[34.0, 4.64, 0.2, 0.14]
[34.37, 6.65, 0.15, 0.06]
[35.27, 25.45, 0.05]
[34.54, 18.98, 0.03]
[34.82, 31.15, 0.32]
[34.42, 6.58, 0.21, 0.06]
[33.66, 2.78, 0.39, 0.09]
[34.89, 25.72, 0.61, 0.31]
[34.57, 14.74, 0.1, 0.05]
[34.6, 20.07, 0.06, 0.04]
[35.39, 27.11, 0.16]
[34.67, 17.87, 0.05, 0.03]
[35.11, 26.41, 0.07]
[33.98, 3.67, 0.23, 0.05]
[34.31, 13.03, 0.09, 0.04]
[35.23, 20.09, 0.07, 0.05]
[34.8, 19.25, 0.05]
[34.87, 20.45, 0.1, 0.06]
[34.41, 15.35, 0.08, 0.04]
[34.86, 12.38, 0.07, 0.03]
[34.78, 16.48, 0.13, 0.03]
[34.23, 8.75, 0.1, 0.07]
[34.93, 25.48, 0.12, 0.07]
[35.12, 23.16, 0.08, 0.06]
[34.87, 20.68, 0.03]
[34.44, 18.26, 0.09]
[34.52, 15.15, 0.05]
[34.82, 20.36, 0.02]
[34.15, 2.6, 0.25, 0.14]
[34.88, 26.85, 0.22]
[34.43, 11.55, 0.03]
[34.97, 25.24, 0.05]
[35.5, 29.73, 0.26]
[34.91, 27.57, 0.16]
[34.14, 7.71, 0.2, 0.08]
[34.92, 21.19, 0.06]
[34.64, 17.39, 0.07, 0.06]
[34.69, 26.01, 0.17]
[35.04, 26.94, 0.08]
[34.32, 5.11, 0.19, 0.14]
[34.55, 7.59, 0.13, 0.09]
[34.48, 13.86, 0.16, 0.04]
[34.91, 23.51, 0.06]
[34.76, 21.64, 0.12, 0.07]
[34.94, 26.75, 0.13]
[34.54, 20.04, 0.03]
[34.98, 26.85, 0.11, 0.1]
[34.0, 1.61, 0.3, 0.13, 0.08]
[34.24, 11.8, 0.13, 0.05]
[33.93, 2.28, 0.29, 0.18, 0.09]
[34.09, 7.15, 0.18, 0.07]
[34.79, 15.55, 0.08, 0.07]
[34.53, 18.26, 0.03]
[34.12, 8.23, 0.19, 0.09]
[34.77, 26.38, 0.05]
[34.76, 21.6, 0.02]
[34.97, 24.98, 0.06]
[34.47, 12.3, 0.06, 0.04]
[35.07, 28.48, 0.11]
[34.2, 10.93, 0.08, 0.07]
[35.1, 28.53, 0.13, 0.09]
[34.12, 9.43, 0.11, 0.08]
[34.93, 21.35, 0.06, 0.04]
[35.23, 23.51, 0.04]
[34.36, 14.73, 0.08]
[34.32, 11.03, 0.16, 0.07]
[34.46, 13.79, 0.09]
[34.14, 12.36, 0.12, 0.03]
[34.62, 13.92, 0.07, 0.05]
[34.49, 17.81, 0.07, 0.05]
[34.12, 11.17, 0.1, 0.04]
[35.05, 30.97, 0.89, 0.86]
[34.3, 11.44, 0.16, 0.07]
[34.55, 18.8, 0.08, 0.06]
[34.59, 14.47, 0.07, 0.04]
[34.53, 9.23, 0.15, 0.07]
[34.58, 12.91, 0.03, 0.02]
[34.9, 15.08, 0.11, 0.06]
[34.33, 9.04, 0.06, 0.05]
[35.01, 24.1, 0.1]
[34.97, 25.0, 0.11]
[34.63, 10.52, 0.19, 0.09]
[34.22, 6.43, 0.18, 0.04]
[34.75, 24.77, 0.1]
[34.88, 22.25, 0.07]
[34.59, 16.02, 0.13, 0.09]
[34.87, 19.75, 0.11, 0.03]
[34.76, 23.74, 0.05]
[35.03, 15.23, 0.07, 0.06]
[34.28, 16.47, 0.02]
[35.27, 32.09, 2.97, 0.17, 0.15]
[34.66, 22.34, 0.11]
[35.12, 29.07, 0.36]
[34.95, 25.28, 0.1]
[34.92, 28.94, 0.16]
[34.55, 18.37, 0.09, 0.04]
[34.71, 22.58, 0.16, 0.14]
[34.87, 22.26, 0.06]
[35.0, 29.4, 0.09]
[34.7, 24.66, 0.04]
[34.58, 17.59, 0.09, 0.06]
[34.84, 18.15, 0.11]
[33.73, 1.51, 0.48, 0.37, 0.12]
[34.47, 12.43, 0.13, 0.07]
[34.56, 17.6, 0.05]
[35.25, 27.83, 0.08]
[34.6, 18.16, 0.04]
[34.57, 19.47, 0.08, 0.03]
[34.82, 17.78, 0.08, 0.06]
[34.71, 23.08, 0.01]
[34.57, 13.82, 0.13, 0.06]
[34.96, 17.52, 0.06]
[34.95, 29.68, 0.53, 0.28]
[34.61, 26.12, 0.03]
[34.89, 22.63, 0.08, 0.02]
[34.69, 20.95, 0.05]
[34.44, 17.04, 0.12]
[35.06, 26.06, 0.37, 0.28]
[34.23, 4.44, 0.13, 0.02]
[34.29, 10.27, 0.1, 0.06]
[33.89, 2.85, 0.43, 0.14, 0.08]
[34.82, 18.06, 0.08, 0.03]
[34.81, 25.47, 0.24, 0.17]
[33.92, 1.57, 0.43, 0.19, 0.09]
[34.44, 5.69, 0.23, 0.05]
[34.37, 5.89, 0.09, 0.06]
[35.11, 28.4, 0.18]
[33.59, 1.24, 0.49, 0.38, 0.07]
[34.63, 13.28, 0.14, 0.04]
[35.09, 28.88, 0.12]
[34.51, 10.91, 0.14, 0.09]
[34.75, 25.3, 0.02]
[34.82, 21.23, 0.1, 0.07]
[34.79, 19.5, 0.04]
[35.17, 25.99, 0.02]
[35.04, 25.42, 0.08]
[34.53, 16.28, 0.12, 0.04]
[34.33, 18.68, 0.08, 0.06]
[34.58, 12.87, 0.19, 0.07]
[34.48, 11.25, 0.1, 0.04]
[34.63, 18.62, 0.1, 0.06]
[35.57, 28.84, 0.14]
[35.11, 25.46, 0.12]
[34.59, 19.36, 0.09, 0.06]
[34.78, 23.05, 0.02]
[34.62, 9.45, 0.07, 0.05]
[34.75, 20.93, 0.05]
[34.62, 13.45, 0.06, 0.04]
[34.86, 18.46, 0.04]
[34.15, 13.39, 0.05, 0.03]
[34.74, 23.01, 0.13]
[34.46, 18.59, 0.08, 0.05]
[35.14, 23.58, 0.02]
[34.67, 21.08, 0.04]
[35.12, 25.48, 0.04]
[35.41, 23.96, 0.25]
[33.59, 2.1, 0.33, 0.24]
[34.46, 10.17, 0.1, 0.05]
[34.63, 16.8, 0.07, 0.04]
[34.78, 25.23, 0.05]
[34.65, 20.68, 0.08, 0.05]
[34.86, 19.15, 0.06, 0.04]
[33.8, 4.94, 0.22, 0.1, 0.05]
[34.98, 23.25, 0.08, 0.06]
[35.28, 21.06, 0.08]
[34.03, 12.11, 0.04]
[35.07, 27.89, 0.1]
[34.69, 18.83, 0.1, 0.04]
[34.83, 19.77, 0.09, 0.06]
[34.7, 9.44, 0.25, 0.04]
[35.13, 23.79, 0.06]
[35.13, 26.95, 0.12, 0.1]
[34.42, 13.38, 0.13, 0.05]
[35.08, 27.78, 0.11]
[33.86, 3.54, 0.24, 0.13]
[35.06, 27.27, 0.09, 0.07]
[34.67, 19.73, 0.02]
[34.64, 9.79, 0.13, 0.07]
[34.53, 15.08, 0.03, 0.02]
[34.59, 14.99, 0.04]
[34.93, 22.92, 0.09]
[34.91, 26.95, 0.32]
[34.97, 22.44, 0.11, 0.07]
[34.7, 18.65, 0.06]
[34.49, 9.44, 0.05]
[34.87, 22.78, 0.05]
[34.64, 16.09, 0.05, 0.03]
[35.07, 25.43, 0.04]
[34.85, 20.87, 0.09, 0.07]
[34.57, 17.3, 0.09]
[34.18, 7.36, 0.12, 0.06]
[34.95, 25.99, 0.19]
[34.41, 14.13, 0.33, 0.3]
[35.18, 29.94, 0.35]
[34.59, 11.44, 0.19, 0.04]
[33.55, 1.21, 0.46, 0.26, 0.09]
[34.63, 21.15, 0.1]
[34.62, 11.68, 0.05]
[33.66, 1.52, 0.39, 0.19, 0.1]
[34.59, 18.87, 0.03]
[34.51, 12.9, 0.06, 0.04]
[35.07, 24.28, 0.13]
[34.35, 13.39, 0.09, 0.04]
[34.09, 6.34, 0.13, 0.05]
[34.41, 15.77, 0.04, 0.03]
[34.93, 29.21, 0.43, 0.24]
[34.41, 7.27, 0.1, 0.05]
[33.9, 3.02, 0.38, 0.11, 0.1]
[34.19, 8.0, 0.09, 0.06]
[34.92, 24.61, 0.06, 0.03]
[33.89, 1.07, 0.41, 0.26, 0.1]
[34.72, 15.98, 0.08, 0.04]
[34.73, 20.92, 0.05]
[35.0, 25.96, 0.17, 0.15]
[34.89, 26.16, 0.06]
[34.6, 16.1, 0.05, 0.03]
[34.65, 24.5, 0.07, 0.05]
[34.85, 22.03, 0.06, 0.04]
[34.35, 7.36, 0.15, 0.07]
[35.46, 25.61, 0.1]
[34.88, 27.58, 0.11]
[33.75, 1.4, 0.5, 0.3, 0.09]
[34.93, 23.24, 0.06]
[34.81, 20.71, 0.06]
[34.94, 28.6, 0.26, 0.23]
[34.99, 25.8, 0.09]
[34.25, 8.37, 0.12, 0.07]
[34.57, 22.86, 0.05, 0.02]
[35.02, 16.37, 0.05, 0.01]
[34.49, 20.28, 0.02]
[35.04, 26.47, 0.19]
[35.04, 22.05, 0.04]
[34.31, 5.07, 0.12, 0.08]
[35.11, 28.57, 0.12]
[34.99, 22.29, 0.08, 0.06]
[34.76, 23.54, 0.03]
[34.67, 8.98, 0.3, 0.09, 0.08]
[34.59, 14.21, 0.06]
[34.72, 13.63, 0.09, 0.07]
[35.11, 26.41, 0.07]
[34.69, 16.65, 0.05]
[34.33, 10.06, 0.15, 0.08]
[35.18, 23.42, 0.08, 0.06]
[34.42, 16.93, 0.02]
[34.03, 6.17, 0.19, 0.06]
[34.79, 20.61, 0.04]
[34.49, 16.79, 0.12, 0.06]
[34.38, 10.65, 0.11, 0.08]
[35.09, 23.8, 0.03]
[35.15, 28.87, 0.21]
[34.24, 14.06, 0.18, 0.04]
[34.93, 20.64, 0.07]
[34.49, 20.23, 0.01]
[34.96, 22.11, 0.08]
[34.77, 12.6, 0.19, 0.13]
[34.11, 8.64, 0.13, 0.07]
[34.93, 25.97, 0.14]
[34.59, 12.22, 0.09, 0.05]
[34.34, 11.06, 0.11, 0.05]
[34.77, 11.85, 0.1, 0.08]
[34.9, 27.25, 0.2]
[34.5, 22.38, 0.01]
[34.65, 17.29, 0.22, 0.17]
[34.87, 23.52, 0.02]
[34.44, 9.11, 0.12, 0.05]
[34.66, 13.86, 0.11, 0.08]
[34.7, 17.2, 0.09, 0.05]
[34.68, 13.8, 0.08, 0.07]
[34.59, 20.12, 0.02]
[34.39, 13.88, 0.13, 0.05]
[34.42, 13.97, 0.14, 0.04]
[34.66, 20.11, 0.11]
[34.45, 22.16, 0.01]
[34.78, 28.65, 0.16]
[34.75, 25.04, 0.04]
[34.71, 19.4, 0.05]
[34.37, 6.11, 0.18, 0.07]
[34.78, 17.44, 0.0]
[34.78, 19.7, 0.02]
[35.09, 20.2, 0.07]
[34.82, 22.79, 0.04]
[33.96, 2.41, 0.44, 0.16, 0.1]
[35.2, 25.94, 0.11]
[34.73, 15.91, 0.04]
[35.17, 25.47, 0.0]
[34.77, 19.86, 0.05, 0.03]
[34.94, 20.71, 0.07, 0.04]
[34.31, 12.22, 0.07, 0.03]
[35.08, 24.72, 0.03]
[34.92, 16.35, 0.06, 0.01]
[34.55, 23.53, 0.25]
[34.37, 10.39, 0.13, 0.06]
[34.73, 21.57, 0.12, 0.1]
[35.23, 20.56, 0.04]
[34.84, 23.4, 0.07]
[33.93, 6.41, 0.1, 0.07]
[34.26, 16.84, 0.1, 0.05]
[34.89, 28.55, 0.16, 0.13]
[35.05, 26.96, 0.11]
[35.14, 22.37, 0.03]
[34.09, 10.81, 0.11, 0.05]
[34.86, 23.04, 0.06, 0.02]
[34.27, 17.71, 0.04]
[34.62, 9.87, 0.2, 0.05, 0.03]
[35.12, 22.95, 0.06, 0.04]
[34.93, 29.31, 0.27, 0.21]
[34.87, 17.32, 0.08, 0.06]
[34.43, 7.93, 0.13, 0.06]
[34.77, 19.26, 0.09, 0.07]
[34.37, 6.8, 0.12, 0.07]
[35.13, 26.85, 0.16]
[34.65, 14.16, 0.06, 0.04]
[34.67, 23.94, 0.08]
[34.43, 14.3, 0.08, 0.04]
[34.75, 23.86, 0.29]
[34.65, 25.42, 0.09]
[34.68, 23.04, 0.05]
[34.77, 24.92, 0.17]
[35.15, 25.08, 0.06]
[34.76, 16.37, 0.05, 0.04]
[34.48, 14.3, 0.08, 0.06]
[34.9, 20.96, 0.03]
[34.86, 25.49, 0.16]
[34.87, 23.55, 0.03]
[34.73, 17.39, 0.03]
[34.61, 20.91, 0.14, 0.13]
[35.1, 24.34, 0.13, 0.08]
[34.92, 25.93, 0.05]
[34.7, 13.02, 0.11, 0.09]
[34.17, 9.44, 0.08, 0.07]
[34.84, 20.5, 0.08, 0.06]
[34.84, 18.8, 0.05, 0.03]
[35.21, 23.95, 0.1, 0.05]
[34.7, 18.26, 0.02]
[35.18, 19.02, 0.06]
[34.09, 2.84, 0.26, 0.1, 0.09]
[34.55, 12.69, 0.11, 0.1]
[34.76, 26.12, 0.16]
[34.61, 19.16, 0.06]
[34.81, 26.94, 0.16]
[34.12, 11.49, 0.07, 0.03]
[35.42, 29.46, 0.96, 0.54]
[34.08, 8.85, 0.09, 0.08]
[34.49, 12.63, 0.22, 0.09]
[34.39, 7.42, 0.24, 0.1, 0.07]
[34.16, 7.77, 0.13, 0.04]
[34.64, 14.17, 0.06, 0.02]
[34.27, 5.67, 0.15, 0.11]
[34.7, 20.44, 0.03]
[34.92, 26.35, 0.12]
[34.93, 26.39, 0.17, 0.15]
[34.76, 15.46, 0.11, 0.04]
[34.35, 14.74, 0.19, 0.04]
[35.14, 28.0, 0.15]
[34.66, 11.88, 0.43, 0.37]
[35.11, 29.3, 0.2]
[34.48, 13.57, 0.07, 0.04]
[34.87, 24.05, 0.05]
[34.53, 16.84, 0.2, 0.12]
[34.26, 7.96, 0.16, 0.05]
[35.05, 27.24, 0.11]
[34.61, 15.03, 0.07, 0.03]
[34.69, 7.53, 0.09, 0.05]
[35.21, 27.59, 0.14]
[34.39, 4.36, 0.21, 0.13]
[34.83, 22.79, 0.06, 0.04]
[34.8, 23.37, 0.07]
[34.49, 14.11, 0.05]
[34.65, 10.51, 0.09, 0.03]
[34.75, 18.04, 0.05, 0.03]
[34.79, 17.94, 0.02]
[35.08, 27.04, 1.38, 0.64]
[34.28, 11.87, 0.14, 0.05]
[34.72, 18.27, 0.08, 0.06]
[34.37, 12.87, 0.11, 0.06]
[34.55, 16.66, 0.04, 0.03]
[34.69, 22.82, 0.06]
[34.95, 21.17, 0.22, 0.12]
[34.23, 8.13, 0.12, 0.08]
[35.17, 30.48, 0.21]
[34.77, 21.82, 0.05]
[34.6, 21.7, 0.03]
[34.13, 8.11, 0.23, 0.07]
[34.81, 21.75, 0.09]
[34.82, 16.82, 0.1, 0.07]
[34.41, 7.12, 0.17, 0.05]
[34.72, 19.63, 0.06]
[34.18, 9.95, 0.13, 0.08]
[33.38, 0.66, 0.47]
[34.97, 24.43, 0.07]
[34.75, 5.97, 0.17, 0.11]
[34.87, 22.76, 0.08]
[34.25, 3.34, 0.29, 0.2]
[34.8, 20.28, 0.0]
[34.3, 11.12, 0.1, 0.06]
[35.04, 24.28, 0.1, 0.04]
[35.05, 24.73, 0.07]
[34.39, 7.53, 0.07]
[34.35, 21.98, 0.07]
[34.69, 27.34, 0.24]
[34.78, 16.02, 0.05, 0.03]
[34.04, 9.41, 0.09, 0.06]
[34.79, 24.26, 0.3, 0.24]
[34.34, 9.79, 0.15, 0.06]
[35.1, 19.11, 0.15, 0.11]
[34.93, 22.96, 0.05]
[34.1, 11.19, 0.13, 0.06]
[34.94, 24.57, 0.4]
[34.19, 6.58, 0.09, 0.05]
[34.71, 14.02, 0.04]
[34.01, 4.74, 0.21, 0.07]
[34.66, 18.74, 0.05]
[34.38, 13.57, 0.11, 0.02]
[34.43, 11.02, 0.12, 0.1]
[35.1, 24.53, 0.09]
[34.64, 22.13, 0.05]
[34.89, 26.48, 0.03]
[33.98, 3.37, 0.35, 0.08]
[35.3, 26.53, 0.08]
[34.97, 28.56, 0.14, 0.1]
[34.6, 16.31, 0.09, 0.04]
[34.72, 11.25, 0.09, 0.05]
[35.03, 20.83, 0.05]
[34.64, 21.66, 0.02]
[34.83, 18.09, 0.02]
[34.5, 15.42, 0.09, 0.06]
[35.37, 31.67, 0.77, 0.37]
[34.46, 13.19, 0.1, 0.04]
[34.12, 4.58, 0.15, 0.11]
[34.78, 25.46, 0.06]
[34.49, 20.28, 0.03]
[34.77, 22.58, 0.06, 0.03]
[34.99, 26.35, 0.1]
[34.14, 14.46, 0.12, 0.04]
[35.06, 30.53, 0.16]
[34.84, 17.18, 0.06, 0.04]
[34.77, 19.96, 0.04]
[34.72, 23.85, 0.04]
[34.41, 9.3, 0.17, 0.1]
[35.13, 31.75, 2.48, 0.43]
[34.63, 22.08, 0.08]
[34.3, 10.52, 0.06, 0.04]
[35.19, 28.59, 0.14]
[34.26, 8.86, 0.11, 0.09]
[34.67, 12.66, 0.06, 0.04]
[35.03, 26.26, 0.06]
[35.02, 28.2, 0.02]
[34.94, 25.94, 0.26, 0.17]
[34.34, 6.97, 0.11, 0.05]
[34.48, 9.85, 0.15, 0.05]
[34.83, 15.94, 0.02]
[35.51, 32.62, 0.23]
[34.76, 25.54, 0.08]
[35.26, 29.48, 0.42]
[34.76, 19.55, 0.04]
[33.94, 6.15, 0.13, 0.08]
[34.63, 18.77, 0.07, 0.05]
[34.91, 28.79, 0.96, 0.67]
[34.13, 7.63, 0.15, 0.07]
[34.55, 15.73, 0.08, 0.05]
[34.79, 26.33, 0.06]
[34.37, 5.29, 0.24, 0.04]
[34.55, 8.6, 0.13, 0.06]
[35.02, 20.38, 0.09, 0.03]
[34.46, 7.48, 0.1, 0.06]
[34.17, 12.79, 0.08, 0.04]
[34.73, 13.47, 0.1, 0.03]
[34.75, 24.68, 0.05]
[35.1, 27.51, 0.32, 0.21]
[33.56, 0.59, 0.38]
[34.65, 21.2, 0.07]
[34.0, 5.19, 0.19, 0.11]
[35.37, 26.38, 0.23, 0.19, 0.11]
[34.87, 28.38, 0.35, 0.23]
[34.62, 17.58, 0.06, 0.03]
[34.77, 18.3, 0.05, 0.03]
[34.73, 17.41, 0.04]
[34.11, 14.02, 0.07, 0.06]
[34.86, 21.23, 0.03]
[34.78, 19.38, 0.06, 0.03]
[35.01, 22.3, 0.08]
[34.67, 14.65, 0.11, 0.04]
[34.55, 11.59, 0.06, 0.05]
[35.12, 26.55, 0.05]
[35.1, 24.9, 0.06, 0.04]
[34.59, 18.26, 0.11, 0.06]
[35.28, 26.03, 0.06, 0.03]
[34.87, 27.3, 0.09]
[35.19, 31.35, 0.4, 0.14]
[34.59, 20.91, 0.06]
[34.74, 18.65, 0.09, 0.04]
[34.39, 17.55, 0.05]
[34.73, 19.17, 0.04]
[34.73, 22.91, 0.08, 0.06]
[35.02, 24.41, 0.06]
[34.48, 15.19, 0.06]
[34.75, 22.61, 0.15, 0.1]
[34.63, 15.41, 0.05, 0.03]
[35.25, 15.99, 0.09, 0.07]
[33.88, 6.07, 0.2, 0.1]
[34.83, 27.64, 0.44, 0.27, 0.19]
[34.38, 10.68, 0.08, 0.03]
[34.61, 17.65, 0.05]
[34.45, 13.78, 0.09, 0.04]
[34.09, 3.46, 0.32, 0.09, 0.05]
[34.48, 11.41, 0.16, 0.04]
[34.09, 7.48, 0.16, 0.06]
[34.61, 19.36, 0.04]
[34.65, 15.34, 0.09, 0.02]
[34.27, 14.76, 0.07, 0.05]
[34.75, 24.71, 0.12]
[34.62, 19.56, 0.05, 0.03]
[34.61, 13.57, 0.08, 0.05]
[34.9, 19.87, 0.09]
[34.48, 14.29, 0.06, 0.04]
[34.7, 22.77, 0.03]
[34.43, 18.86, 0.07]
[34.88, 27.31, 0.15]
[34.87, 20.53, 0.08, 0.06]
[34.84, 18.81, 0.03]
[34.23, 10.99, 0.16, 0.05]
[34.74, 19.99, 0.04, 0.02]
[34.97, 24.82, 0.07, 0.05]
[34.86, 22.77, 0.03]
[35.08, 28.09, 0.13]
[35.32, 27.95, 1.02, 0.59]
[33.17, 0.72, 0.44]
[34.52, 11.1, 0.15, 0.08]
[34.77, 19.16, 0.09, 0.07]
[34.45, 10.67, 0.08, 0.06]
[34.61, 22.44, 0.03]
[34.41, 14.39, 0.09, 0.08]
[35.08, 24.71, 0.07, 0.03]
[34.63, 23.26, 0.01]
[34.91, 27.74, 0.24]
[34.5, 12.73, 0.1, 0.03]
[34.77, 23.93, 0.05]
[34.74, 16.54, 0.07, 0.03]
[35.31, 30.32, 0.48, 0.25]
[34.28, 8.48, 0.11, 0.03]
[34.28, 11.04, 0.09, 0.04]
[35.06, 14.03, 0.06, 0.05]
[35.02, 27.48, 0.09]
[34.95, 13.28, 0.12, 0.05]
[34.71, 11.79, 0.1, 0.06]
[34.83, 20.46, 0.05, 0.03]
[34.17, 12.26, 0.1, 0.06]
[34.14, 10.02, 0.11, 0.04]
[33.86, 1.14, 0.48, 0.3, 0.1]
[34.95, 23.67, 0.04, 0.01]
[34.94, 25.92, 0.17]
[34.99, 26.92, 0.42]
[34.07, 5.57, 0.19, 0.05]
[34.86, 10.73, 0.06, 0.03]
[33.95, 5.85, 0.16, 0.07]
[35.01, 18.4, 0.07]
[33.56, 1.02, 0.46]
[34.96, 28.51, 0.61, 0.21]
[34.9, 11.77, 0.15, 0.07]
[34.9, 22.66, 0.06, 0.04]
[34.24, 6.7, 0.11, 0.05]
[34.51, 16.29, 0.01]
[34.57, 17.89, 0.02]
[35.21, 25.02, 0.07]
[33.63, 2.06, 0.3, 0.14, 0.09]
[35.22, 25.61, 0.06, 0.04]
[34.69, 13.46, 0.06, 0.01]
[34.78, 22.97, 0.11, 0.07]
[34.29, 4.79, 0.17, 0.09]
[35.08, 27.65, 0.08]
[34.93, 28.16, 0.26, 0.21]
[34.46, 14.5, 0.05, 0.03]
[35.03, 29.26, 0.17]
[34.48, 15.29, 0.06, 0.05]
[34.48, 14.53, 0.05, 0.03]
[34.39, 8.41, 0.13, 0.09]
[34.63, 10.24, 0.06, 0.04]
[34.1, 3.53, 0.31, 0.11, 0.09]
[34.44, 7.73, 0.19, 0.09]
[34.66, 17.31, 0.08]
[35.32, 26.71, 0.01]
[34.93, 26.98, 0.14]
[33.79, 3.63, 0.34, 0.22, 0.13]
[34.94, 21.73, 0.14]
[35.23, 25.78, 0.12]
[34.15, 9.97, 0.1, 0.06]
[34.65, 23.66, 0.08]
[34.73, 16.75, 0.09, 0.05]
[34.02, 3.38, 0.18, 0.11]
[34.11, 4.46, 0.18, 0.14]
[35.09, 23.49, 0.09]
[34.81, 9.74, 0.16, 0.08]
[34.57, 17.78, 0.03]
[34.34, 8.37, 0.17, 0.09]
[35.05, 20.75, 0.04, 0.02]
[34.44, 11.74, 0.06, 0.04]
[34.85, 23.54, 0.15, 0.11]
[34.05, 9.85, 0.07, 0.04]
[35.05, 20.58, 0.08]
[34.86, 22.61, 0.13, 0.11]
[34.76, 21.73, 0.05]
[34.34, 14.98, 0.15, 0.11]
[34.25, 10.26, 0.09, 0.05]
[33.9, 5.07, 0.38, 0.23, 0.1]
[34.76, 13.61, 0.11, 0.05]
[35.15, 31.79, 0.32]
[33.74, 4.89, 0.45, 0.22, 0.07]
[34.65, 19.79, 0.02]
[34.78, 23.46, 0.1]
[34.16, 7.03, 0.14, 0.05]
[34.46, 23.98, 0.06]
[35.01, 23.83, 0.09, 0.07]
[34.57, 15.64, 0.07]
[34.3, 9.81, 0.09, 0.06]
[34.56, 10.41, 0.06]
[34.8, 19.44, 0.06]
[34.66, 14.19, 0.09, 0.06]
[34.69, 20.24, 0.04, 0.02]
[34.0, 1.44, 0.35, 0.14, 0.1]
[34.42, 13.75, 0.1, 0.06]
[35.22, 27.46, 0.08]
[35.3, 28.19, 0.16]
[34.76, 19.7, 0.06]
[35.03, 23.89, 0.1]
[35.42, 29.37, 1.57, 0.91]
[34.56, 16.32, 0.0]
[34.3, 7.11, 0.23, 0.03]
[34.42, 6.52, 0.13, 0.06]
[35.49, 25.41, 0.03]
[34.91, 18.8, 0.09, 0.04]
[34.38, 14.72, 0.12, 0.08]
[33.91, 4.64, 0.18, 0.1]
[34.58, 12.74, 0.09, 0.04]
[34.79, 25.62, 0.22]
[35.16, 28.71, 0.11]
[34.19, 4.5, 0.32, 0.06, 0.04]
[35.25, 20.77, 0.05]
[35.13, 26.43, 0.18]
[34.71, 11.52, 0.05, 0.03]
[34.48, 8.45, 0.1, 0.07]
[34.36, 13.01, 0.09, 0.06]
[34.4, 3.08, 0.27, 0.11, 0.06]
[35.29, 19.54, 0.08]
[34.02, 6.43, 0.1, 0.04]
[34.3, 9.96, 0.14, 0.08]
[34.18, 4.81, 0.11, 0.06]
[34.8, 15.69, 0.09, 0.06]
[35.14, 27.32, 0.05]
[34.75, 17.87, 0.04]
[34.15, 7.54, 0.1, 0.04]
[34.87, 21.76, 0.28]
[34.25, 11.59, 0.03]
[35.04, 29.22, 0.34, 0.25]
[34.82, 20.46, 0.06, 0.04]
[34.84, 8.9, 0.11, 0.08]
[34.71, 22.13, 0.07, 0.05]
[35.1, 24.62, 0.03]
[34.6, 18.36, 0.03]
[34.28, 4.54, 0.17, 0.06]
[34.56, 25.28, 0.07]
[34.83, 22.08, 0.03]
[35.19, 28.64, 0.25]
[34.63, 12.85, 0.13, 0.07]
[33.97, 8.08, 0.19, 0.08]
[34.45, 11.94, 0.16, 0.05]
[34.73, 14.46, 0.08, 0.05]
[34.39, 12.97, 0.05, 0.04]
[34.36, 23.89, 0.08]
[34.68, 17.91, 0.06, 0.04]
[34.64, 13.12, 0.06]
[34.91, 18.03, 0.06]
[34.66, 20.94, 0.09, 0.05]
[34.74, 20.53, 0.1, 0.04]
[34.43, 13.76, 0.23, 0.22]
[34.72, 18.18, 0.03]
[34.61, 11.38, 0.07, 0.04]
[35.03, 19.95, 0.11, 0.09]
[34.76, 20.87, 0.07, 0.05]
[34.86, 25.99, 0.14]
[35.09, 25.76, 0.09, 0.07]
[34.68, 11.42, 0.06, 0.05]
[34.48, 18.47, 0.04, 0.02]
[34.67, 18.63, 0.15]
[34.65, 14.87, 0.11, 0.02]
[35.18, 26.46, 0.09]
[34.76, 27.05, 0.1]
[34.76, 12.45, 0.11, 0.04]
[34.61, 18.9, 0.05]
[34.25, 11.57, 0.11, 0.02]
[34.99, 26.22, 0.1]
[35.07, 23.2, 0.04]
[34.33, 11.7, 0.15, 0.07]
[34.53, 17.08, 0.07, 0.05]
[34.24, 9.9, 0.18, 0.14]
[34.78, 28.28, 0.05]
[34.77, 16.57, 0.05, 0.03]
[34.59, 19.66, 0.04]
[34.88, 15.06, 0.07, 0.04]
[34.49, 5.53, 0.19, 0.04]
[34.73, 19.6, 0.07]
[34.7, 25.38, 0.1]
[35.03, 18.62, 0.08]
[34.68, 17.31, 0.03]
[35.11, 27.42, 0.06]
[34.45, 15.17, 0.08, 0.03]
[34.87, 20.68, 0.09, 0.05]
[34.47, 17.33, 0.06, 0.04]
[33.8, 5.43, 0.15, 0.09]
[34.85, 12.63, 0.08, 0.06]
[34.94, 15.32, 0.06, 0.03]
[34.99, 26.32, 0.04]
[34.55, 5.87, 0.19, 0.05]
[35.14, 29.76, 0.08]
[34.81, 24.11, 0.09]
[34.38, 16.67, 0.07, 0.06]
[34.65, 21.91, 0.09]
[34.85, 19.15, 0.05, 0.03]
[34.69, 16.19, 0.05, 0.03]
[35.0, 28.06, 0.21]
[34.66, 24.54, 0.07]
[34.83, 25.84, 0.13]
[34.3, 13.38, 0.1, 0.06]
[34.55, 13.81, 0.04, 0.03]
[34.61, 18.98, 0.02]
[35.09, 28.88, 0.31, 0.27]
[33.88, 3.91, 0.38, 0.2, 0.06]
[34.71, 18.62, 0.05]
[34.77, 22.47, 0.02]
[34.98, 23.05, 0.13]
[34.31, 8.34, 0.07, 0.06]
[34.72, 18.62, 0.07, 0.05]
[34.04, 7.06, 0.31, 0.15]
[34.78, 23.45, 0.1]
[34.78, 20.43, 0.09]
[35.19, 27.15, 0.1]
[34.92, 22.2, 0.04]
[34.29, 11.26, 0.06, 0.04]
[35.09, 24.01, 0.06]
[35.38, 28.59, 0.19]
[34.72, 14.65, 0.06, 0.03]
[34.54, 11.38, 0.09, 0.06]
[34.88, 22.5, 0.06]
[34.31, 10.36, 0.14, 0.08]
[34.58, 12.57, 0.12, 0.07]
[34.53, 16.95, 0.04]
[34.77, 16.86, 0.08]
[34.69, 15.29, 0.02]
[34.96, 29.89, 0.3]
[35.07, 24.65, 0.04, 0.02]
[34.63, 17.86, 0.09, 0.04]
[34.17, 5.02, 0.26, 0.13, 0.05]
[33.82, 4.43, 0.29, 0.08, 0.06]
[34.8, 16.34, 0.04]
[34.7, 15.82, 0.1, 0.06]
[34.61, 22.13, 0.19, 0.14]
[35.04, 30.07, 0.21]
[34.09, 8.57, 0.15, 0.09]
[34.71, 25.05, 0.1]
[34.57, 19.61, 0.11]
[35.18, 27.73, 0.2]
[35.13, 28.69, 0.14]
[34.39, 18.18, 0.03, 0.02]
[34.79, 22.86, 0.03]
[35.15, 26.17, 0.08]
[34.51, 18.9, 0.05, 0.02]
[34.66, 13.74, 0.13, 0.03]
[34.85, 10.76, 0.09, 0.03]
[34.49, 11.9, 0.11, 0.06]
[34.25, 8.06, 0.14, 0.07]
[33.96, 1.27, 0.53, 0.36, 0.08]
[34.04, 11.22, 0.18, 0.05]
[35.42, 26.31, 0.95]
[35.01, 25.59, 0.08]
[34.85, 24.54, 0.1]
[34.31, 10.09, 0.04, 0.03]
[35.19, 24.03, 0.11]
[34.27, 9.63, 0.15, 0.08]
[35.1, 27.95, 0.26, 0.24]
[34.79, 26.21, 0.04, 0.02]
[34.84, 22.58, 0.03]
[34.32, 14.45, 0.08, 0.04]
[34.05, 5.33, 0.26, 0.09]
[35.07, 30.76, 0.72, 0.39]
[34.95, 25.95, 0.27]
[34.49, 16.61, 0.06, 0.05]
[34.76, 20.84, 0.04]
[34.84, 23.24, 0.06]
