[34.17, 33.27, 30.98, 27.54, 24.31, 23.4, 22.95]
[34.92, 34.8, 34.72, 34.69]
[34.95, 34.86, 34.59]
[34.7, 34.44, 34.3, 34.24]
[34.56, 34.23, 33.86, 33.7, 33.64]
[35.16, 35.12, 35.01]
[34.39, 34.31, 34.03, 34.02, 33.97]
[35.14, 35.13, 35.06]
[35.17, 35.08, 34.9]
[34.82, 34.77, 34.71]
[34.55, 34.37, 34.23, 34.17]
[34.42, 34.08, 33.48, 33.36]
[34.12, 32.91, 29.23, 22.03, 17.03, 15.61, 15.46]
[34.63, 34.28, 33.92, 33.53, 33.49]
[34.64, 34.63, 34.55, 34.51]
[34.98, 34.79, 34.59, 34.38, 34.39]
[34.16, 33.12, 30.03, 24.94, 20.53, 19.03]
[34.14, 32.93, 28.24, 21.15, 16.4, 14.69]
[34.87, 34.86, 34.76, 34.65]
[34.75, 34.54, 34.35, 34.28]
[34.78, 34.59, 34.51, 34.44]
[34.83, 34.66, 34.67, 34.63]
[34.38, 33.68, 32.54, 30.52, 28.26, 26.75, 26.55]
[34.35, 34.02, 33.49, 33.32, 33.33]
[34.3, 33.17, 29.94, 24.92, 21.1, 20.43]
[34.06, 32.52, 27.27, 21.3, 18.04, 16.82, 16.61]
[33.98, 30.26, 14.14, 6.57, 5.89, 5.02]
[34.17, 32.97, 31.03, 25.08, 20.85, 18.71, 18.24]
[34.91, 34.87, 34.74]
[35.03, 34.96, 34.76]
[34.52, 34.31, 33.87, 33.8, 33.74]
[33.86, 31.57, 24.59, 14.4, 12.9, 12.81]
[34.68, 34.39, 34.2, 34.01]
[34.37, 34.14, 34.04, 34.0]
[34.84, 34.73, 34.73, 34.68]
[35.1, 34.9, 34.85]
[34.69, 34.25, 33.75, 33.64]
[35.04, 34.94, 34.86]
[33.96, 28.54, 7.13, 3.82]
[35.22, 35.09, 35.01]
[34.82, 34.55, 34.13, 34.03]
[34.62, 34.11, 33.5, 33.29]
[35.2, 35.18, 35.13]
[34.56, 34.39, 34.27]
[34.34, 33.81, 33.18, 32.9]
[35.01, 34.81, 34.5, 34.32]
[34.86, 34.4, 33.97, 33.94]
[35.15, 35.06, 34.98]
[34.57, 34.08, 32.84, 30.94, 28.67, 28.08]
[34.97, 34.9, 34.78]
[34.65, 34.56, 34.36, 34.31]
[34.89, 34.83]
[34.62, 34.55, 34.45]
[35.18, 35.12, 35.01]
[34.55, 34.07, 33.98]
[34.45, 34.2, 33.82, 33.83]
[34.84, 34.73, 34.63, 34.65]
[34.41, 33.77, 31.81, 27.31, 21.24, 17.94, 17.49]
[34.67, 34.6, 34.58, 34.55]
[34.51, 33.93, 32.67, 31.57, 31.19]
[35.13, 35.07, 35.07]
[35.0, 34.82, 34.65]
[34.4, 33.91, 32.98, 32.2, 31.79]
[34.33, 32.59, 25.78, 16.18, 12.2, 12.0]
[34.42, 33.96, 32.99, 32.37, 31.8, 31.83, 31.84]
[34.2, 33.02, 28.96, 20.57, 17.58]
[34.6, 34.01, 33.53, 33.41, 33.34]
[35.12, 34.65, 34.39, 34.35]
[34.58, 34.4, 33.77, 33.66, 33.61]
[35.05, 35.02, 35.04]
[34.02, 33.02, 29.16, 21.16, 16.82, 14.82, 14.3]
[35.09, 35.08]
[34.68, 34.38, 34.13]
[35.28, 35.27, 35.14]
[35.24, 35.09, 34.95]
[34.92, 34.73, 34.48, 34.45]
[34.54, 34.24, 33.68, 33.29, 33.29]
[35.23, 35.13, 35.04, 35.0]
[34.8, 34.79, 34.26, 34.21]
[34.74, 34.73, 34.73, 34.67]
[34.25, 33.26, 29.89, 24.96, 19.07, 17.52, 17.48]
[34.76, 34.61, 34.17, 34.11]
[35.54, 35.41, 35.17]
[34.68, 34.24, 33.63, 32.92, 32.79]
[34.39, 33.53, 32.21, 28.55, 23.81, 20.23, 19.68]
[35.13, 35.11, 35.1, 35.06]
[34.59, 34.18, 33.64, 33.35]
[34.56, 34.12, 33.2, 32.71, 32.56]
[34.8, 34.71, 34.45]
[34.83, 34.75, 34.68]
[34.86, 34.81, 34.81, 34.75]
[34.66, 34.49, 34.29, 34.19, 34.18, 34.12]
[35.14, 35.08]
[34.58, 34.25, 33.95]
[34.03, 32.52, 28.34, 19.98, 15.54, 13.99, 13.94]
[35.33, 35.33, 35.17, 35.11]
[34.73, 34.46, 34.15, 34.09]
[35.16, 35.05, 35.0]
[34.58, 34.21, 32.5, 30.41, 28.69, 27.23, 27.22]
[34.48, 33.68, 32.05, 30.16, 28.68, 27.84, 27.47]
[34.43, 33.91, 33.11, 32.27, 32.13]
[34.9, 34.78, 34.75]
[34.81, 34.66, 34.48, 34.42]
[34.67, 34.48, 34.48, 34.24]
[34.43, 34.08, 33.98, 33.88]
[34.65, 34.44, 33.9, 33.83]
[34.46, 34.4, 34.27, 34.22]
[34.68, 34.04, 33.22, 32.37, 31.9]
[34.43, 33.68, 32.95, 32.77, 32.64]
[35.14, 35.1, 35.1, 35.04]
[34.58, 34.15, 33.4, 33.04]
[34.88, 34.87, 34.66, 34.61]
[34.95, 34.69, 34.62, 34.58]
[35.21, 35.21]
[35.11, 35.0, 34.77]
[35.0, 34.91, 34.8]
[34.73, 34.69, 34.68, 34.63]
[34.44, 34.13, 33.78, 33.65]
[34.79, 34.58, 34.52, 34.45]
[34.74, 34.62, 34.58, 34.52]
[35.0, 34.85, 34.8, 34.74]
[34.87, 34.83, 34.68]
[34.16, 33.05, 29.42, 23.13, 16.46, 14.71]
[34.75, 34.42, 34.05, 33.99, 33.93]
[35.09, 35.02, 34.98]
[34.68, 34.61, 34.57]
[35.0, 34.79, 34.32, 34.19, 34.06]
[34.43, 33.9, 33.45, 33.18]
[35.18, 35.15, 34.97]
[34.68, 34.53, 34.3, 34.2]
[34.14, 33.19, 31.57, 30.33, 28.83, 28.8]
[34.59, 34.02, 33.2, 32.85, 32.7]
[34.01, 33.07, 29.76, 22.36, 19.26, 19.02]
[35.1, 34.61, 33.95, 33.87, 33.87]
[34.97, 34.97, 34.96, 34.97]
[35.28, 35.27, 35.28]
[34.92, 34.94, 34.93, 34.89]
[34.52, 34.37, 34.27, 34.21]
[34.31, 33.97, 33.46, 33.17, 33.03]
[34.23, 32.58, 25.66, 12.52, 8.45, 8.28]
[34.59, 34.24, 33.77, 33.67, 33.57]
[35.05, 34.62, 34.23, 34.11]
[35.2, 35.19, 35.06]
[34.49, 34.15, 33.71, 33.38, 33.22]
[34.36, 33.55, 33.01, 32.7, 32.72]
[34.49, 34.1, 33.93, 33.88]
[34.83, 34.4, 34.0, 33.88, 33.77]
[33.93, 30.96, 23.13, 13.11, 11.45]
[34.94, 34.58, 34.41, 34.41]
[34.29, 33.97, 33.07, 31.9, 31.35, 31.28]
[34.78, 34.51, 34.21, 34.16]
[35.32, 35.29, 35.17, 35.14]
[34.45, 33.94, 33.56, 33.5]
[34.52, 33.78, 30.32, 25.05, 19.38, 16.4, 15.74]
[34.9, 34.8, 34.76]
[34.92, 34.85, 34.68]
[35.06, 35.07]
[33.49, 27.99, 3.54, 0.39]
[34.88, 34.71, 34.43]
[35.08, 34.98, 34.98, 34.93]
[34.99, 34.83, 34.46, 34.35]
[34.07, 33.02, 31.05, 28.49, 25.15, 22.56, 22.35]
[34.81, 34.75, 34.68]
[33.75, 31.55, 21.54, 8.94, 6.77, 6.53]
[35.11, 34.93, 34.76]
[34.96, 34.83]
[34.41, 33.53, 31.19, 26.59, 22.73, 21.72, 21.2]
[33.84, 30.14, 16.01, 6.74, 5.65]
[34.32, 32.99, 29.42, 23.34, 20.83, 20.3, 20.27]
[34.96, 34.86, 34.77]
[34.57, 34.37, 34.05, 33.94]
[34.89, 34.73, 34.61, 34.51]
[34.39, 33.79, 31.39, 29.05, 25.54, 22.84, 22.17]
[34.33, 33.82, 32.49, 30.45, 27.53, 25.02, 24.29, 24.24, 24.03]
[34.6, 34.36, 33.89, 33.75]
[34.59, 34.43, 33.88, 33.8]
[34.47, 34.03, 32.7, 31.95, 31.97]
[34.75, 34.64, 34.52]
[34.57, 34.46, 34.44]
[34.81, 34.66, 34.4, 34.37]
[34.06, 32.58, 27.14, 15.62, 11.14, 8.35, 8.25]
[34.08, 30.1, 14.81, 9.45, 8.86]
[34.41, 34.02, 33.26, 32.61, 32.55]
[33.87, 29.54, 8.91, 1.96, 1.6, 0.8]
[34.78, 34.3, 33.88, 33.77]
[34.39, 33.32, 30.11, 24.97, 21.31, 18.92, 18.88]
[34.5, 34.28, 33.98, 33.9]
[34.94, 34.84, 34.84, 34.85]
[34.71, 34.08, 32.03, 28.96, 24.58, 22.12, 22.02]
[34.6, 34.07, 33.25, 33.14]
[34.67, 34.42, 34.15, 34.08]
[34.4, 33.69, 30.64, 25.45, 21.77, 20.93]
[34.96, 34.87, 34.78]
[34.65, 34.58, 34.49]
[34.92, 34.69, 34.69]
[34.73, 34.35, 34.16]
[34.91, 34.91, 34.72]
[34.41, 33.31, 30.4, 26.64, 23.67, 22.35]
[34.55, 33.92, 31.21, 28.19, 22.91, 20.81, 20.78]
[34.53, 34.29, 34.0, 33.92]
[34.79, 34.41, 33.92, 33.57]
[34.28, 33.8, 33.48, 33.3, 33.26]
[34.97, 34.79, 34.66, 34.6]
[34.68, 34.01, 33.09, 32.6, 32.51, 32.48, 32.46]
[34.5, 34.12, 34.05]
[34.27, 33.04, 28.48, 22.81, 19.81, 18.86, 18.58]
[35.14, 35.01, 34.95, 34.84]
[34.8, 34.31, 33.91, 33.85]
[34.29, 33.44, 31.11, 27.82, 24.98, 23.88, 23.68]
[35.04, 35.02, 34.96, 34.91]
[35.07, 35.0, 34.94]
[34.6, 34.32, 33.74, 33.5]
[34.6, 34.52, 34.34]
[34.89, 34.8, 34.74]
[34.85, 34.78, 34.79]
[34.55, 34.38, 34.13, 34.14]
[34.63, 34.3, 34.02, 33.91]
[34.95, 34.85, 34.67, 34.61]
[35.02, 34.98, 35.0]
[34.71, 34.24, 33.41, 32.14, 30.65, 29.28, 29.29]
[34.71, 34.66, 34.6]
[34.53, 33.75, 32.93, 32.18, 31.45]
[34.74, 34.45, 34.15, 34.05]
[35.18, 35.15, 35.09]
[34.69, 34.62, 34.58]
[33.94, 31.63, 22.54, 11.97, 10.08]
[35.15, 35.14, 35.08]
[34.83, 34.65, 34.53]
[35.05, 35.04, 35.05]
[34.77, 34.56, 34.41]
[35.0, 34.86, 34.69]
[34.78, 34.63, 34.32, 34.27]
[34.73, 34.19, 33.18, 32.6, 32.53]
[33.96, 32.84, 28.49, 21.39, 15.71, 13.71, 13.49]
[34.74, 34.52, 34.27, 34.04]
[35.27, 35.06, 34.94, 34.92]
[34.84, 34.77, 34.59, 34.42]
[34.8, 34.6, 34.3, 34.24]
[34.68, 34.69, 34.62]
[35.23, 35.23, 35.18]
[34.79, 34.22, 33.6, 33.32]
[34.8, 34.69, 34.57, 34.55]
[34.95, 34.95, 34.82, 34.8]
[34.21, 33.54, 32.99, 32.84]
[34.82, 34.64, 34.55, 34.52]
[35.2, 35.2, 35.15]
[34.94, 34.79, 34.53, 34.47]
[35.07, 35.05, 35.05]
[34.72, 34.47, 34.15, 34.06]
[34.86, 34.56, 34.22, 34.18]
[34.86, 34.75, 34.36]
[34.45, 33.52, 31.89, 28.66, 25.71, 24.95, 24.73]
[34.67, 33.89, 31.68, 26.41, 22.84, 20.8, 20.58]
[35.37, 35.39, 35.39]
[35.09, 34.86, 34.65]
[33.98, 30.36, 13.15, 6.44, 5.54]
[34.78, 34.43, 34.26, 34.11]
[34.67, 34.1, 33.24, 33.02, 32.9, 32.85, 32.6]
[34.06, 33.22, 30.77, 28.11, 25.28, 24.33, 24.3]
[34.91, 34.66, 34.5, 34.4]
[34.99, 34.91, 34.75]
[34.68, 33.99, 33.05, 32.43, 31.88, 31.81]
[34.28, 33.37, 31.16, 25.39, 19.6, 16.26, 15.31]
[34.58, 34.07, 33.69, 33.48, 33.35]
[35.08, 34.76, 34.76, 34.7]
[33.89, 31.66, 23.18, 7.81, 5.32, 4.16]
[35.16, 35.06, 34.95]
[34.72, 34.2, 33.48, 33.21]
[34.65, 34.6, 34.55]
[34.87, 34.32, 33.72, 33.59]
[35.0, 35.0, 34.84]
[34.75, 34.45, 34.02, 33.95]
[34.24, 33.59, 32.69, 30.19, 27.47, 25.56, 25.05, 25.03]
[35.29, 35.23, 35.13]
[35.41, 35.33, 35.33]
[34.97, 34.85, 34.79]
[34.36, 33.45, 30.8, 26.98, 23.71, 22.08]
[34.52, 34.18, 33.86, 33.68]
[34.95, 34.96]
[34.78, 34.68, 34.46, 34.4]
[34.63, 34.4, 34.14, 33.89]
[34.93, 34.88, 34.83]
[34.47, 33.33, 31.03, 26.11, 19.26, 17.73, 16.96]
[34.77, 34.72, 34.49]
[34.29, 33.58, 31.8, 29.45, 28.59, 28.29, 28.16]
[35.16, 34.95, 34.79, 34.69]
[34.84, 34.73, 34.68, 34.64]
[35.25, 35.1, 35.04, 34.94]
[34.68, 34.16, 32.86, 32.55, 32.5]
[35.29, 35.17, 35.11]
[35.04, 35.01, 34.94, 34.89]
[35.09, 35.06, 34.96]
[34.92, 34.61, 34.49, 34.39]
[34.4, 34.11, 33.8, 33.72]
[34.5, 33.03, 28.88, 22.04, 17.85, 15.75, 15.6, 15.14]
[34.01, 31.3, 21.53, 12.17, 8.96, 8.19]
[34.54, 34.3, 33.9, 33.76, 33.69]
[35.12, 34.83, 34.76, 34.71]
[34.26, 32.3, 26.7, 11.63, 7.99, 7.75]
[34.89, 34.71, 34.48]
[34.46, 33.75, 33.0, 30.61, 29.51, 29.3]
[34.49, 33.6, 31.51, 27.2, 21.3, 19.59, 19.52]
[34.18, 31.81, 21.91, 14.03, 11.79, 11.25, 11.18]
[35.15, 35.11, 35.1, 35.07]
[34.75, 34.62, 34.37, 34.34]
[34.04, 33.5, 32.36, 30.93, 30.51, 30.51]
[34.82, 34.75]
[33.98, 32.74, 28.56, 21.57, 16.41, 14.96, 14.85]
[34.77, 34.72, 34.72]
[34.32, 33.34, 31.26, 28.41, 23.09, 20.95, 20.39]
[34.69, 33.49, 29.24, 21.46, 17.57, 16.47, 16.4]
[34.02, 32.93, 29.84, 25.7, 22.67, 21.64, 21.63]
[34.65, 34.32, 33.79, 33.66, 33.59]
[34.51, 33.69, 32.73, 32.28, 32.2]
[34.7, 34.21, 34.0, 33.83]
[34.62, 34.35, 34.05, 34.0]
[34.56, 34.36, 33.99]
[34.44, 34.02, 32.67, 31.66, 31.27]
[34.21, 33.91, 33.51, 33.44]
[34.36, 33.05, 29.17, 21.98, 17.57, 16.65, 16.56]
[34.45, 33.0, 28.45, 19.95, 17.36, 16.99]
[34.99, 34.94, 34.82, 34.76]
[35.0, 34.97, 34.87, 34.81]
[34.17, 33.38, 32.47, 31.61, 31.35]
[34.45, 33.72, 32.83, 31.96, 31.76]
[34.59, 34.04, 33.18, 32.24, 31.77]
[34.18, 32.72, 26.56, 15.16, 11.61, 10.89]
[34.91, 34.74, 34.65, 34.53]
[34.16, 33.01, 30.47, 28.32, 27.04, 26.32]
[34.88, 34.3, 33.42, 33.04, 32.96]
[35.04, 34.77, 34.7]
[34.26, 32.88, 29.23, 23.28, 16.86, 15.77]
[34.57, 34.35, 34.22]
[35.01, 34.97, 34.69]
[34.85, 34.56, 34.33, 34.24]
[34.86, 34.83, 34.7, 34.66]
[34.69, 34.31, 33.92, 33.79, 33.74]
[34.58, 34.35, 34.22, 34.04, 33.99]
[35.11, 35.01, 34.96, 34.9]
[34.61, 34.2, 33.88, 33.76]
[34.93, 34.77, 34.61]
[34.62, 34.63, 34.61]
[34.52, 33.87, 33.51, 33.44]
[34.89, 34.84, 34.83]
[34.56, 34.36, 34.21, 34.22]
[34.49, 34.23, 33.77, 33.52]
[34.96, 34.82, 34.68]
[34.68, 34.53, 34.11, 34.08]
[34.46, 33.97, 33.14, 32.92]
[33.99, 30.8, 18.72, 7.42, 6.24]
[34.42, 33.64, 30.77, 26.69, 23.85, 23.48, 23.26, 23.23]
[35.47, 35.47]
[34.76, 34.43, 34.13, 34.04]
[34.82, 34.77, 34.69, 34.63]
[34.11, 33.1, 30.08, 22.48, 16.95, 14.97, 14.61]
[34.41, 34.02, 33.71, 33.49]
[35.49, 35.49]
[34.21, 33.87, 33.55, 33.49, 33.51]
[35.0, 34.92, 34.85]
[35.09, 35.04, 34.99]
[34.68, 34.45, 34.38, 34.24, 34.19]
[34.74, 34.54, 34.49, 34.44]
[34.58, 34.31, 33.98, 33.86]
[34.39, 33.89, 33.12, 32.84, 32.78]
[34.02, 33.03, 28.65, 20.83, 15.41, 15.01]
[34.89, 34.86, 34.74, 34.73, 34.68]
[34.94, 34.76, 34.69]
[35.06, 34.68, 34.44, 34.27, 34.2]
[34.88, 34.7, 34.29, 34.12, 34.07]
[34.4, 33.22, 28.75, 19.66, 15.36, 15.09]
[34.46, 33.8, 31.37, 28.61, 25.77, 24.21, 24.06]
[34.76, 34.62, 34.16, 34.04]
[34.97, 34.95, 34.79]
[33.89, 29.8, 11.45, 5.98, 5.79]
[34.98, 34.86]
[34.63, 34.07, 33.44, 32.8, 32.66]
[34.88, 34.17, 33.33, 32.91]
[34.84, 34.74, 34.52]
[34.64, 34.12, 33.57, 33.36, 33.32]
[34.49, 34.39, 34.07, 33.9]
[34.49, 34.29, 33.93]
[34.63, 34.34, 34.18, 34.12]
[34.6, 34.2, 34.01, 33.96]
[34.5, 34.06, 33.6, 33.29, 33.31]
[34.54, 34.21, 33.38, 33.39]
[34.72, 33.84, 31.17, 27.92, 25.17, 23.93, 23.91]
[34.52, 34.17, 33.93, 33.67, 33.61]
[34.51, 34.03, 33.29, 32.93]
[34.82, 34.72, 34.39]
[35.07, 35.07, 34.93]
[34.67, 34.52, 34.4, 34.09]
[34.65, 34.48, 34.1, 34.05, 33.99]
[34.7, 34.53, 34.25, 34.25]
[34.56, 34.2, 33.82, 33.53, 33.4]
[35.05, 34.81, 34.53, 34.5]
[34.44, 34.11, 33.74, 33.63]
[34.91, 34.88]
[34.86, 34.68, 34.39, 34.34]
[34.49, 33.94, 33.31, 32.55, 32.34, 32.29]
[34.19, 32.58, 24.43, 7.02, 5.67, 5.47]
[35.1, 34.97, 34.88]
[34.61, 34.02, 33.21, 32.66, 32.48]
[35.56, 35.54]
[34.69, 34.38, 34.31]
[35.19, 35.15, 35.04]
[34.94, 34.8, 34.64, 34.59]
[34.81, 34.71, 34.66]
[33.96, 32.67, 29.23, 19.93, 15.94, 15.02]
[35.01, 34.84, 34.36, 34.33]
[34.34, 33.45, 29.06, 20.44, 15.44, 14.93, 14.88]
[34.28, 31.83, 24.14, 12.12, 9.6, 9.52]
[34.48, 33.49, 32.38, 29.88, 28.6, 28.04, 27.91]
[34.9, 34.83, 34.75, 34.76]
[34.67, 34.39, 34.21, 34.15]
[34.35, 31.59, 22.01, 14.31, 11.11, 10.96]
[35.3, 35.16, 35.16]
[34.8, 34.69, 34.65, 34.65]
[35.2, 35.18, 35.13, 35.08]
[33.91, 28.39, 10.17, 2.75, 2.27]
[34.61, 34.45, 34.09]
[34.94, 34.81, 34.71]
[34.89, 34.84, 34.65, 34.53]
[34.68, 34.37, 34.0, 33.78]
[35.01, 34.78, 34.64, 34.56]
[34.57, 34.38, 34.11]
[35.2, 35.1]
[34.84, 34.62, 34.63]
[34.05, 33.33, 32.3, 31.43, 31.09]
[34.4, 34.04, 33.17, 33.06]
[34.66, 34.08, 33.03, 31.77, 31.6, 31.35]
[33.98, 31.65, 25.0, 10.07, 5.61, 5.34, 5.26]
[34.49, 34.38, 34.27]
[34.25, 31.88, 25.69, 19.7, 15.67, 14.92]
[34.91, 34.64, 34.1, 33.87]
[33.57, 30.43, 14.89, 6.84, 5.86]
[34.93, 34.89, 34.76, 34.65]
[34.39, 34.22, 34.03, 34.0]
[34.94, 34.91, 34.92]
[35.28, 35.25, 35.2]
[34.76, 34.71, 34.44]
[35.13, 34.99, 34.87]
[35.2, 35.12, 35.09]
[34.51, 33.88, 33.03, 32.25, 32.07]
[34.13, 32.79, 27.89, 15.39, 9.17, 8.81]
[34.96, 34.95, 34.9, 34.84]
[34.65, 34.44, 34.18, 34.12]
[34.92, 34.87, 34.58]
[34.86, 34.86, 34.77]
[34.91, 34.57, 34.43, 34.37]
[34.13, 31.74, 18.96, 4.42, 4.07]
[34.47, 34.0, 32.96, 32.47, 32.47]
[35.49, 35.47, 35.3, 35.24]
[34.28, 33.59, 31.68, 28.83, 24.88, 21.78, 21.56]
[34.69, 34.42, 33.84, 33.66, 33.6]
[34.96, 34.82, 34.73]
[35.15, 35.14, 35.09]
[34.52, 34.32, 34.03]
[34.62, 34.61]
[34.6, 33.94, 32.17, 28.03, 23.59, 22.32, 21.69, 21.42]
[34.7, 34.58, 34.56]
[35.05, 35.0, 34.85]
[34.44, 33.96, 33.35, 33.03, 33.03]
[34.86, 34.62, 34.44, 34.39]
[35.25, 35.23, 35.22, 35.17]
[34.87, 34.64, 34.51, 34.46, 34.4]
[35.16, 34.94, 34.56]
[34.2, 33.87, 33.34, 32.77, 32.79]
[34.66, 34.42, 34.11, 34.05]
[34.83, 34.61, 34.22, 33.96, 33.95, 33.89]
[34.41, 33.23, 30.77, 23.18, 17.13, 14.84]
[33.9, 32.1, 23.14, 8.69, 4.87, 4.78]
[35.03, 35.02, 34.9]
[34.79, 34.65, 34.63, 34.53]
[34.35, 33.86, 32.91, 31.94, 31.8]
[33.99, 32.65, 29.32, 20.49, 13.78, 13.04, 12.95]
[34.86, 34.81, 34.77, 34.71]
[34.34, 33.08, 28.33, 19.02, 14.87, 14.38]
[34.67, 34.23, 33.94, 33.91]
[34.52, 34.16, 33.75, 33.44]
[34.98, 34.8, 34.79, 34.7]
[35.03, 35.01, 35.02]
[34.41, 31.67, 17.22, 9.22, 7.78, 7.62]
[35.07, 34.87, 34.84, 34.78]
[34.67, 34.63, 34.35]
[34.93, 34.58, 34.47, 34.35]
[34.29, 33.74, 33.13, 33.13, 33.05]
[34.83, 34.73, 34.5]
[34.86, 34.67, 34.46, 34.43]
[34.61, 33.97, 32.97, 31.8, 30.21, 30.08]
[35.11, 35.07, 34.97]
[34.93, 34.85, 34.84, 34.73]
[35.12, 34.95, 34.85]
[34.24, 33.49, 32.76, 32.64, 32.58]
[34.74, 34.79]
[33.6, 27.85, 5.83, 2.94, 2.84]
[35.18, 34.99, 34.85, 34.78]
[34.61, 34.1, 33.63, 33.44, 33.45]
[35.0, 34.86, 34.79, 34.75]
[34.4, 34.17, 34.1]
[34.14, 32.28, 21.99, 10.21, 7.36, 7.26]
[34.99, 34.74, 34.42, 34.32]
[34.54, 34.08, 33.47, 33.02]
[34.26, 34.17, 33.9, 33.56]
[35.07, 35.05, 35.01, 34.95]
[34.09, 31.59, 21.14, 8.18, 6.6, 6.4]
[34.96, 34.92, 34.79, 34.79, 34.73]
[34.51, 34.19, 33.85, 33.78]
[35.02, 34.7, 34.51]
[34.76, 34.63, 34.39, 34.41]
[34.57, 34.06, 33.5, 33.24]
[34.51, 34.28, 34.03, 33.98]
[35.2, 35.18, 35.12]
[34.97, 34.98, 34.94]
[34.32, 34.18, 34.01, 34.0, 33.94]
[34.4, 33.62, 30.37, 25.64, 21.02, 19.57]
[34.78, 34.64, 34.17]
[33.91, 32.74, 30.12, 25.89, 22.72, 21.59, 21.55]
[34.64, 34.34, 34.29]
[33.92, 30.66, 16.34, 6.33, 5.49]
[35.11, 34.84, 34.65, 34.59]
[35.23, 35.1, 34.85, 34.81]
[34.92, 34.92, 34.93]
[34.57, 34.26, 34.06, 33.79]
[34.7, 34.55, 34.1, 34.06, 34.07]
[34.1, 32.16, 25.23, 16.21, 11.09, 10.36]
[34.58, 34.06, 32.89, 32.45, 32.46]
[34.83, 34.82, 34.77]
[34.06, 31.73, 24.81, 16.52, 14.29]
[35.49, 35.47, 35.48]
[35.04, 35.02, 34.99]
[34.88, 34.82, 34.65]
[33.56, 29.89, 12.88, 7.15, 6.98]
[34.39, 33.65, 32.07, 30.21, 29.14, 28.92]
[34.53, 33.62, 31.2, 26.73, 22.7, 21.51, 21.36]
[34.0, 32.82, 29.04, 21.97, 17.53, 16.65]
[34.75, 34.62, 34.51, 34.46]
[34.72, 34.66, 34.41]
[34.64, 34.07, 33.62, 32.99, 32.94]
[34.53, 34.03, 33.0, 32.42]
[34.96, 34.83, 34.83, 34.75]
[34.91, 34.52, 33.44, 33.15]
[34.54, 34.43, 34.24, 34.16]
[34.83, 34.85, 34.8, 34.73]
[34.61, 33.89, 32.29, 30.4, 27.78, 25.33, 24.55, 24.52]
[34.68, 34.63, 34.57]
[34.65, 34.49, 34.24, 34.18]
[34.57, 34.36, 34.28]
[34.61, 33.88, 33.26, 33.06]
[34.52, 34.31, 33.47, 33.16]
[34.71, 34.31, 34.08, 33.98]
[34.91, 34.86, 34.71]
[34.73, 34.36, 33.76, 33.42]
[34.87, 34.9, 34.78]
[34.74, 34.64]
[34.35, 33.1, 29.93, 24.14, 19.14, 17.93, 17.28]
[34.56, 34.49, 34.02]
[33.73, 28.23, 8.72, 3.47]
[34.65, 34.27, 33.34, 32.62, 32.19, 32.1]
[34.34, 33.19, 29.16, 22.94, 15.29, 14.47, 14.29]
[34.76, 34.54, 34.21, 34.08, 34.06]
[34.64, 34.15, 33.34, 31.81, 31.7]
[35.04, 35.07, 34.85]
[34.23, 33.65, 32.55, 31.06, 30.41, 30.04]
[34.43, 31.82, 22.53, 13.45, 11.66, 11.48]
[35.19, 35.12, 35.05, 35.05]
[34.59, 34.41, 34.35]
[34.47, 33.03, 25.6, 16.48, 13.78, 12.88]
[34.91, 34.78, 34.75, 34.69]
[34.38, 33.84, 33.64, 33.39, 33.29]
[35.31, 35.2, 35.09]
[34.7, 34.53, 34.12, 33.96]
[34.71, 34.6, 34.53, 34.47]
[34.6, 34.5, 34.3, 34.24]
[34.39, 33.81, 33.2, 33.09]
[34.59, 34.31, 34.07, 34.02]
[34.28, 32.14, 26.88, 19.04, 13.9, 12.67, 12.62]
[34.4, 33.69, 32.91, 31.95, 31.66, 31.56]
[34.24, 32.27, 24.04, 12.66, 9.52, 8.82]
[34.37, 34.28, 34.0, 33.92]
[33.93, 32.16, 25.68, 15.16, 7.96, 7.23]
[35.37, 35.22, 35.04]
[34.53, 34.31, 34.06, 34.07, 34.04]
[35.43, 35.43]
[34.65, 34.53, 34.12, 34.1]
[34.82, 34.53, 34.38, 34.33]
[33.87, 31.99, 22.85, 11.93, 10.39, 10.34]
[34.21, 33.26, 30.67, 25.51, 22.34, 21.89]
[34.62, 34.52, 34.28, 34.22]
[34.81, 34.71, 34.64]
[34.94, 34.69, 34.45, 34.37]
[34.51, 34.11, 33.58, 33.04]
[34.96, 34.73, 34.41, 34.28]
[34.59, 33.75, 32.08, 29.43, 26.74, 25.48, 25.13]
[34.6, 34.45, 34.33, 34.28, 34.22]
[35.1, 35.13, 35.01]
[35.16, 35.15, 35.1]
[35.27, 35.25, 35.26]
[34.6, 34.12, 33.83, 33.67]
[34.1, 32.35, 25.59, 15.78, 12.22, 10.38, 10.3]
[33.96, 31.32, 19.98, 10.65, 9.58]
[35.07, 35.05]
[35.1, 34.91, 34.73, 34.66]
[34.31, 33.63, 32.58, 30.81, 28.49, 27.4, 27.4]
[35.2, 35.12, 35.05, 34.99]
[34.74, 34.56, 34.39, 34.39]
[34.59, 34.55, 34.38]
[34.67, 34.52, 34.37]
[34.68, 34.49, 34.1]
[34.56, 34.27, 33.92, 33.81]
[34.54, 34.08, 33.28, 32.78, 32.64]
[35.44, 35.45]
[34.53, 34.16, 33.65, 33.44]
[34.74, 34.51, 34.42, 34.38]
[34.23, 32.55, 26.55, 14.42, 11.62]
[34.11, 31.74, 24.98, 12.72, 11.31, 11.18]
[34.68, 33.87, 30.49, 28.06, 26.85, 26.12]
[34.38, 34.15, 33.84, 33.67]
[34.69, 34.65, 34.5, 34.44]
[35.23, 35.23, 35.17]
[34.63, 34.37, 34.27, 34.17]
[34.75, 34.49, 34.29, 34.29]
[34.84, 34.77, 34.77]
[35.25, 35.19, 35.2]
[35.14, 35.13, 35.03, 34.91]
[34.32, 33.61, 31.62, 28.15, 22.86, 21.37, 21.16]
[34.66, 34.17, 33.86, 33.79]
[34.65, 34.12, 33.29, 33.0]
[34.74, 34.21, 33.53, 33.4, 33.31, 33.33]
[35.1, 35.01, 34.86]
[34.14, 32.23, 27.61, 22.0, 17.68, 16.34, 16.29]
[34.61, 33.83, 31.32, 26.51, 21.65, 19.28, 18.12]
[34.89, 34.73, 34.58]
[34.86, 34.7, 34.66]
[34.41, 33.93, 32.81, 31.33, 29.03, 28.44]
[34.95, 34.87, 34.66]
[35.18, 35.13, 35.12, 35.08]
[33.97, 32.05, 26.37, 18.93, 15.16, 14.83, 14.76]
[34.66, 34.48, 34.28, 34.16]
[34.19, 32.24, 26.13, 18.7, 14.78, 14.21, 14.0, 13.85]
[34.84, 34.82, 34.71, 34.65]
[34.38, 33.97, 32.96, 32.6]
[34.43, 33.87, 33.41, 33.12]
[34.58, 33.48, 30.98, 26.55, 22.85, 21.84]
[35.19, 35.08, 34.96, 34.91]
[34.46, 34.02, 33.83, 33.31, 33.26]
[34.78, 34.65, 34.62, 34.56]
[34.74, 34.46, 34.42, 34.43]
[34.72, 34.6, 34.51, 34.4, 34.35]
[33.69, 29.39, 10.57, 0.94, 0.59]
[34.14, 32.06, 25.46, 13.65, 9.03, 8.28]
[35.07, 34.8, 34.42]
[34.76, 34.7, 34.64]
[34.92, 34.36, 34.0, 33.88, 33.82]
[35.2, 35.02, 34.83, 34.72]
[35.31, 35.28, 35.13, 35.14, 35.09]
[34.22, 33.53, 31.02, 27.65, 24.29, 24.0]
[34.92, 34.78, 34.6, 34.48]
[35.27, 35.14, 35.08]
[34.8, 34.6, 34.27, 34.25]
[34.43, 33.79, 32.18, 29.93, 28.93, 28.43]
[34.28, 33.15, 30.44, 21.61, 14.35, 13.93]
[34.53, 33.85, 32.15, 30.21, 27.85, 26.52, 26.33]
[34.32, 32.61, 25.76, 12.79, 9.76, 9.45]
[34.98, 34.86, 34.73]
[34.03, 30.57, 17.23, 4.69, 4.19, 3.68]
[34.73, 34.44, 33.9, 33.73]
[34.69, 33.91, 32.87, 31.79, 31.53]
[33.85, 29.99, 13.98, 9.18, 8.24]
[34.4, 33.71, 31.74, 26.81, 21.79, 18.12, 16.44]
[34.0, 32.12, 25.04, 17.34, 14.65, 14.58]
[34.95, 34.95]
[34.63, 34.39, 34.18, 34.1]
[34.86, 34.76, 34.73]
[34.49, 33.97, 32.37, 31.86, 31.52]
[34.48, 34.35, 34.11, 34.0, 33.94]
[34.79, 34.49, 33.99, 33.94]
[35.23, 35.16, 35.14]
[34.82, 34.68, 34.6, 34.56]
[34.98, 34.88, 34.71, 34.66]
[34.76, 34.62, 34.62, 34.57]
[34.76, 34.22, 33.51, 33.1, 33.07]
[34.94, 34.48, 34.15, 34.04]
[34.93, 34.78, 34.64, 34.47]
[34.64, 34.47, 34.26]
[35.01, 34.94, 34.8, 34.74]
[35.16, 35.07, 34.99, 34.88]
[34.88, 34.71, 34.61, 34.62]
[34.23, 33.63, 32.08, 29.07, 25.17, 22.34, 21.71]
[34.39, 32.96, 29.29, 23.99, 20.39, 20.12, 20.09]
[34.28, 32.89, 27.82, 18.19, 12.41, 12.01, 11.8]
[34.49, 34.13, 33.58, 33.18, 33.11]
[34.53, 34.19, 33.75, 33.63]
[34.93, 34.82, 34.64]
[34.07, 32.01, 21.21, 11.15, 8.86, 8.35]
[34.55, 33.95, 33.68, 33.55]
[34.57, 34.38, 34.32, 34.26]
[34.75, 34.72, 34.65]
[34.73, 33.49, 29.65, 25.19, 21.3, 20.35, 20.14]
[35.18, 35.14, 35.04]
[33.86, 31.61, 16.89, 4.54, 3.1]
[34.41, 33.88, 33.09, 33.0, 32.95]
[34.96, 34.82, 34.71]
[34.68, 34.41, 33.75, 33.67]
[34.45, 34.37, 34.1]
[34.29, 33.07, 29.92, 26.95, 24.97, 24.37, 23.99]
[35.46, 35.33, 35.34]
[34.46, 34.16, 33.86, 33.77]
[35.15, 35.12, 35.04]
[35.58, 35.43, 35.37, 35.33]
[33.94, 29.29, 12.55, 4.72, 3.39]
[34.98, 34.86, 34.65]
[34.81, 34.71, 34.61]
[34.56, 33.26, 29.19, 21.64, 17.15, 16.05, 15.75]
[35.11, 35.11, 35.06]
[34.59, 34.03, 33.78, 33.72]
[34.55, 34.22, 34.09, 34.04, 33.97]
[34.94, 34.68, 34.56, 34.5]
[34.91, 34.81, 34.67]
[34.46, 33.97, 33.31, 33.12, 32.77]
[34.3, 32.45, 28.48, 20.42, 14.76, 14.15]
[34.2, 33.47, 32.43, 31.95, 31.72, 31.66]
[34.69, 34.43, 33.95, 33.91]
[34.46, 34.33, 34.09, 34.03]
[34.51, 34.27, 34.01]
[34.23, 33.47, 29.91, 24.47, 21.03, 18.42]
[34.86, 34.7, 34.52, 34.47]
[34.84, 34.76, 34.77]
[34.83, 34.66, 34.4]
[35.12, 35.05]
[35.08, 35.08, 35.02]
[34.26, 32.65, 27.21, 19.95, 14.45, 13.62, 13.32]
[35.14, 34.98, 34.98]
[34.33, 33.83, 33.17, 32.86]
[34.27, 33.58, 33.14, 32.87, 32.81]
[34.84, 34.38, 33.37, 33.01, 32.94]
[34.9, 34.68, 34.45, 34.35]
[34.66, 34.55, 34.48]
[34.6, 34.39, 33.94, 33.73, 33.66]
[35.4, 35.4]
[33.55, 30.82, 19.77, 8.11, 6.68, 6.6]
[34.93, 34.91, 34.69]
[34.53, 34.2, 33.98, 33.87]
[34.88, 34.76, 34.67]
[34.26, 33.59, 31.75, 28.23, 25.52, 24.24, 23.97]
[35.35, 35.22, 35.21, 35.16]
[35.09, 34.92, 34.57, 34.58]
[34.73, 34.6, 34.31, 34.2]
[34.26, 33.02, 30.57, 27.36, 22.35, 20.8, 20.47]
[34.83, 34.8, 34.6, 34.54]
[34.83, 34.74, 34.41, 34.37]
[34.49, 33.18, 28.62, 22.18, 17.83, 17.04]
[35.03, 35.0, 34.71]
[34.65, 33.68, 32.09, 30.69, 30.4, 30.29]
[35.25, 35.16, 35.16, 35.11]
[34.38, 34.05, 33.78, 33.53]
[34.75, 33.2, 24.8, 15.92, 11.54, 10.85]
[34.38, 33.4, 29.74, 20.99, 17.11, 16.88]
[34.64, 34.53, 34.34, 34.3]
[34.55, 33.76, 32.96, 32.39, 32.32]
[34.82, 34.76, 34.74, 34.72, 34.67]
[34.01, 33.14, 30.2, 27.54, 24.32, 22.44, 22.09]
[34.33, 33.32, 29.34, 23.89, 19.76, 18.19, 17.91, 17.73]
[33.95, 31.83, 26.94, 14.79, 10.9, 10.83]
[34.87, 34.65, 34.27, 34.3]
[34.59, 34.54, 34.36]
[34.71, 34.56, 34.53, 34.51]
[34.31, 32.74, 29.42, 22.69, 17.17, 15.81]
[34.84, 34.81, 34.74, 34.69]
[34.42, 33.84, 33.62, 33.29, 33.23]
[34.47, 33.68, 33.09, 32.78, 32.59]
[35.07, 35.02]
[35.12, 35.11]
[35.01, 35.02, 34.97, 34.91]
[34.99, 34.81, 34.69, 34.64]
[34.49, 34.3, 34.18, 34.08]
[34.7, 34.33, 34.18]
[34.58, 34.43, 34.12, 33.99]
[34.24, 33.69, 32.89, 32.39, 32.28]
[34.54, 34.48, 34.36]
[34.74, 34.43, 34.23, 33.99]
[34.69, 34.67, 34.47, 34.38]
[35.08, 34.95, 34.47]
[34.16, 32.79, 26.12, 18.42, 16.21, 15.73, 15.26]
[35.13, 34.68, 34.36, 34.36]
[34.75, 34.52, 34.22, 34.08, 34.04]
[34.79, 34.27, 33.74, 33.74]
[34.75, 34.34, 34.16, 33.94, 33.96]
[34.45, 32.85, 25.69, 14.61, 11.07, 10.99]
[35.06, 34.97]
[34.29, 32.78, 28.38, 20.57, 16.57, 16.08]
[34.59, 33.28, 29.68, 25.09, 21.5, 20.96]
[34.54, 34.38, 34.23, 34.16]
[34.65, 34.4, 34.13, 34.11]
[34.65, 34.59, 34.52, 34.46]
[34.51, 34.48, 34.02, 34.03]
[34.72, 34.57, 34.26]
[34.6, 33.6, 31.85, 29.48, 26.67, 25.84]
[34.1, 32.34, 27.72, 18.6, 13.35, 12.98]
[35.09, 34.89, 34.6, 34.53, 34.49]
[34.17, 33.28, 30.18, 24.06, 20.24, 19.03, 18.41, 18.35]
[34.83, 34.81, 34.71]
[34.75, 34.53, 34.4, 34.34]
[34.71, 34.6, 34.53, 34.51]
[35.19, 35.15, 35.09, 35.04]
[33.99, 32.44, 28.02, 20.58, 16.2, 14.24, 14.02]
[34.65, 34.56, 34.14, 33.89]
[34.33, 33.88, 33.29, 32.82]
[34.73, 34.57, 34.27, 34.22, 34.17]
[34.82, 34.77, 34.65]
[35.0, 34.79, 34.57, 34.51]
[34.86, 34.74, 34.69]
[33.93, 31.93, 21.84, 10.59, 7.39]
[35.03, 34.75, 34.56, 34.39]
[34.5, 33.56, 30.38, 25.52, 21.8, 20.15, 19.94]
[34.35, 33.89, 33.45, 33.29]
[34.53, 33.87, 31.89, 28.38, 22.81, 20.8, 20.76]
[34.94, 34.73, 34.55, 34.48]
[34.59, 34.07, 33.51, 33.19]
[34.72, 34.2, 32.81, 30.21, 27.64, 26.18]
[34.08, 31.82, 22.25, 9.05, 4.3, 2.91, 2.62]
[34.45, 33.1, 28.1, 16.44, 10.14, 9.46]
[34.25, 33.13, 31.2, 28.73, 24.97, 23.27, 23.23]
[34.76, 34.31, 33.66, 32.76, 32.67]
[34.97, 34.75, 34.63, 34.56]
[35.04, 34.76, 34.48, 34.35]
[34.6, 34.26, 33.83, 33.6]
[34.96, 34.88, 34.88, 34.83]
[34.72, 34.44, 34.14, 34.02, 33.96]
[35.05, 35.03, 34.92]
[34.3, 33.43, 31.54, 26.78, 21.71, 20.29, 20.25]
[34.42, 33.18, 29.84, 24.61, 17.58, 15.21]
[34.27, 33.81, 32.33, 30.03, 28.68, 28.34]
[35.33, 35.27, 35.03]
[34.65, 34.43, 34.24, 34.12]
[34.88, 34.84, 34.67, 34.56]
[34.44, 33.3, 31.41, 27.89, 23.0, 20.34, 19.68]
[34.69, 34.61, 34.18]
[34.8, 34.58, 34.37, 34.32]
[34.74, 34.33, 33.67, 33.58]
[33.97, 32.05, 27.02, 19.04, 12.79, 11.59, 11.38]
[34.78, 34.48, 33.86, 33.8]
[34.61, 34.48, 34.37, 34.27]
[34.5, 34.04, 33.54, 33.42, 33.36]
[34.87, 34.78, 34.66]
[34.96, 34.9, 34.79]
[35.59, 35.55, 35.45]
[34.72, 34.55, 34.45, 34.39, 34.33]
[34.63, 34.57, 34.34, 34.34]
[34.92, 34.86, 34.71, 34.54]
[34.22, 33.01, 28.86, 19.25, 13.53, 13.23, 13.16]
[35.14, 35.06, 35.07, 35.02]
[34.73, 34.57, 34.37, 34.32]
[34.5, 34.22, 33.94, 33.89]
[34.66, 34.68, 34.63, 34.59]
[34.1, 32.62, 27.53, 18.87, 12.7, 12.49, 12.14]
[35.13, 35.06, 35.0]
[34.72, 34.69, 34.42]
[34.17, 32.77, 29.9, 25.44, 21.51, 20.25]
[34.62, 33.89, 32.78, 32.48, 32.46, 32.39]
[34.83, 34.59, 34.49]
[34.66, 34.39, 34.07, 34.04]
[34.34, 34.04, 33.84, 33.7]
[34.05, 31.5, 19.95, 10.16, 8.58]
[34.23, 33.56, 31.57, 29.63, 28.85, 28.47]
[35.1, 35.08, 34.89]
[34.92, 34.75, 34.63]
[35.0, 34.74, 34.64]
[34.91, 34.47, 34.25, 34.08]
[34.1, 30.97, 19.21, 9.76, 6.44, 6.16]
[35.26, 35.24, 35.21]
[34.5, 34.37, 34.11]
[34.89, 34.81, 34.69]
[34.68, 34.45, 34.29, 34.17]
[34.88, 34.68, 34.41, 34.23]
[35.14, 34.97, 34.79, 34.74]
[35.18, 35.13, 34.86, 34.86]
[35.15, 35.09, 35.1]
[34.99, 35.0, 35.0, 34.95]
[35.08, 35.07, 35.07, 35.01]
[35.26, 35.25]
[34.91, 34.62, 34.35, 34.29]
[34.61, 34.43, 34.37, 34.31, 34.26]
[34.64, 34.53, 34.39]
[34.73, 34.59, 34.3, 34.24]
[34.9, 34.53, 34.11]
[34.39, 33.94, 33.32, 32.79, 32.72]
[34.92, 34.8]
[34.85, 33.56, 30.38, 25.08, 21.07, 19.55]
[34.79, 34.59, 34.32, 34.27]
[35.03, 34.99, 34.89]
[34.73, 34.47, 34.31]
[34.59, 33.92, 32.66, 31.97, 31.87]
[35.54, 35.54, 35.38]
[35.01, 34.84, 34.74]
[34.91, 34.78, 34.63]
[34.21, 33.28, 32.05, 30.04, 27.88, 27.05, 26.67, 26.52]
[34.66, 32.86, 26.59, 19.2, 17.29, 17.01]
[34.85, 34.44, 33.86, 33.76, 33.78]
[34.91, 34.9, 34.84]
[35.13, 35.08, 35.02, 34.99]
[34.11, 33.71, 33.35, 33.19, 33.14]
[34.21, 33.72, 33.31, 32.87, 32.63, 32.55]
[34.63, 34.34, 33.9, 33.78, 33.72]
[35.21, 35.23, 35.18]
[34.63, 34.42, 33.94, 33.71, 33.67]
[34.84, 34.79, 34.68]
[35.1, 35.02]
[35.01, 35.01, 34.96, 34.9]
[34.62, 34.14, 33.77, 33.55, 33.49]
[35.13, 35.09, 35.0]
[34.73, 34.16, 33.31, 33.03, 32.97]
[34.72, 34.32, 33.88, 33.86]
[35.43, 35.43]
[34.59, 34.07, 32.94, 32.52, 32.11]
[34.27, 33.21, 30.3, 26.04, 22.45, 19.62, 18.92]
[34.91, 34.73, 34.69, 34.55, 34.5]
[35.04, 34.87, 34.71]
[34.8, 34.64, 34.49]
[34.85, 34.67, 34.69, 34.64]
[34.69, 34.41, 34.08, 34.02]
[34.38, 33.92, 32.7, 31.11, 28.94, 28.61]
[34.78, 34.63, 34.59, 34.54]
[33.99, 32.13, 24.61, 13.98, 10.0, 9.57]
[34.39, 34.21, 34.06, 34.01]
[34.86, 34.81, 34.71]
[34.37, 33.77, 32.96, 32.77, 32.76, 32.69]
[34.86, 34.72, 34.6, 34.53]
[34.83, 34.37, 33.92, 33.78, 33.71]
[34.62, 34.06, 32.86, 31.45, 31.09]
[34.61, 34.27, 33.99, 33.93]
[35.22, 35.11, 35.1, 35.04]
[34.02, 31.25, 23.61, 13.24, 10.46, 10.4]
[34.66, 34.25, 33.63, 33.17, 33.1, 33.04]
[35.2, 35.2, 35.09]
[34.04, 32.97, 31.54, 26.37, 21.07, 19.81]
[34.83, 34.26, 33.16, 32.55, 32.55]
[35.3, 35.3]
[35.04, 34.88, 34.7, 34.65]
[34.61, 33.98, 33.72, 33.5, 33.43]
[34.57, 33.95, 33.36, 32.84, 32.78]
[34.91, 34.7, 34.58, 34.49]
[34.92, 34.5, 34.24, 34.18]
[34.97, 34.91, 34.86]
[34.74, 34.58, 34.37, 34.32]
[34.78, 34.68, 34.45, 34.39]
[35.06, 34.95, 34.81, 34.69]
[35.07, 35.07, 35.07]
[34.83, 34.5, 34.04, 33.93]
[34.46, 33.85, 32.04, 29.15, 26.84, 26.12, 25.76]
[34.35, 33.12, 29.99, 26.15, 23.33, 22.26, 22.11]
[34.58, 34.56, 34.44, 34.4]
[34.89, 34.83, 34.57, 34.55]
[34.97, 34.92, 34.85]
[34.63, 34.38, 34.19]
[35.13, 35.06, 34.99]
[34.47, 33.97, 33.58, 33.41]
[34.55, 34.35, 34.12]
[35.12, 35.09, 34.99]
[34.98, 34.66, 34.18, 34.07]
[34.46, 33.44, 31.27, 26.95, 23.01, 20.53, 19.44, 19.41]
[35.14, 34.97, 34.68]
[34.73, 34.34, 34.16]
[34.97, 34.88, 34.77]
[34.9, 34.89, 34.89]
[34.89, 34.46, 33.13, 32.43, 31.95, 31.9]
[34.67, 34.17, 32.53, 31.87, 30.87, 30.36, 30.23]
[34.9, 34.83, 34.66, 34.61]
[35.04, 34.98, 34.92]
[34.01, 33.01, 28.66, 20.1, 15.86, 15.14]
[34.6, 34.47, 34.17, 34.0]
[34.92, 34.87, 34.82]
[35.11, 34.99, 35.0, 34.95]
[34.67, 34.44, 34.11]
[33.81, 32.56, 28.45, 19.24, 15.61, 15.46]
[34.72, 34.63, 34.44]
[34.71, 34.58, 34.24]
[35.25, 35.18, 35.08]
[34.99, 34.78, 34.45, 34.39]
[34.63, 34.24, 33.63, 33.47, 33.41]
[34.51, 33.63, 29.37, 23.0, 17.88, 16.79, 16.63]
[34.49, 33.97, 33.42, 33.38]
[34.38, 33.84, 33.42, 33.38]
[34.71, 34.55, 34.29, 34.23]
[34.61, 34.54, 34.36, 34.31]
[34.65, 34.13, 33.54, 33.24, 33.17, 33.09]
[34.44, 33.98, 33.21, 32.63, 32.33, 32.32]
[34.69, 34.48, 34.06, 33.9]
[35.2, 35.09, 34.99]
[34.41, 34.02, 33.36, 33.07, 33.05, 32.98]
[34.41, 33.66, 32.13, 30.46, 29.01]
[35.03, 35.02]
[34.2, 33.28, 31.17, 27.99, 24.94, 23.99, 23.5]
[34.9, 34.75, 34.69, 34.65]
[34.52, 33.99, 33.29, 32.83, 32.56]
[34.99, 34.86, 34.68, 34.63]
[34.59, 33.9, 32.11, 29.04, 27.39, 26.6, 26.58]
[34.09, 30.54, 14.99, 5.14, 4.18]
[34.67, 34.55, 34.3, 34.15]
[34.46, 33.54, 30.11, 25.67, 20.42, 19.18]
[35.04, 35.05]
