[40.84, 40.86]
[41.2, 41.27]
[41.09, 41.1, 41.1]
[41.13, 41.15]
[41.04, 41.04]
[40.89, 40.93]
[41.4, 41.41]
[41.22, 41.23]
[40.53, 40.62, 40.73, 40.69, 40.57]
[40.97, 41.04]
[41.03, 41.07]
[40.94, 41.02]
[41.21, 41.24]
[41.26, 41.26]
[40.85, 40.76, 40.74]
[41.04, 41.1]
[40.82, 41.02]
[40.95, 41.01]
[40.82, 40.82, 40.82, 40.97, 40.82]
[40.36, 39.82, 37.36, 22.51, 1.81, 1.6]
[40.67, 40.48, 39.85, 39.11, 37.42, 33.1, 16.83, 13.7, 13.03]
[40.94, 41.01, 41.0]
[41.03, 41.05]
[40.53, 39.97, 38.11, 24.34, 0.59, 0.41]
[40.74, 40.76, 40.79]
[41.15, 41.18]
[40.68, 40.61, 40.8, 40.88, 40.59]
[41.17, 41.19]
[40.97, 40.96, 41.11, 41.22, 41.1]
[40.4, 39.81, 37.38, 20.5, 0.78]
[40.96, 40.9, 40.93, 40.71, 41.04, 41.18, 41.11]
[40.97, 40.96, 40.96]
[41.0, 41.07, 41.07, 41.0]
[40.84, 40.86, 40.85, 40.79]
[40.98, 41.04, 41.07]
[40.97, 41.01, 41.02, 41.02, 40.95]
[41.09, 41.1, 41.05]
[41.14, 41.22]
[41.12, 41.09, 41.02]
[40.7, 40.71, 40.71, 40.72]
[41.03, 41.12]
[40.61, 40.35, 39.07, 35.23, 20.51, 6.64, 5.27]
[41.0, 41.06]
[41.16, 41.17]
[41.04, 41.12]
[41.09, 41.08, 41.09, 41.03]
[41.02, 41.03]
[40.88, 40.98, 40.76, 40.84, 40.93, 40.91]
[40.93, 41.01, 41.03]
[40.81, 40.87]
[41.15, 41.18, 41.18]
[41.3, 41.3]
[40.55, 39.95, 37.59, 30.89, 15.65, 10.88, 10.64]
[40.94, 41.0]
[40.95, 40.93, 40.95]
[41.09, 41.09]
[41.16, 41.18]
[40.91, 40.92, 40.86, 40.69]
[41.07, 41.11, 41.04]
[41.02, 41.06, 41.06]
[40.58, 40.57, 40.69, 40.7]
[40.97, 41.09]
[41.02, 41.1]
[41.3, 41.31]
[41.07, 41.08, 41.01]
[41.0, 41.05]
[40.94, 40.95, 40.9]
[41.58, 41.51]
[40.9, 40.96, 40.97]
[40.88, 40.94]
[41.12, 41.15]
[41.15, 41.21, 41.2, 41.15]
[40.94, 40.97]
[41.09, 41.12]
[40.44, 39.56, 34.83, 10.62, 1.59, 1.42, 1.26, 0.96]
[40.63, 40.51, 40.43, 40.49, 40.53, 40.46, 39.41, 37.36, 34.86, 32.65, 31.93, 31.07]
[40.68, 39.92, 36.3, 18.79, 3.68, 3.57]
[40.92, 40.9, 41.03]
[41.27, 41.3]
[40.6, 40.53, 40.18, 39.85, 39.8, 39.98, 39.5, 38.75, 36.37, 32.83, 29.75, 28.78]
[41.08, 41.14]
[41.16, 41.22, 41.16]
[40.28, 39.8, 38.63, 32.14, 8.8, 3.27, 2.6, 2.36]
[40.84, 40.84, 40.82, 40.82]
[41.21, 41.22]
[40.63, 40.4, 39.96, 39.78, 39.16, 38.54, 35.91, 31.97, 30.31, 30.03, 29.98]
[40.75, 40.81, 40.81]
[40.87, 40.67, 40.8, 40.8]
[40.57, 39.77, 37.06, 17.11, 0.1]
[40.97, 40.97, 40.95, 40.95, 40.88]
[41.19, 41.19]
[41.34, 41.34]
[40.58, 40.51, 40.54, 40.61, 40.56]
[40.94, 40.98, 40.92]
[41.19, 41.2]
[40.81, 40.81, 40.84, 40.76]
[41.37, 41.38, 41.32]
[41.18, 41.2]
[41.28, 41.29, 41.29]
[40.77, 40.61, 39.94, 37.83, 28.6, 19.38, 16.55, 16.28]
[40.67, 40.59, 40.41, 40.12, 39.57, 37.89, 35.87, 34.7, 34.75]
[41.07, 41.11, 41.1, 41.02]
[40.88, 40.95, 41.0, 40.93]
[40.69, 40.4, 39.73, 38.15, 34.66, 29.47, 25.21, 23.28]
[41.24, 41.26]
[40.9, 41.02]
[41.3, 41.32]
[41.12, 41.26, 41.25]
[41.16, 41.15]
[41.1, 41.14]
[40.76, 40.59, 40.41, 39.81, 39.67, 39.86, 39.14, 39.16]
[40.72, 40.57, 40.49]
[40.92, 40.95, 40.96]
[41.09, 41.13]
[40.76, 40.71, 40.73]
[41.27, 41.31]
[40.67, 40.77, 40.79]
[40.95, 40.91, 41.08, 41.12]
[40.96, 41.07, 41.07]
[41.23, 41.23, 41.23]
[40.77, 40.76, 40.74, 40.67, 40.61]
[41.28, 41.33]
[40.88, 40.84, 40.96, 40.96]
[40.86, 40.97]
[41.33, 41.32]
[40.84, 40.91, 40.87]
[41.01, 41.02]
[40.54, 40.13, 38.31, 22.98, 1.75, 0.79]
[40.83, 40.86]
[40.8, 40.93, 40.94]
[40.99, 41.02, 41.03]
[40.83, 40.75, 40.73]
[40.79, 40.67, 40.57, 40.6, 40.73, 40.81]
[41.06, 41.08]
[41.1, 41.1]
[41.02, 41.06, 41.07]
[40.72, 40.6, 40.56, 40.61, 40.54]
[41.16, 41.17, 41.17]
[40.77, 40.82, 40.81, 41.2]
[41.06, 41.11]
[41.27, 41.27]
[40.91, 40.92, 40.93]
[41.13, 41.17, 41.17]
[40.86, 41.0, 41.02, 40.95]
[40.54, 40.5, 40.31, 39.6, 38.89, 37.94, 36.45, 34.41, 32.83, 31.97]
[40.74, 40.32, 38.76, 31.23, 9.01, 1.19, 0.95]
[40.75, 40.76, 40.76]
[40.9, 40.95, 40.95]
[40.85, 40.87]
[41.19, 41.23, 41.23]
[41.1, 41.14]
[40.85, 40.86, 40.86, 40.81]
[41.06, 41.1]
[41.34, 41.34]
[41.09, 41.18]
[40.92, 40.9, 40.91]
[40.9, 41.05, 41.09]
[40.83, 40.84, 40.89, 40.82]
[40.58, 40.54, 40.55, 40.49]
[41.15, 41.1, 41.1, 41.11]
[40.8, 40.92, 41.09, 41.12, 41.03]
[40.68, 40.62, 40.6, 40.6]
[41.05, 41.08, 41.08, 41.07, 41.01]
[40.87, 40.75, 40.86, 40.77, 40.7]
[40.8, 40.86, 40.87]
[40.49, 39.93, 39.02, 36.81, 28.78, 18.74, 14.16, 14.05]
[41.06, 41.12, 41.13]
[40.98, 41.09, 41.1]
[41.17, 41.19, 41.07]
[40.58, 40.53, 40.67, 40.59]
[41.46, 41.46]
[40.76, 40.76, 40.76, 40.71]
[41.11, 41.13]
[40.94, 40.94, 40.95]
[40.66, 40.43, 39.61, 37.66, 28.98, 17.57, 13.71, 12.72]
[40.96, 40.98, 40.96]
[40.94, 40.93, 40.92, 40.85]
[41.08, 41.09]
[40.73, 40.57, 40.78, 40.57, 40.48]
[40.86, 40.84, 40.74, 40.75]
[40.79, 40.92, 40.92]
[40.71, 40.79, 40.92]
[40.8, 40.82, 40.82]
[41.15, 41.26]
[41.06, 41.09]
[41.23, 41.23]
[41.0, 41.04, 40.89]
[41.09, 41.14]
[40.74, 40.77, 40.82, 40.78, 40.7]
[40.84, 40.74, 40.84, 40.8]
[40.95, 40.95]
[41.14, 41.15]
[41.17, 41.22]
[40.68, 40.7, 40.75, 40.76]
[41.04, 41.11]
[40.89, 40.93, 40.96]
[40.74, 40.7, 40.45, 40.41, 40.35]
[41.24, 41.33, 41.33]
[41.37, 41.4]
[40.86, 40.91, 40.95, 40.9]
[41.19, 41.19]
[40.76, 40.81, 41.05, 41.05, 40.86]
[40.59, 40.47, 39.95, 38.91, 34.3, 28.03, 22.68, 19.45, 18.61, 18.16]
[41.34, 41.34]
[40.65, 40.36, 39.71, 37.65, 33.31, 28.22, 24.9, 23.47]
[40.91, 40.88, 41.06, 41.21]
[40.72, 40.54, 39.91, 38.96, 36.15, 27.24, 20.75, 19.86]
[41.08, 41.18, 41.17]
[40.49, 40.12, 39.17, 36.89, 22.24, 2.18, 1.85]
[40.67, 40.4, 40.29, 40.02, 39.66, 39.51]
[40.73, 40.61, 40.57, 40.52, 40.6, 40.25, 40.1, 40.0]
[40.36, 40.1, 38.61, 28.2, 2.84, 0.91]
[41.2, 41.23]
[40.86, 40.97, 40.92]
[40.89, 40.9, 40.9]
[41.19, 41.22]
[40.96, 40.88, 41.14, 41.14]
[41.04, 41.1, 41.11]
[41.0, 40.96, 40.89, 40.82]
[40.94, 41.02, 41.02, 40.95]
[40.8, 40.77, 40.62, 40.62]
[40.94, 41.0]
[41.14, 41.17, 41.16, 41.09]
[41.05, 41.09]
[40.89, 40.93, 40.94, 40.87]
[40.96, 41.02, 40.91, 40.86]
[41.25, 41.25]
[40.87, 40.7, 40.39, 39.83, 39.02, 37.62, 34.93, 31.75, 30.32, 30.23]
[40.75, 40.86, 40.78]
[40.78, 40.86, 40.87]
[41.15, 41.23, 41.24]
[40.94, 41.01]
[40.69, 40.48, 40.37, 40.57, 40.46]
[40.94, 40.99, 41.24, 41.16, 41.19]
[40.91, 40.97, 40.98]
[41.13, 41.18]
[40.98, 41.06]
[40.39, 39.83, 38.81, 34.31, 18.16, 9.93, 8.77]
[40.68, 40.78, 40.79]
[41.06, 41.09]
[40.96, 40.95, 40.96, 40.96]
[41.08, 41.07, 41.07]
[40.99, 41.0, 41.0]
[40.57, 40.19, 39.01, 33.24, 14.68, 6.85, 6.54]
[40.66, 40.72, 40.72, 40.65]
[40.65, 40.64, 40.8, 40.82, 40.79, 40.68]
[41.11, 41.22, 41.22]
[41.04, 40.96]
[40.35, 39.67, 35.87, 13.49, 0.23, 0.15]
[41.11, 41.11]
[41.09, 41.19]
[41.24, 41.24]
[41.01, 41.08, 41.09]
[41.0, 41.03]
[41.12, 41.17, 41.18]
[40.73, 40.64, 40.28, 40.18, 40.4, 40.0, 37.75, 30.57, 24.28, 17.3, 13.73, 12.16, 11.89]
[41.01, 41.06, 41.07]
[41.17, 41.19]
[40.62, 40.43, 40.3, 40.55, 40.07, 39.12, 36.0, 33.36, 31.74, 31.19]
[40.82, 40.86, 40.88]
[41.31, 41.36]
[40.92, 41.02]
[40.5, 39.82, 37.74, 22.86, 8.7, 5.53, 4.96]
[41.13, 41.18, 41.17, 41.13]
[40.95, 40.95, 40.86]
[40.76, 40.8, 40.95, 40.89]
[40.5, 40.23, 39.89, 37.0, 30.77, 25.87, 19.06, 17.48, 17.37]
[41.02, 41.09, 41.08, 41.02]
[41.23, 41.24, 41.24]
[40.97, 40.96, 40.89]
[41.29, 41.28]
[40.74, 40.67, 40.42, 40.1, 39.41, 38.98, 38.44, 36.95, 34.65, 33.18, 31.88]
[41.1, 41.14]
[40.89, 40.95, 40.89]
[40.54, 40.48, 40.48, 40.49, 40.48, 40.38]
[40.97, 40.94]
[40.95, 40.87, 40.85, 40.91, 40.85, 40.66]
[40.56, 40.17, 39.32, 33.98, 23.53, 17.95, 17.54]
[40.96, 40.87, 40.85, 40.75, 40.72]
[40.78, 40.81, 40.81]
[40.69, 40.69, 40.75, 40.74, 41.04, 41.05]
[40.91, 40.9]
[40.5, 40.01, 37.3, 18.66, 0.37, 0.34]
[40.75, 40.64, 40.97, 40.9]
[41.41, 41.45, 41.45]
[40.96, 40.88, 40.99, 40.75]
[40.99, 41.03, 41.04]
[41.06, 41.08, 41.09]
[40.75, 40.6, 40.73, 40.92, 40.71, 40.71, 40.59]
[40.89, 40.93]
[40.74, 40.42, 39.71, 36.94, 27.03, 15.17, 9.03, 8.66]
[41.09, 41.15]
[40.89, 41.02, 41.04]
[41.0, 40.99]
[40.81, 40.78, 40.78]
[40.75, 40.68, 40.72, 40.63, 40.57, 40.49]
[40.95, 40.8, 40.75, 40.7]
[40.87, 40.87, 40.88]
[40.77, 40.78, 40.87, 40.85, 40.79]
[40.67, 40.67, 40.68, 40.53]
[41.23, 41.28]
[41.12, 41.13]
[40.95, 40.93, 41.06, 41.08, 40.99, 40.93]
[40.61, 40.63, 40.72, 40.59, 40.59, 40.52]
[40.94, 40.92, 40.93]
[41.15, 41.18]
[40.71, 40.77, 41.0, 41.03, 41.03]
[40.75, 40.68, 40.64, 40.58, 40.57, 40.25]
[40.98, 40.8, 40.79, 40.79]
[40.83, 40.71, 40.62, 40.67, 40.7, 40.72, 40.28, 40.19, 39.62]
[41.01, 41.05, 40.99]
[40.89, 40.62, 40.42, 39.77, 37.93, 36.07, 33.21, 29.66, 27.58, 26.55]
[40.71, 40.38, 39.92, 38.46, 34.91, 26.03, 13.39, 10.79, 10.54]
[40.76, 40.71, 40.67, 40.59]
[41.32, 41.31]
[40.85, 40.83, 40.76]
[41.16, 41.16, 41.17]
[41.1, 41.16, 41.16]
[40.84, 40.8, 40.82, 40.78, 40.72]
[41.26, 41.26]
[40.56, 40.44, 40.61, 40.65, 40.57]
[40.63, 40.45, 39.93, 37.63, 26.75, 9.36, 6.36]
[41.08, 41.12]
[40.78, 40.84, 40.76, 40.79, 40.62]
[40.99, 40.98]
[40.92, 40.93, 40.93]
[40.91, 40.97, 41.11]
[40.84, 40.78, 40.85, 40.98, 40.96, 40.88]
[41.16, 41.2]
[40.94, 41.02, 41.03]
[41.06, 41.09, 41.09, 41.02]
[40.99, 41.05]
[41.0, 41.01]
[40.75, 40.58, 40.16, 38.44, 31.53, 21.1, 12.7, 11.91]
[40.77, 40.81, 40.82]
[41.03, 41.02]
[40.97, 40.98]
[40.86, 40.93, 40.94, 40.94]
[40.97, 41.12, 41.12]
[40.55, 39.87, 36.91, 18.53, 1.02, 0.87]
[40.64, 40.44, 40.26, 39.48, 37.77, 33.84, 31.35, 29.3, 28.37]
[41.0, 41.12, 41.05]
[41.03, 41.06]
[40.56, 40.4, 39.91, 38.7, 32.98, 22.55, 16.19, 12.61, 11.96]
[41.07, 41.08, 41.08]
[40.39, 39.62, 35.6, 7.18, 0.84, 0.65]
[40.52, 39.88, 37.23, 29.6, 4.64, 2.34]
[41.2, 41.24]
[40.94, 40.97, 40.97]
[41.48, 41.49, 41.49]
[40.91, 41.07, 41.1]
[40.65, 40.53, 39.91, 38.85, 36.71, 31.7, 22.72, 18.41, 16.14, 15.65]
[41.03, 41.11, 41.11, 41.11]
[40.74, 40.74, 40.76]
[41.03, 41.07, 41.09]
[40.86, 40.87, 40.9]
[40.94, 41.01]
[41.14, 41.17]
[40.93, 41.02, 41.01]
[41.23, 41.27]
[41.18, 41.21]
[40.96, 40.94, 40.94]
[41.15, 41.16]
[41.05, 41.05, 41.04, 40.97]
[41.07, 41.11]
[40.54, 40.31, 39.21, 34.84, 16.15, 5.48, 5.19]
[40.62, 40.5, 40.51, 40.58, 40.37]
[41.03, 41.06]
[40.94, 41.0, 41.01]
[40.97, 40.97, 40.9]
[40.68, 40.47, 39.75, 37.26, 29.23, 18.72, 10.17, 7.97]
[41.11, 41.17]
[40.89, 40.9, 40.9]
[40.88, 40.92, 40.92, 40.93]
[41.13, 41.15]
[40.96, 41.05, 41.03, 40.97]
[41.06, 41.08]
[40.98, 41.0, 41.03, 41.03]
[40.8, 40.89, 40.89]
[41.39, 41.41]
[41.12, 41.13]
[41.1, 41.13]
[41.18, 41.2]
[40.94, 40.97]
[41.31, 41.37, 41.37]
[40.78, 40.81, 40.8, 40.79]
[41.06, 41.08, 41.08]
[41.01, 40.99]
[41.0, 41.04, 40.93]
[40.96, 40.99]
[40.85, 40.76, 40.77, 40.7]
[40.95, 40.99, 40.99]
[40.58, 40.59, 40.42, 40.45, 40.39, 40.18]
[40.81, 40.76, 40.89, 41.1, 41.08, 41.12, 41.1, 40.97]
[40.76, 40.67, 40.78, 40.91, 40.74]
[40.94, 40.99, 40.99]
[40.33, 39.97, 39.06, 33.68, 6.44, 2.91]
[41.05, 41.03]
[40.94, 40.96, 40.97]
[40.68, 40.57, 40.61, 40.64]
[41.25, 41.28]
[40.63, 40.68, 40.72, 40.64, 40.57]
[41.2, 41.21]
[41.4, 41.4]
[41.15, 41.16]
[41.0, 41.01]
[40.77, 40.74, 40.83, 40.73]
[41.3, 41.31]
[40.84, 40.92, 40.86]
[40.79, 40.85, 40.97, 40.75]
[41.23, 41.24]
[40.98, 40.95]
[40.93, 40.97, 41.03, 41.03, 40.96]
[41.16, 41.18]
[41.01, 41.08]
[40.88, 40.95, 40.98]
[40.85, 40.88, 40.81]
[40.89, 40.87, 40.78, 40.71]
[40.89, 40.84, 40.85]
[41.05, 41.05]
[40.64, 40.05, 37.83, 23.32, 3.68, 1.96, 1.8, 1.69]
[41.06, 41.12]
[41.19, 41.22]
[40.74, 40.77, 40.76, 40.76]
[40.83, 40.82, 40.72, 40.65]
[41.08, 41.13, 41.13]
[41.22, 41.26]
[41.09, 41.12]
[41.28, 41.27]
[40.4, 39.52, 35.47, 1.76, 0.35]
[41.03, 41.11]
[41.12, 41.13]
[40.75, 40.82, 40.83]
[40.7, 40.6, 40.17, 40.3, 39.94, 39.99]
[40.7, 40.59, 40.49, 40.56, 40.49, 40.39]
[40.92, 40.95, 40.96]
[41.26, 41.29]
[41.0, 41.03]
[40.92, 40.98, 40.98]
[41.14, 41.17]
[40.97, 41.03]
[41.05, 41.06]
[40.88, 40.9, 40.91]
[40.95, 41.0]
[40.81, 40.78, 40.81]
[40.69, 40.61, 40.69, 40.69]
[40.59, 40.31, 39.58, 38.44, 35.19, 30.76, 25.55, 20.89, 19.64, 19.5]
[40.36, 39.59, 34.49, 11.55, 0.89, 0.42]
[40.83, 40.82]
[41.56]
[41.0, 41.1, 41.02]
[40.79, 40.83, 40.69, 40.87]
[40.87, 40.94, 40.84]
[40.76, 40.76, 40.75]
[40.64, 40.48, 40.46, 40.46, 40.08, 39.35, 38.19, 35.5, 32.87, 27.97, 25.23, 24.49, 24.31]
[40.57, 40.56, 40.38, 40.4, 40.18]
[40.78, 40.53, 40.03, 37.86, 31.79, 13.75, 5.32, 4.5]
[41.07, 41.13, 41.13]
[40.79, 40.81, 40.83]
[40.55, 40.23, 39.98, 37.82, 32.62, 24.54, 18.6, 16.66, 16.47]
[41.03, 41.08, 41.01]
[40.64, 40.61, 40.27, 39.6, 39.55, 39.66, 39.29, 39.02]
[40.87, 40.91, 40.87]
[41.09, 41.12, 41.12]
[40.71, 40.74, 40.93]
[40.75, 40.6, 40.61, 40.62, 40.78, 40.49, 40.38, 40.23]
[41.08, 41.09]
[40.85, 40.89, 40.91]
[41.01, 41.01, 41.01]
[41.06, 41.11]
[40.87, 40.91, 40.84]
[40.89, 40.89, 40.89]
[40.87, 40.69, 40.65, 40.72, 40.73, 40.63]
[41.21, 41.25]
[40.91, 40.95, 40.95]
[41.02, 41.05]
[40.59, 40.41, 40.2, 40.26, 39.87, 37.94, 32.44, 24.24, 20.2, 18.49]
[40.99, 41.05, 41.06, 40.93]
[41.16, 41.17]
[40.65, 40.46, 40.23, 39.75, 38.92, 37.67, 33.63, 26.96, 21.67, 19.51]
[41.11, 41.17, 41.17]
[40.88, 40.91, 40.85, 40.67]
[40.86, 40.87, 40.87, 40.89]
[40.95, 41.07, 41.1]
[41.18, 41.26]
[40.91, 40.97, 40.98, 40.94]
[41.21, 41.23, 41.23]
[40.81, 40.88]
[40.75, 40.93, 40.94, 40.86]
[40.85, 40.71, 40.91, 40.77]
[41.04, 41.07]
[40.99, 41.05]
[41.13, 41.19]
[40.54, 40.44, 40.27, 40.43, 40.47]
[40.78, 40.65, 40.65, 40.45, 40.43, 40.44, 40.34]
[40.82, 40.84, 41.01, 41.07, 40.97, 40.9]
[41.23, 41.28]
[40.89, 40.98]
[41.06, 41.07]
[41.01, 41.03]
[41.38, 41.38]
[41.23, 41.3]
[40.85, 40.86, 40.86]
[40.72, 40.68, 40.81, 40.58, 40.49]
[41.14, 41.15]
[40.82, 40.72, 40.73, 40.79, 40.52]
[41.18, 41.17]
[41.06, 41.1, 41.11]
[40.9, 40.96, 40.96]
[41.17, 41.17]
[41.16, 41.17]
[40.6, 40.62, 40.53, 40.68, 40.74, 40.61, 40.6, 40.47]
[41.08, 41.1]
[40.74, 40.67, 40.8, 40.55, 40.36]
[40.9, 40.93, 40.88]
[40.75, 40.74, 40.82, 40.83]
[41.16, 41.19]
[40.92, 40.95, 40.84, 40.77]
[41.19, 41.21]
[41.02, 41.03]
[41.08, 41.08]
[41.18, 41.18, 41.13]
[41.03, 41.06]
[40.65, 40.61, 40.79, 40.84]
[40.96, 41.01]
[40.86, 40.94, 41.11, 41.12]
[41.01, 41.1, 41.1]
[41.08, 41.12]
[40.93, 40.87, 40.89, 40.75]
[40.97, 40.99]
[41.2, 41.22]
[40.86, 40.92, 40.92]
[41.19, 41.2]
[40.85, 40.93, 41.09, 41.0, 40.92]
[40.99, 41.03]
[40.6, 40.37, 40.02, 38.84, 34.77, 28.95, 20.38, 17.72]
[40.92, 40.92, 40.93]
[41.23, 41.28]
[41.16, 41.18]
[41.26, 41.27]
[41.15, 41.26]
[40.96, 40.98, 40.99]
[40.85, 40.87, 40.91]
[40.78, 40.84, 40.92, 40.82, 40.76]
[40.99, 41.06]
[41.23, 41.25, 41.24, 41.19]
[40.9, 40.93, 40.96, 40.88]
[40.68, 40.51, 39.69, 38.08, 30.79, 18.57, 9.68, 8.73]
[40.78, 40.77, 40.72]
[40.79, 40.63, 40.43, 39.66, 37.2, 32.67, 26.83, 22.14, 20.17, 19.34]
[40.68, 40.34, 39.84, 38.12, 32.37, 19.16, 9.07, 8.08]
[41.16, 41.2]
[41.41, 41.46]
[41.19, 41.23, 41.24]
[40.89, 40.94, 40.94]
[41.1, 41.13]
[40.9, 40.98]
[41.16, 41.17]
[41.02, 41.05, 41.04]
[40.5, 40.44, 40.25, 40.54, 40.29, 40.3, 40.16]
[41.11, 41.12]
[40.57, 40.11, 38.97, 35.47, 23.76, 14.43, 11.03]
[41.15, 41.17]
[41.3, 41.3]
[40.95, 41.05]
[40.65, 40.57, 40.53, 40.15, 40.25, 40.4, 40.52]
[40.92, 40.94]
[41.05, 41.07]
[41.04, 41.05, 40.99]
[41.15, 41.22]
[40.57, 40.44, 40.24, 39.81, 39.21, 36.51, 31.88, 22.82, 10.68, 10.03]
[40.68, 40.75, 40.77, 40.71]
[40.98, 40.94, 40.9, 40.84]
[40.58, 39.87, 36.65, 17.38, 2.06, 1.82]
[40.95, 41.02, 40.95]
[40.67, 40.66, 40.62, 40.72, 40.78, 40.65, 40.52]
[40.87, 40.8, 40.9]
[41.04, 41.11]
[41.26, 41.31, 41.24]
[40.85, 40.88, 40.88]
[41.06, 41.08, 41.08]
[40.96, 40.9, 40.92, 40.84]
[40.69, 40.42, 40.0, 37.4, 31.14, 20.83, 17.75, 17.45]
[41.13, 41.19]
[40.64, 40.54, 40.39, 40.37, 39.85, 39.25, 38.89, 38.2]
[40.7, 40.68, 40.73]
[40.65, 40.27, 39.27, 37.07, 32.14, 24.01, 17.84, 17.12, 16.94, 16.8]
[40.5, 40.29, 40.19, 39.91, 38.6, 38.85, 38.6, 38.63]
[41.11, 41.14]
[40.63, 40.43, 40.04, 39.38, 37.71, 34.63, 30.56, 29.15, 28.53]
[41.06, 41.1]
[41.25, 41.34]
[40.96, 41.05, 40.97, 40.92]
[41.21, 41.21, 41.16]
[41.22, 41.25]
[41.08, 41.13]
[40.87, 40.85, 40.88]
[40.91, 40.99]
[41.05, 41.12, 41.12]
[41.21, 41.25]
[40.85, 40.8, 40.82, 40.82]
[41.06, 41.18]
[40.94, 40.99]
[40.45, 39.78, 36.75, 15.23, 0.94, 0.9]
[40.52, 39.86, 37.48, 26.44, 1.84, 1.23]
[41.18, 41.21]
[40.87, 40.88, 40.99, 40.9]
[40.67, 40.46, 40.47, 40.0, 39.08, 38.27, 38.0, 36.13, 35.88, 35.85]
[40.87, 40.74, 40.73, 40.7, 40.55, 40.45]
[40.71, 40.76, 40.86, 40.8]
[41.0, 41.03]
[41.01, 41.07]
[40.68, 40.3, 38.87, 34.59, 19.26, 4.76, 4.15]
[41.08, 41.08, 41.09]
[40.86, 40.87]
[40.93, 41.03]
[40.98, 41.05]
[41.04, 41.05, 41.01, 40.86, 40.77]
[41.28, 41.32, 41.32]
[40.67, 40.55, 40.47, 40.12, 40.24, 40.6]
[41.41, 41.42]
[41.29, 41.29]
[41.15, 41.2]
[40.8, 40.42, 40.08, 38.31, 36.29, 31.53, 26.2, 21.4, 20.57]
[41.07, 41.11]
[41.32, 41.33]
[41.2, 41.29, 41.29]
[41.27, 41.27]
[40.99, 41.03, 41.03]
[40.89, 40.85, 40.85, 40.77]
[41.3, 41.32]
[41.22, 41.21]
[40.94, 41.01]
[40.96, 40.98, 40.96, 40.9]
[40.55, 40.26, 39.67, 38.38, 34.93, 29.57, 24.35, 20.61, 19.92]
[40.91, 40.95, 40.97]
[40.55, 40.23, 39.45, 35.05, 16.68, 6.67, 5.33]
[41.2, 41.21]
[40.83, 40.89]
[40.64, 40.21, 38.98, 33.57, 19.9, 9.9, 8.46]
[40.96, 40.82, 40.67, 40.52]
[41.01, 41.07]
[40.86, 40.96, 41.0]
[41.02, 41.05, 40.89]
[41.21, 41.25]
[41.05, 41.05, 41.05]
[41.54, 41.53]
[41.26, 41.28]
[40.98, 40.99, 40.98, 40.99, 40.92, 40.85]
[40.94, 40.96, 40.94]
[40.88, 40.82, 40.77, 40.94, 40.84]
[40.81, 40.87, 40.78, 40.96]
[40.75, 40.77, 40.92]
[41.05, 41.14, 41.15]
[41.07, 41.09]
[41.2, 41.24]
[40.81, 40.62, 40.21, 39.69, 38.65, 37.17, 34.74, 32.82, 32.77]
[40.74, 40.75, 40.48, 40.46]
[41.02, 41.04]
[41.21, 41.31, 41.27]
[41.3, 41.31]
[41.0, 41.03]
[40.77, 40.65, 40.76, 40.76, 40.68]
[41.12, 41.24]
[40.98, 41.03, 41.02, 41.03]
[40.83, 40.8, 40.98, 41.04, 40.98]
[41.23, 41.24]
[40.78, 40.67, 40.42, 39.84, 38.89, 37.37, 34.3, 30.41, 28.38, 26.66]
[41.0, 41.03]
[41.28, 41.28]
[41.11, 41.2]
[40.87, 40.85, 40.9]
[40.74, 40.85, 40.83, 40.75]
[41.23, 41.23]
[41.11, 41.15]
[41.01, 41.01, 40.95]
[40.49, 39.97, 37.88, 24.52, 0.52]
[40.91, 40.96, 40.97]
[41.38, 41.41]
[40.82, 40.8, 40.81]
[40.45, 40.08, 38.54, 33.61, 8.66, 0.43]
[40.74, 40.8, 40.79, 40.71]
[41.2, 41.24]
[40.74, 40.53, 39.87, 38.73, 35.05, 27.61, 20.35, 15.99, 12.51, 12.37]
[40.87, 40.94, 40.87]
[41.4, 41.4, 41.4]
[41.3, 41.43]
[41.16, 41.17]
[41.11, 41.12]
[41.01, 41.11, 41.11]
[41.06, 41.08]
[40.97, 40.96, 40.86, 40.73]
[40.61, 40.31, 39.88, 37.53, 28.84, 14.35, 8.73, 8.42]
[40.71, 40.75, 40.77, 40.69]
[41.08, 41.17]
[40.9, 40.86, 40.87]
[41.17, 41.19]
[41.05, 41.12]
[41.1, 41.1]
[40.69, 40.49, 40.1, 38.92, 37.12, 33.79, 27.04, 20.04, 14.42, 11.38, 10.49]
[40.79, 40.84, 40.87]
[40.93, 40.94]
[41.14, 41.17, 41.16, 41.1]
[40.84, 40.93, 40.94]
[41.19, 41.21]
[40.83, 40.89, 40.92]
[40.98, 41.03]
[40.7, 40.77, 40.98, 40.99]
[41.12, 41.14, 41.13, 41.06]
[40.96, 41.0, 41.01]
[40.92, 40.94]
[41.07, 41.14, 41.13]
[41.35, 41.37]
[41.19, 41.26]
[41.18, 41.21]
[40.82, 40.78, 40.83, 40.85]
[40.47, 40.18, 39.19, 33.41, 13.68, 5.5, 4.78]
[41.09, 41.06, 41.05, 40.98]
[40.89, 40.95, 40.96]
[41.02, 40.96, 40.83]
[40.62, 40.51, 40.46, 40.51, 40.52]
[40.88, 40.97, 41.01, 40.95, 40.87]
[41.04, 41.09]
[41.26, 41.28]
[41.25, 41.24]
[41.08, 41.1, 41.1]
[41.05, 41.14, 41.14]
[40.52, 40.33, 40.0, 38.54, 38.1, 37.01, 36.54, 36.4]
[41.12, 41.15]
[40.91, 40.92, 40.85]
[41.1, 41.11]
[41.02, 41.11]
[40.62, 40.41, 40.33, 40.19, 40.43, 40.37, 40.66]
[41.13, 41.2]
[40.7, 40.59, 40.56, 40.58, 40.55, 40.61]
[40.56, 40.32, 39.69, 38.89, 37.2, 33.44, 28.69, 26.23, 24.72]
[41.46, 41.45]
[41.06, 41.09]
[40.4, 39.93, 37.62, 16.94, 0.07]
[41.16, 41.18]
[41.25, 41.28]
[40.7, 40.63, 40.65, 40.64]
[40.89, 40.96]
[40.91, 40.86, 41.03, 40.97, 40.89]
[40.83, 40.91, 40.92, 40.93]
[40.97, 40.94, 40.93]
[41.26, 41.29]
[40.74, 40.74, 40.75]
[41.15, 41.18]
[40.8, 40.78, 40.77, 40.7]
[41.11, 41.11]
[40.83, 40.85, 40.85, 40.78]
[40.86, 40.89, 40.93, 40.93, 40.85]
[41.01, 41.04]
[40.95, 40.99]
[40.94, 40.97, 40.96]
[40.59, 40.19, 38.81, 32.77, 14.19, 8.79, 8.51]
[41.01, 41.03]
[41.04, 41.04, 41.05]
[40.39, 40.0, 38.99, 34.38, 20.57, 6.96, 4.79, 4.68]
[41.16, 41.17]
[41.07, 41.09]
[40.96, 41.08]
[41.19, 41.21]
[41.03, 41.17, 41.17]
[40.8, 40.88]
[40.69, 40.48, 40.29, 39.57, 38.44, 37.18, 34.67, 33.37, 33.47]
[41.28, 41.27]
[41.07, 41.14]
[40.87, 40.68, 40.41, 40.11, 37.91, 34.36, 29.48, 24.92, 23.04, 22.75]
[40.86, 40.82, 40.82, 40.75]
[41.0, 41.02, 41.03, 40.93, 40.93, 40.86]
[41.0, 41.07, 41.07]
[40.86, 40.87, 40.81, 40.75]
[41.03, 41.06]
[40.9, 41.03, 41.04]
[40.75, 40.64, 40.6, 40.39, 39.88, 39.04, 38.62, 37.93, 37.67]
[41.06, 41.07, 41.07, 40.95]
[40.9, 40.95]
[40.89, 40.91, 40.83, 40.77]
[40.51, 39.81, 37.25, 23.48, 9.66, 8.11]
[40.84, 40.84, 40.86]
[40.98, 41.02, 41.02]
[41.04, 41.07, 41.05]
[41.23, 41.31]
[41.27, 41.27]
[40.91, 40.97, 41.03]
[41.22, 41.28]
[40.96, 41.02]
[40.51, 40.08, 38.66, 31.25, 6.12, 1.83, 1.78]
[41.14, 41.17]
[41.17, 41.23]
[41.23, 41.25]
[40.65, 40.62, 40.8, 40.73, 40.7]
[41.05, 41.14, 41.15]
[41.23, 41.24]
[40.79, 40.72, 40.61, 40.61, 40.61, 40.54]
[41.18, 41.22]
[41.34, 41.4]
[40.96, 40.77, 40.62, 40.2, 40.03, 40.01, 39.66, 39.63, 39.37]
[41.29, 41.3]
[40.5, 39.87, 36.79, 19.67, 4.54, 3.15, 2.93]
[41.03, 41.04]
[41.05, 41.05, 41.04, 41.02, 40.95]
[41.4, 41.4]
[41.02, 41.04]
[41.29, 41.33]
[40.54, 40.17, 39.67, 38.07, 32.59, 23.64, 18.53, 16.69, 16.25]
[40.8, 40.77, 40.79]
[40.92, 41.01, 41.01]
[40.93, 41.02]
[40.96, 40.91, 40.91]
[40.83, 40.9, 40.82]
[41.21, 41.22]
[41.09, 41.15]
[40.81, 40.85, 40.95, 40.85, 40.8]
[41.16, 41.16]
[40.71, 40.78, 40.78]
[41.1, 41.2]
[40.98, 41.06, 40.99]
[40.83, 40.76, 40.85, 40.78]
[40.52, 40.24, 39.64, 37.04, 24.99, 14.79, 13.05, 12.71]
[41.03, 41.01, 41.02]
[41.09, 41.1, 41.1]
[41.11, 41.17, 41.17]
[40.61, 40.35, 39.78, 38.69, 34.25, 26.46, 17.94, 13.66, 12.98, 12.34, 12.13]
[40.9, 40.97, 40.97]
[40.8, 40.81, 40.9, 40.8]
[40.93, 41.03, 40.95, 40.8]
[40.97, 41.01]
[40.87, 40.94]
[41.28, 41.27]
[41.03, 41.02, 40.95]
[40.69, 40.68, 40.91, 40.94, 40.87]
[41.13, 41.15]
[40.69, 40.71, 40.88, 40.84]
[41.01, 41.02]
[41.18, 41.22]
[40.62, 40.65, 40.71, 40.62, 40.53]
[41.05, 41.06, 41.06]
[40.92, 41.05]
[40.5, 40.48, 40.44, 40.22, 40.37, 40.38]
[41.22, 41.26]
[40.7, 40.65, 40.71, 40.7, 40.66]
[40.77, 40.69, 40.75, 40.91, 40.89, 40.63]
[41.2, 41.21]
[41.22, 41.23]
[40.83, 40.88]
[41.12, 41.12]
[40.89, 40.97, 40.95, 40.88, 40.79]
[40.82, 40.86, 40.88, 40.81]
[40.56, 40.34, 39.67, 36.12, 21.21, 5.56, 4.34, 4.16]
[40.82, 40.83, 40.93, 40.91, 40.9]
[40.75, 40.79, 40.8, 40.73]
[40.99, 40.97, 40.9]
[40.94, 41.05]
[40.34, 39.32, 33.16, 2.56, 0.69]
[41.28, 41.35]
[41.16, 41.17]
[40.88, 40.75, 40.79, 40.71]
[40.52, 40.07, 39.42, 37.31, 32.38, 24.92, 20.03, 16.94, 15.07, 14.93]
[40.41, 39.65, 34.49, 4.13, 1.01]
[40.91, 40.93, 40.88]
[40.79, 40.79, 40.72, 41.0, 41.02]
[40.6, 40.52, 40.42, 38.99, 34.72, 28.51, 21.32, 14.81, 12.93]
[40.83, 40.88, 41.05]
[41.19, 41.18]
[41.19, 41.2]
[40.99, 41.07, 41.25, 41.16]
[40.9, 40.89, 40.92]
[40.67, 40.7, 40.73, 40.72, 40.63]
[41.03, 41.04, 40.97]
[40.9, 40.91, 40.93, 40.86]
[41.02, 41.11]
[41.13, 41.18]
[40.97, 41.01, 41.02]
[40.56, 40.14, 38.06, 25.74, 1.38, 0.99]
[40.86, 40.86, 40.86, 40.85, 40.78]
[40.42, 39.84, 38.12, 26.79, 2.35]
[40.82, 40.76, 40.76]
[41.18, 41.19]
[41.15, 41.16, 41.17]
[41.15, 41.21, 41.2]
[41.08, 41.1, 41.1]
[41.41, 41.42]
[40.94, 40.88, 40.89]
[41.01, 41.07]
[41.18, 41.19]
[40.88, 40.62, 40.28, 40.04, 39.58, 38.09, 35.02, 32.83, 31.23, 29.66, 28.93]
[40.53, 40.02, 38.02, 28.33, 4.48, 1.42]
[40.89, 40.75, 40.55, 40.51, 40.43]
[40.81, 40.93, 40.94]
[40.78, 40.78, 40.78, 40.72, 40.65]
[40.73, 40.68, 40.75, 40.69, 40.63]
[40.82, 40.82, 40.8, 40.56, 40.42, 39.92, 38.8, 38.53, 37.83, 36.31, 36.35]
[40.7, 40.73, 40.67, 40.54, 40.53]
[40.91, 40.88, 40.76, 40.76, 40.76, 40.68]
[41.21, 41.24]
[40.99, 41.07, 41.09]
[40.64, 40.66, 40.66, 40.6]
[41.08, 41.11]
[40.74, 40.77, 40.83]
[40.7, 40.65, 40.69, 40.68, 40.65]
[41.04, 41.07]
[41.1, 41.16, 41.16, 41.17]
[41.21, 41.27]
[41.11, 41.03, 40.99]
[40.64, 40.59, 40.73, 40.56, 40.5]
[40.68, 40.81, 40.99, 40.92]
[41.31, 41.32, 41.32, 41.26]
[40.72, 40.69, 40.64, 40.56, 40.45]
[40.51, 40.04, 38.52, 29.04, 4.65, 1.9]
[40.72, 40.75, 40.94, 40.88]
[40.74, 40.67, 40.75, 40.77]
[40.87, 40.85, 40.87]
[40.77, 40.63, 40.59, 40.6]
[41.13, 41.17]
[40.83, 40.95, 40.99, 41.0]
[41.1, 41.15]
[41.23, 41.25]
[40.93, 40.94, 40.94]
[40.94, 40.97]
[41.03, 41.07]
[40.94, 40.99]
[40.81, 40.85, 41.0, 41.01]
[40.98, 41.1]
[41.14, 41.15]
[40.98, 41.0]
[40.73, 40.67, 40.31, 40.17, 40.04]
[40.92, 40.84, 40.91, 40.53, 40.36, 40.21]
[40.9, 40.82, 40.92, 40.82]
[40.87, 40.97, 40.99]
[41.33, 41.32]
[40.83, 40.82, 40.81]
[40.95, 40.97, 41.04]
[40.94, 41.02, 40.95, 40.95]
[40.93, 41.04, 41.03]
[40.75, 40.47, 39.95, 37.36, 29.13, 23.56, 21.32]
[40.95, 40.97]
[41.01, 41.02, 41.01]
[41.09, 41.09]
[40.85, 40.96]
[41.09, 41.11]
[40.82, 40.73, 40.72, 40.56, 40.56]
[41.3, 41.3]
[41.05, 41.1, 41.12]
[40.74, 40.78, 40.72]
[40.86, 40.91, 40.92]
[40.86, 40.91, 40.9]
[40.4, 39.45, 35.42, 1.7, 0.48]
[41.28, 41.3]
[41.16, 41.2]
[40.71, 40.74, 40.92, 40.78]
[41.07, 41.11]
[40.85, 40.9]
[41.14, 41.24, 41.24]
[41.05, 41.12]
[39.89, 36.1, 2.22, 0.37]
[40.84, 40.89, 40.95]
[41.09, 41.15]
[41.07, 41.1, 40.97]
[41.25, 41.27]
[41.1, 41.11]
[41.08, 41.13, 41.14]
[40.71, 40.7, 40.75, 40.7]
[41.09, 41.2]
[41.0, 41.03, 40.95]
[40.88, 40.75, 40.69, 40.57]
[41.18, 41.21]
[40.57, 39.58, 33.31, 7.86, 1.31]
[40.98, 41.04]
[40.8, 40.87, 40.87, 40.88]
[40.91, 40.97]
[41.09, 41.12]
[40.65, 40.4, 40.05, 38.0, 32.19, 21.1, 14.19, 13.33, 12.7]
[41.03, 41.06]
[40.67, 40.28, 38.62, 32.49, 20.68, 10.61, 7.6, 7.39]
[40.71, 40.76, 40.74, 40.73, 40.56, 40.52]
[41.02, 41.07, 41.07, 40.99]
[41.14, 41.2]
[40.78, 40.86, 40.94, 40.92, 40.84]
[40.94, 41.06, 41.06, 41.06]
[41.03, 41.03, 41.02]
[40.72, 40.8, 40.8, 40.73]
[40.81, 40.87]
[41.19, 41.17, 41.18]
[40.89, 40.93, 40.93]
[40.72, 40.65, 40.51, 40.22, 40.14, 40.37, 40.39, 40.23]
[41.1, 41.14, 41.15]
[40.92, 40.9, 40.91]
[40.87, 40.83, 40.84]
[40.82, 40.83]
[40.87, 40.66, 40.67, 40.87, 41.03, 40.97, 40.86, 40.69]
[41.16, 41.2, 41.21]
[40.83, 40.84, 40.85, 40.77]
[41.12, 41.13]
[40.89, 40.84, 40.74, 40.56]
[41.22, 41.26]
[40.94, 40.92, 40.92]
[40.81, 40.78, 40.93, 40.94, 40.75]
