[13.22]
[6.98]
[6.84]
[8.66]
[12.23]
[13.29]
[14.11]
[11.1]
[9.7]
[11.18]
[12.14]
[6.38]
[13.21]
[6.97]
[11.38]
[11.96]
[10.27]
[11.13]
[10.59]
[15.21]
[10.99]
[13.1]
[8.02]
[8.86]
[12.88]
[12.81]
[11.6]
[14.55]
[7.14]
[12.89]
[11.51]
[3.69]
[2.4]
[13.08]
[7.59]
[6.45]
[12.58]
[13.9]
[5.01]
[11.49]
[10.6]
[12.51]
[11.2]
[4.81]
[2.0]
[3.72]
[13.81]
[12.42]
[12.64]
[11.61]
[13.55]
[12.09]
[9.84]
[14.33]
[2.31]
[11.78]
[11.14]
[9.04]
[10.16]
[9.17]
[13.27]
[11.29]
[12.56]
[11.09]
[9.91]
[8.15]
[9.73]
[13.03]
[2.01]
[12.4]
[14.14]
[14.59]
[5.25]
[12.99]
[6.27]
[12.34]
[6.55]
[13.27]
[4.31]
[5.77]
[9.37]
[13.21]
[9.81]
[13.05]
[12.36]
[12.14]
[12.55]
[14.78]
[4.24]
[11.95]
[14.38]
[7.36]
[7.88]
[10.37]
[13.17]
[9.98]
[1.97]
[8.15]
[11.74]
[9.6]
[13.17]
[10.58]
[12.28]
[14.39]
[11.94]
[13.32]
[12.33]
[11.5]
[6.69]
[7.09]
[11.64]
[13.78]
[7.44]
[14.65]
[10.14]
[11.49]
[9.99]
[11.04]
[10.76]
[2.81]
[9.74]
[9.48]
[13.33]
[5.17]
[10.9]
[14.89]
[11.7]
[13.92]
[13.85]
[14.72]
[5.81]
[6.33]
[14.88]
[14.27]
[12.61]
[16.64]
[6.45]
[12.72]
[12.78]
[12.66]
[14.08]
[12.26]
[8.05]
[9.2]
[7.14]
[5.19]
[7.03]
[4.3]
[3.43]
[10.85]
[9.68]
[15.28]
[11.96]
[12.48]
[11.15]
[13.67]
[9.66]
[9.52]
[8.85]
[10.77]
[15.57]
[15.52]
[14.57]
[12.24]
[2.27]
[12.16]
[8.13]
[6.93]
[4.44]
[9.46]
[13.72]
[15.8]
[5.16]
[13.01]
[12.51]
[9.17]
[5.48]
[8.91]
[14.58]
[9.0]
[5.17]
[13.32]
[12.11]
[5.14]
[10.58]
[16.36]
[5.21]
[11.4]
[11.37]
[15.15]
[8.8]
[7.36]
[13.09]
[5.46]
[12.75]
[13.33]
[13.27]
[3.48]
[4.11]
[9.89]
[8.26]
[14.16]
[1.88]
[5.33]
[12.62]
[2.05]
[11.87]
[11.72]
[6.68]
[12.63]
[11.1]
[7.03]
[9.68]
[12.94]
[13.56]
[10.49]
[13.59]
[2.4]
[7.01]
[12.43]
[14.32]
[13.93]
[10.46]
[13.41]
[10.74]
[3.77]
[13.69]
[4.86]
[8.05]
[12.56]
[14.31]
[12.85]
[8.87]
[12.2]
[9.47]
[12.36]
[9.3]
[4.39]
[4.12]
[14.16]
[14.3]
[9.61]
[1.66]
[2.51]
[12.57]
[9.42]
[11.73]
[12.55]
[12.74]
[11.09]
[14.95]
[3.4]
[10.16]
[1.44]
[2.2]
[6.13]
[12.64]
[4.66]
[13.22]
[14.17]
[1.46]
[15.1]
[14.47]
[8.78]
[5.69]
[12.89]
[12.18]
[10.92]
[10.06]
[9.85]
[4.34]
[13.27]
[10.88]
[5.8]
[3.42]
[12.88]
[10.73]
[13.23]
[11.9]
[7.83]
[10.32]
[11.93]
[13.54]
[10.55]
[7.21]
[13.12]
[13.49]
[9.59]
[12.76]
[3.9]
[14.24]
[4.78]
[17.23]
[11.43]
[4.61]
[8.2]
[13.38]
[11.72]
[12.64]
[10.67]
[11.83]
[12.73]
[8.48]
[12.96]
[13.08]
[6.33]
[12.52]
[6.94]
[13.48]
[13.75]
[8.74]
[10.31]
[5.12]
[5.22]
[8.8]
[13.63]
[14.93]
[6.23]
[9.42]
[11.77]
[6.22]
[11.55]
[12.84]
[14.87]
[3.3]
[13.8]
[10.11]
[2.36]
[6.38]
[10.21]
[14.64]
[11.58]
[13.4]
[12.19]
[10.09]
[14.14]
[10.87]
[4.63]
[13.22]
[13.77]
[3.71]
[5.06]
[12.64]
[10.95]
[13.74]
[6.55]
[7.81]
[14.32]
[10.78]
[9.36]
[11.43]
[13.26]
[15.47]
[12.04]
[2.11]
[13.0]
[14.16]
[12.7]
[11.33]
[12.07]
[13.96]
[14.55]
[10.86]
[13.86]
[12.99]
[14.09]
[12.3]
[8.39]
[9.51]
[13.01]
[4.97]
[12.24]
[11.66]
[12.88]
[13.62]
[11.54]
[12.54]
[9.9]
[12.65]
[10.43]
[4.9]
[10.42]
[10.44]
[5.73]
[6.41]
[11.92]
[9.53]
[4.12]
[12.62]
[10.17]
[9.01]
[13.62]
[3.56]
[14.04]
[2.68]
[9.57]
[12.26]
[4.94]
[12.64]
[6.18]
[13.45]
[10.68]
[2.96]
[11.68]
[11.44]
[11.96]
[9.43]
[8.08]
[12.63]
[12.18]
[7.49]
[13.35]
[11.33]
[6.27]
[11.98]
[8.98]
[2.15]
[10.68]
[12.44]
[11.82]
[6.79]
[3.95]
[6.03]
[5.25]
[9.52]
[10.07]
[3.09]
[13.49]
[11.38]
[3.93]
[8.19]
[10.68]
[12.8]
[2.65]
[12.01]
[12.76]
[11.34]
[2.9]
[15.46]
[12.75]
[2.47]
[12.43]
[10.05]
[10.79]
[10.29]
[10.58]
[9.0]
[12.21]
[6.94]
[10.54]
[10.01]
[10.13]
[4.35]
[7.37]
[8.7]
[9.77]
[11.38]
[2.71]
[13.5]
[13.13]
[5.66]
[11.19]
[7.25]
[1.96]
[9.91]
[13.41]
[7.44]
[8.49]
[13.37]
[15.69]
[9.09]
[14.03]
[7.49]
[12.87]
[11.23]
[11.26]
[3.93]
[12.56]
[10.08]
[13.39]
[10.09]
[4.67]
[1.88]
[11.06]
[10.22]
[7.27]
[11.67]
[14.49]
[12.47]
[5.22]
[15.5]
[6.01]
[5.26]
[9.33]
[11.3]
[10.78]
[5.3]
[8.13]
[14.18]
[1.92]
[12.82]
[10.79]
[12.96]
[13.5]
[12.94]
[9.91]
[9.88]
[8.82]
[13.75]
[14.58]
[12.77]
[10.32]
[7.97]
[8.99]
[9.09]
[10.26]
[3.34]
[2.06]
[1.41]
[5.23]
[8.77]
[10.91]
[13.3]
[12.73]
[12.63]
[12.49]
[13.84]
[11.08]
[3.02]
[10.01]
[8.11]
[1.81]
[8.74]
[13.35]
[3.52]
[11.72]
[6.65]
[11.53]
[10.76]
[13.94]
[6.57]
[6.79]
[5.13]
[12.43]
[11.89]
[15.4]
[11.58]
[1.97]
[9.0]
[10.25]
[13.64]
[10.12]
[13.34]
[11.13]
[11.08]
[2.57]
[12.42]
[11.87]
[11.98]
[10.74]
[3.25]
[10.89]
[14.58]
[13.75]
[11.45]
[10.44]
[11.44]
[14.44]
[10.88]
[8.76]
[6.94]
[11.0]
[12.12]
[2.68]
[13.18]
[13.65]
[6.81]
[6.59]
[11.76]
[7.37]
[10.96]
[11.71]
[4.45]
[14.72]
[3.49]
[8.59]
[15.35]
[8.87]
[12.89]
[12.55]
[7.51]
[13.67]
[2.45]
[2.23]
[10.31]
[12.08]
[9.62]
[2.29]
[13.29]
[9.79]
[16.22]
[12.55]
[9.63]
[4.53]
[11.68]
[0.96]
[4.35]
[12.07]
[13.22]
[11.57]
[12.45]
[9.46]
[4.36]
[9.0]
[12.2]
[6.07]
[5.62]
[10.6]
[9.04]
[13.68]
[10.41]
[2.74]
[9.05]
[6.74]
[8.21]
[10.54]
[2.28]
[13.24]
[5.08]
[10.19]
[13.24]
[13.94]
[8.44]
[8.22]
[9.51]
[6.73]
[13.44]
[11.33]
[1.87]
[11.92]
[8.33]
[7.75]
[3.56]
[7.84]
[12.48]
[8.03]
[6.08]
[10.55]
[10.43]
[14.41]
[9.76]
[11.71]
[12.74]
[11.71]
[13.92]
[11.46]
[13.34]
[15.9]
[3.0]
[7.7]
[9.41]
[8.48]
[5.28]
[11.62]
[5.16]
[7.96]
[4.74]
[3.11]
[1.15]
[10.34]
[12.41]
[5.42]
[9.78]
[10.99]
[10.92]
[11.51]
[12.28]
[13.52]
[12.14]
[9.76]
[5.8]
[4.69]
[9.32]
[1.13]
[12.61]
[9.86]
[12.81]
[8.37]
[12.76]
[9.91]
[11.02]
[3.25]
[13.34]
[9.84]
[2.36]
[14.43]
[10.84]
[8.73]
[13.89]
[11.41]
[6.66]
[12.16]
[10.83]
[13.07]
[8.42]
[11.78]
[12.5]
[1.83]
[11.48]
[11.16]
[6.6]
[8.18]
[11.27]
[10.78]
[10.29]
[1.77]
[9.1]
[7.32]
[13.08]
[3.11]
[8.69]
[12.47]
[12.81]
[9.85]
[8.71]
[9.88]
[2.8]
[1.53]
[9.38]
[11.33]
[10.89]
[13.94]
[14.81]
[10.81]
[12.67]
[10.14]
[3.85]
[13.24]
[12.06]
[10.73]
[9.57]
[8.56]
[11.91]
[11.79]
[11.01]
[10.96]
[8.48]
[13.22]
[9.96]
[13.1]
[10.8]
[13.95]
[12.15]
[12.51]
[6.6]
[8.47]
[10.05]
[9.33]
[8.15]
[11.46]
[12.35]
[15.54]
[14.8]
[11.88]
[9.78]
[10.52]
[13.0]
[13.22]
[8.72]
[12.74]
[6.24]
[2.42]
[12.47]
[5.55]
[5.69]
[10.32]
[9.9]
[12.96]
[10.89]
[13.06]
[5.45]
[5.66]
[14.22]
[8.85]
[11.75]
[10.84]
[11.18]
[11.04]
[13.57]
[12.51]
[6.29]
[7.55]
[9.4]
[12.12]
[11.49]
[14.69]
[9.63]
[12.32]
[8.59]
[13.5]
[9.03]
[3.25]
[10.62]
[15.87]
[8.48]
[14.75]
[13.56]
[9.7]
[9.52]
[2.61]
[8.27]
[12.97]
[3.22]
[11.31]
[12.56]
[7.52]
[14.76]
[4.0]
[5.48]
[13.82]
[7.5]
[10.26]
[8.16]
[11.64]
[13.16]
[5.27]
[4.97]
[13.09]
[12.71]
[12.64]
[12.03]
[8.67]
[12.17]
[14.42]
[5.4]
[13.97]
[4.75]
[11.76]
[7.14]
[11.17]
[3.89]
[10.41]
[8.62]
[8.83]
[6.35]
[13.24]
[12.68]
[10.45]
[12.43]
[8.47]
[5.19]
[3.54]
[12.62]
[13.47]
[13.07]
[13.87]
[15.4]
[15.63]
[9.77]
[8.45]
[14.51]
[12.51]
[12.32]
[9.61]
[11.17]
[10.85]
[9.92]
[6.09]
[13.63]
[13.11]
[9.81]
[2.86]
[4.26]
[11.91]
[2.99]
[9.22]
[14.23]
[14.31]
[12.59]
[14.32]
[12.27]
[10.55]
[10.71]
[14.34]
[10.94]
[11.33]
[13.97]
[12.99]
[12.51]
[13.29]
[5.59]
[12.65]
[13.68]
[10.9]
[12.68]
[6.48]
[1.02]
[10.81]
[11.34]
[9.53]
[14.2]
[13.55]
[14.4]
[8.13]
[12.2]
[8.66]
[14.5]
[12.98]
[10.52]
[11.91]
[5.26]
[5.14]
[11.03]
[7.11]
[12.09]
[14.34]
[15.79]
[12.4]
[10.27]
[1.87]
[1.43]
[9.84]
[12.33]
[13.59]
[13.0]
[13.04]
[6.53]
[15.58]
[6.78]
[3.14]
[12.87]
[10.97]
[3.07]
[6.91]
[8.36]
[2.42]
[6.47]
[5.6]
[8.27]
[13.62]
[2.68]
[12.83]
[10.19]
[5.45]
[12.39]
[7.2]
[12.51]
[11.01]
[11.38]
[13.52]
[6.2]
[13.32]
[10.4]
[10.38]
[8.22]
[14.84]
[11.38]
[13.06]
[14.24]
[12.58]
[6.21]
[4.21]
[2.48]
[13.52]
[15.16]
[11.09]
[11.17]
[9.36]
[10.83]
[13.54]
[16.02]
[7.34]
[13.81]
[13.44]
[12.63]
[15.03]
[10.16]
[5.94]
[10.23]
[2.77]
[13.82]
[17.19]
[11.71]
[4.66]
[11.05]
[14.65]
[7.65]
[12.23]
[9.29]
[7.64]
[5.17]
[11.79]
[12.07]
[2.56]
[5.34]
[11.64]
[13.69]
[7.28]
[13.53]
[2.23]
