[24.67, 21.45, 19.83, 19.06, 18.97, 18.92]
[25.6, 22.85, 20.08, 17.18, 16.17, 15.82]
[25.17, 22.95, 20.6, 17.09, 15.95, 15.89]
[25.31, 23.52, 22.92, 22.87]
[22.94, 5.14, 2.83, 2.75]
[25.43, 21.77, 17.95, 15.69, 15.26, 15.24, 15.09]
[24.77, 20.02, 12.86, 10.14, 9.91, 9.87]
[25.01, 22.87, 21.28, 19.9, 19.67, 19.61]
[24.81, 22.13, 19.14, 17.14, 15.67, 15.58, 15.55]
[24.9, 18.92, 13.12, 12.04, 11.87]
[22.08, 2.03, 0.72]
[23.94, 20.43, 18.09, 16.56, 15.4]
[23.87, 12.12, 5.07, 5.11]
[24.9, 22.71, 21.74, 21.5]
[23.04, 7.4, 2.06, 2.11]
[26.0, 24.38, 22.7, 20.65, 20.22, 20.14]
[23.12, 6.01, 1.8, 1.85]
[25.03, 24.03, 23.51, 23.31, 23.17, 22.97, 22.97]
[25.83, 24.78, 24.67]
[24.48, 17.74, 9.36, 8.13, 7.88, 7.79, 7.76]
[24.52, 12.22, 5.45, 4.11, 2.0]
[24.46, 11.1, 2.68, 2.66]
[24.67, 20.38, 14.32, 11.3, 11.17]
[23.83, 12.93, 6.12, 5.79, 5.75]
[24.53, 19.7, 13.03, 10.38, 9.38, 8.94]
[23.84, 15.87, 5.61, 4.1, 3.38, 1.97]
[25.42, 24.1, 23.63, 23.34]
[25.71, 24.01, 23.36, 23.22, 23.12]
[26.21, 24.3, 22.42, 21.41, 21.4]
[24.25, 19.51, 14.85, 12.94, 12.59]
[23.64, 12.33, 4.06, 3.35]
[25.69, 25.01, 24.53, 24.53, 24.54]
[25.26, 23.27, 22.49, 22.28, 22.23]
[26.14, 24.5, 24.15, 24.06]
[24.64, 18.4, 10.82, 7.68, 5.97, 5.88]
[25.03, 19.81, 11.17, 8.12, 7.53]
[25.81, 23.66, 22.74, 22.17, 22.04]
[25.44, 22.11, 16.92, 11.5, 10.12, 9.82, 9.77]
[25.49, 24.24, 24.08, 24.09]
[24.71, 16.23, 3.78, 3.07]
[25.15, 21.94, 19.23, 16.84, 14.03, 12.2]
[24.96, 21.35, 16.7, 14.18, 13.95]
[25.64, 24.07, 23.53, 23.39, 22.76, 22.55]
[25.6, 24.56, 24.21, 24.17, 24.13]
[24.69, 17.38, 10.19, 9.21, 9.03]
[23.87, 3.9, 0.36]
[24.08, 15.71, 6.38, 3.65]
[24.8, 21.33, 16.63, 12.98, 12.54, 12.44]
[24.03, 19.0, 12.6, 8.57, 5.87, 4.82]
[22.94, 10.34, 3.6, 2.45, 2.33]
[24.11, 17.01, 8.07, 6.34]
[23.57, 3.44, 1.36, 1.23]
[25.34, 23.09, 21.57, 20.88, 20.72, 20.59]
[25.0, 20.07, 14.76, 12.94, 11.91]
[23.74, 14.98, 6.37, 3.67]
[25.02, 22.96, 18.15, 12.06, 10.23, 8.38, 7.52]
[24.44, 20.99, 17.18, 14.37, 13.17, 12.91]
[24.76, 19.4, 10.96, 8.58, 7.24, 7.17, 6.87]
[25.88, 24.83, 24.7, 24.63]
[23.06, 10.31, 4.89, 4.86, 4.58]
[25.47, 24.12, 23.92]
[24.87, 19.09, 13.22, 11.27, 11.08]
[24.17, 18.75, 8.46, 7.01, 6.54]
[25.65, 23.49, 22.65, 22.16, 22.08, 22.06]
[25.34, 20.36, 14.05, 12.05, 10.43]
[25.1, 21.23, 17.18, 15.02, 13.84, 13.33]
[24.01, 9.99, 5.39, 4.71]
[25.51, 24.91, 24.79, 24.8]
[24.2, 15.74, 7.22, 3.94, 3.86]
[25.16, 21.04, 15.42, 13.25, 13.16]
[25.1, 22.16, 19.37, 15.73, 14.12, 13.49]
[25.73, 22.33, 20.11, 18.68, 18.24]
[25.06, 20.37, 13.95, 11.8, 11.1]
[25.46, 23.74, 22.61, 22.13, 22.09]
[24.98, 22.89, 21.69, 20.62, 20.37, 19.92, 19.83, 19.77]
[25.6, 23.02, 21.11, 19.07, 18.6]
[25.45, 23.09, 20.63, 18.64, 18.51]
[24.11, 17.0, 12.19, 10.95, 10.86]
[24.35, 16.32, 7.83, 5.54]
[24.18, 7.61, 1.08, 1.07]
[25.43, 24.0, 23.64, 23.55]
[25.49, 24.53, 24.21, 24.12]
[24.77, 21.97, 17.71, 10.91, 8.6, 8.2]
[25.28, 20.44, 15.69, 12.37, 11.5, 11.43]
[24.6, 19.07, 10.09, 6.48, 4.62, 4.63, 4.64]
[24.18, 16.49, 10.21, 8.94, 8.89]
[25.82, 22.88, 20.56, 19.01, 18.03, 17.93]
[25.54, 23.93, 23.23, 23.11, 23.08]
[25.28, 23.45, 22.23, 20.89, 20.81, 20.81]
[25.27, 22.04, 18.43, 12.47, 11.16, 10.95]
[25.63, 20.36, 13.42, 11.65, 10.47, 8.55, 8.5]
[24.68, 21.56, 16.68, 12.47, 11.9, 11.88]
[24.89, 21.69, 19.38, 18.08, 17.83]
[24.56, 19.5, 13.09, 10.78, 8.67, 8.41]
[25.06, 20.59, 14.2, 10.77, 9.19, 7.8, 7.71]
[24.72, 22.45, 20.24, 16.74, 15.22, 14.24, 14.21]
[25.04, 22.56, 18.85, 14.96, 13.27, 13.25]
[22.62, 0.84, 0.75]
[25.24, 21.74, 17.19, 14.41, 13.99]
[25.03, 21.43, 15.87, 11.47, 11.28]
[24.94, 24.23, 24.02, 23.95]
[25.53, 22.05, 17.76, 14.9, 13.19, 12.15]
[23.8, 17.92, 10.61, 7.75, 7.25]
[24.89, 21.8, 19.18, 16.13, 15.24]
[24.86, 21.48, 18.12, 16.71, 16.31]
[24.78, 18.7, 13.24, 12.7, 12.56]
[24.58, 21.27, 16.4, 13.77, 12.75, 12.62]
[25.49, 22.73, 20.58, 18.73, 18.33, 18.2]
[25.53, 24.1, 23.23, 22.81, 22.6]
[26.12, 24.58, 23.82, 23.77, 23.62]
[23.89, 18.16, 9.16, 8.26, 7.88]
[24.45, 17.0, 6.0, 5.4, 5.31]
[24.52, 20.84, 18.74, 17.83, 17.54, 17.41]
[25.02, 21.77, 19.48, 18.37, 18.32, 18.22]
[25.37, 22.89, 20.47, 18.78, 18.51, 18.43]
[25.11, 23.09, 22.21, 21.39, 21.23, 21.23, 21.17]
[25.34, 23.7, 23.52, 23.54, 23.51]
[25.46, 21.49, 16.38, 13.62, 12.62, 11.6, 11.38]
[25.31, 22.66, 21.18, 20.62, 20.59]
[26.1, 23.92, 22.98, 22.66, 22.36, 22.29]
[25.58, 23.33, 22.2, 21.79, 21.66, 21.61]
[24.59, 20.89, 18.16, 16.57, 16.15, 16.13]
[23.42, 4.08, 1.63, 1.38]
[24.92, 22.44, 20.67, 20.36]
[25.25, 22.07, 19.55, 17.21, 16.68, 16.66, 16.57]
[25.58, 23.84, 23.23, 23.17]
[25.64, 23.93, 23.04, 22.44, 22.37]
[25.01, 22.16, 18.91, 17.3, 16.66, 16.38]
[23.65, 12.02, 4.23, 4.06]
[25.69, 24.27, 23.9, 23.81, 23.77]
[23.16, 2.72, 1.42]
[23.68, 8.14, 1.4, 1.42]
[24.24, 12.07, 5.17, 4.07, 3.66]
[25.05, 23.08, 22.59, 22.51, 22.52]
[25.39, 21.44, 19.44, 18.12, 17.78, 17.76]
[24.99, 22.82, 21.33, 19.91, 19.47, 19.25]
[24.38, 9.69, 0.82, 0.81]
[26.03, 23.35, 20.7, 15.94, 14.6]
[23.63, 8.52, 1.0, 1.0]
[24.19, 15.8, 10.28, 9.81]
[24.19, 10.52, 0.79, 0.78]
[25.36, 22.29, 20.02, 18.91, 18.9]
[23.68, 11.63, 5.68, 5.38, 5.12, 4.94, 4.55]
[23.28, 6.37, 2.24]
[22.46, 1.3, 0.73, 0.7]
[25.82, 23.46, 22.16, 21.51, 21.31]
[24.86, 21.45, 18.17, 15.51, 13.69, 13.08, 12.66]
[25.19, 24.47, 24.24, 24.2]
[24.83, 21.8, 18.75, 16.33, 14.96, 14.62]
[24.17, 14.44, 4.57, 3.48, 1.88]
[23.81, 7.34, 0.85, 0.77]
[25.84, 22.37, 18.58, 11.78, 10.77]
[25.55, 23.52, 22.81, 22.72, 22.67]
[24.91, 17.68, 9.46, 8.01]
[24.79, 23.31, 22.77, 22.73]
[24.64, 21.58, 19.84, 18.77, 18.08, 17.86]
[25.84, 24.12, 23.33, 23.16]
[25.29, 23.66, 22.87, 22.57, 22.52]
[23.95, 15.69, 8.24, 6.37, 6.29]
[25.25, 23.36, 21.95, 21.15, 20.95, 20.87]
[24.83, 23.13, 22.52, 22.17, 22.17]
[25.37, 24.02, 23.46, 23.28]
[25.7, 24.01, 23.31, 23.0, 22.94]
[24.36, 18.43, 11.58, 10.66, 10.62]
[23.28, 8.19, 3.65, 3.81]
[25.16, 21.64, 19.11, 16.58, 14.66, 14.5, 14.47]
[25.27, 22.59, 19.2, 15.46, 14.27, 13.9, 13.51]
[25.98, 25.29, 24.89, 24.64, 24.58]
[23.84, 11.49, 4.31, 3.85, 3.64]
[23.44, 13.44, 5.51, 3.56]
[24.53, 16.0, 10.39, 8.42]
[24.1, 12.18, 4.47, 3.77]
[24.59, 21.01, 14.66, 10.97, 10.35, 10.07]
[25.34, 22.73, 20.72, 20.22, 20.12, 20.1]
[24.36, 14.63, 6.82, 5.21]
[24.94, 19.28, 9.77, 8.17]
[24.09, 17.15, 10.96, 9.53, 9.32]
[25.4, 23.54, 22.72, 22.4, 22.13]
[25.54, 22.97, 21.84, 21.34, 21.29, 21.25]
[22.49, 5.92, 1.75, 1.69]
[23.99, 14.8, 6.54, 6.41, 6.34, 6.23]
[25.25, 17.48, 10.77, 8.68, 8.17, 7.97]
[23.53, 12.6, 5.98, 4.28, 4.2]
[25.22, 20.84, 16.82, 15.26, 14.66]
[23.73, 7.76, 3.54, 3.39]
[26.31, 25.54, 25.28, 25.21]
[25.99, 24.78, 24.31, 24.22, 24.14]
[23.95, 16.36, 9.43, 7.15, 6.75]
[24.0, 10.03, 3.81, 3.07]
[24.26, 16.35, 5.99, 3.43]
[23.38, 5.7, 0.75, 0.73]
[24.86, 19.73, 13.3, 10.92, 10.67]
[24.28, 16.59, 5.99, 3.55, 3.49]
[25.87, 24.57, 24.08, 23.8, 23.81]
[24.07, 17.39, 10.74, 8.48, 7.76, 7.62, 7.51]
[24.92, 22.45, 20.57, 17.86, 16.6, 14.64, 14.57]
[25.47, 23.42, 22.5, 21.76, 21.67, 21.6]
[23.88, 10.26, 2.31, 2.21]
[24.77, 21.03, 14.59, 11.17, 10.01]
[25.92, 23.36, 20.95, 18.58, 17.66]
[23.62, 12.97, 5.87, 4.44, 4.4, 4.27]
[23.97, 17.35, 10.61, 7.28, 6.85, 6.5, 6.11]
[24.48, 22.29, 20.8, 20.15, 19.53, 19.41, 19.34]
[25.62, 24.73, 24.54, 24.5]
[26.17, 23.65, 22.8, 22.07, 22.07]
[25.39, 24.33, 23.98, 23.89, 23.84]
[22.24, 2.98, 1.69, 1.39]
[25.24, 22.53, 20.85, 19.88, 19.74, 19.68]
[24.55, 16.42, 6.51, 3.63]
[25.09, 23.97, 23.48, 23.34]
[25.38, 22.35, 20.42, 19.46, 19.23, 19.15]
[24.39, 21.01, 17.13, 13.94, 11.78]
[24.33, 16.73, 8.3, 5.54, 5.36]
[23.83, 10.81, 3.69, 3.29, 1.83]
[25.58, 23.35, 22.8, 22.07, 21.88, 21.68, 21.62]
[24.33, 17.74, 9.85, 9.21, 8.91, 8.8]
[26.34, 23.09, 21.3, 20.0, 19.45]
[24.83, 21.39, 17.49, 13.61, 11.4, 11.16, 10.87]
[25.34, 23.65, 23.05, 22.86]
[23.89, 16.04, 8.36, 6.7, 6.5]
[24.23, 18.62, 10.08, 8.26, 8.23]
[24.32, 19.75, 13.06, 10.99, 10.87, 10.71]
[24.86, 22.38, 21.03, 19.94, 19.5, 19.27]
[25.14, 22.44, 19.51, 16.09, 14.26, 12.43, 12.18]
[24.58, 22.7, 20.23, 18.08, 16.76, 16.54, 16.19, 16.18]
[24.22, 16.46, 9.7, 9.19, 9.1]
[24.07, 7.69, 2.06, 2.1]
[25.35, 23.55, 22.54, 22.01, 21.9]
[25.57, 23.44, 22.43, 22.06]
[24.85, 18.4, 12.03, 10.83, 10.68]
[24.61, 19.98, 13.65, 10.25, 9.53, 8.36, 7.74]
[25.34, 22.73, 19.15, 16.85, 16.22, 16.17]
[23.5, 4.15, 0.36, 0.29]
[25.37, 24.02, 23.3, 23.13]
[22.82, 6.14, 0.52, 0.5]
[24.78, 18.26, 9.86, 9.15, 8.18, 7.74, 7.7]
[25.42, 24.57, 24.33, 24.29]
[26.02, 23.2, 22.19, 21.85, 21.65]
[24.69, 23.13, 22.26, 21.87, 21.88]
[24.41, 22.11, 20.76, 18.67, 17.83, 17.75]
[25.99, 24.05, 22.5, 21.35, 20.74, 20.66, 20.62]
[25.93, 23.85, 22.17, 21.06, 20.51, 20.44, 20.38]
[24.73, 19.93, 13.05, 11.08, 10.81]
[23.87, 10.27, 3.87, 3.1]
[25.17, 17.97, 11.25, 9.34]
[24.65, 21.98, 19.43, 16.44, 14.59, 14.41]
[26.66, 25.13, 23.44, 21.99, 21.82, 21.83]
[24.48, 21.22, 18.9, 16.23, 15.58, 15.29]
[25.44, 20.09, 14.43, 12.43, 12.31]
[24.8, 16.94, 8.29, 5.99]
[23.91, 15.38, 7.07, 4.74, 4.58]
[26.27, 22.57, 16.37, 13.05, 12.75]
[25.24, 20.07, 14.04, 11.18, 10.72, 10.57]
[23.9, 16.77, 5.91, 5.86]
[25.59, 24.39, 24.12]
[24.29, 18.32, 10.75, 6.4, 5.48]
[24.9, 21.61, 19.31, 16.6, 16.53]
[25.62, 23.85, 22.56, 21.57, 21.05, 20.96]
[25.1, 15.0, 7.09, 6.86]
[25.31, 24.18, 23.71, 23.57]
[25.9, 22.42, 18.04, 12.76, 11.85, 11.62]
[24.51, 17.35, 8.96, 7.47, 6.5]
[25.13, 23.77, 22.93, 22.27, 22.16, 22.08]
[24.49, 13.12, 4.17, 3.96]
[24.94, 17.74, 8.23, 7.18, 6.91]
[24.08, 16.8, 10.56, 9.66, 9.34]
[22.63, 2.38, 0.98]
[23.53, 11.51, 2.08, 1.93, 1.66]
[24.68, 22.07, 21.35, 21.14, 21.12]
[23.6, 8.73, 3.49, 3.58]
[25.54, 24.41, 24.01, 23.97]
[24.55, 21.12, 16.71, 14.16, 13.23]
[23.75, 5.22, 0.83, 0.78]
[26.09, 24.75, 24.46]
[24.22, 10.33, 3.51, 3.51]
[24.86, 22.03, 17.32, 12.26, 11.45, 11.41]
[25.97, 23.55, 19.4, 16.3, 14.29, 14.13]
[23.79, 11.9, 3.54, 2.32]
[24.99, 23.48, 22.1, 21.74, 21.44, 21.39]
[25.95, 24.23, 23.95, 23.93]
[24.41, 20.53, 14.45, 9.45, 7.92, 7.58]
[24.0, 14.72, 6.76, 6.45, 6.29]
[24.96, 21.67, 15.65, 10.07, 9.0]
[23.83, 15.57, 6.56, 5.75, 5.55]
[26.8, 25.44, 25.16, 25.13]
[24.45, 17.21, 5.9, 5.4]
[24.31, 17.78, 11.89, 10.49, 10.06]
[25.42, 24.05, 23.96, 23.77, 23.75, 23.68]
[24.59, 16.91, 9.07, 7.52, 7.11, 6.28]
[25.65, 23.7, 22.99, 22.85]
[25.36, 23.77, 22.95, 22.24, 22.23, 22.19]
[25.68, 22.12, 19.28, 16.79, 16.57, 16.46]
[24.46, 20.98, 14.69, 10.65, 9.6, 8.29, 8.16]
[25.23, 22.03, 19.83, 18.58, 18.36]
[25.19, 21.82, 18.4, 16.99, 16.58, 16.56]
[24.6, 21.1, 17.94, 16.4, 15.86]
[25.82, 23.48, 22.37, 21.8, 21.68]
[26.04, 24.31, 24.01, 23.85]
[24.88, 22.44, 20.88, 20.05, 19.72, 19.64]
[24.16, 20.59, 17.44, 14.38, 13.64, 13.61]
[25.12, 22.19, 20.71, 19.32, 18.8, 18.68, 18.61]
[23.49, 6.14, 2.93, 2.9]
[25.35, 18.86, 9.47, 8.02, 7.93]
[25.33, 22.61, 21.48, 20.86, 20.64]
[22.5, 3.72, 2.73]
[25.4, 24.48, 24.01, 23.76, 23.71]
[24.88, 20.24, 15.38, 13.1, 11.91]
[24.98, 22.16, 20.85, 20.26, 19.8, 19.72]
[23.13, 3.43, 0.72]
[24.59, 20.82, 15.86, 14.23, 13.61, 13.56, 13.37]
[23.75, 11.76, 1.1, 1.01]
[24.57, 20.94, 16.45, 14.25, 13.72, 13.64]
[23.5, 4.03, 0.6, 0.51]
[25.16, 23.45, 23.13, 23.05]
[25.75, 24.29, 23.78, 23.46, 23.22, 23.18]
[24.81, 16.21, 8.26, 5.8, 5.62]
[25.41, 23.82, 22.98, 22.6, 22.6]
[25.0, 22.27, 19.76, 17.16, 16.62]
[25.01, 21.95, 20.24, 17.98, 16.8, 16.8]
[25.43, 22.82, 19.8, 18.67, 18.45, 18.07, 17.98]
[24.3, 17.54, 10.52, 5.52, 4.9, 4.52]
[24.39, 13.24, 5.38, 5.26]
[25.23, 23.2, 22.28, 21.81, 21.82]
[24.7, 20.16, 13.08, 10.25, 9.67]
[26.12, 24.3, 23.89, 23.76, 23.71]
[25.63, 23.98, 23.59, 23.4]
[23.49, 5.81, 0.65, 0.63]
[25.24, 22.92, 18.91, 13.58, 10.63, 9.26]
[24.99, 20.59, 16.55, 14.57, 13.79, 13.68]
[24.94, 22.93, 22.29, 22.15, 22.13]
[24.93, 20.61, 15.19, 13.41, 12.94, 12.92]
[25.46, 24.17, 23.47, 23.28, 23.28]
[24.2, 12.82, 4.03, 3.69]
[25.36, 23.91, 23.53, 23.39, 23.36]
[25.66, 24.07, 23.54, 23.18, 22.97]
[25.05, 21.51, 19.24, 17.77, 17.54, 17.44]
[24.05, 18.77, 10.59, 8.85, 8.81]
[24.38, 19.65, 13.62, 10.05, 9.79, 9.75]
[25.4, 23.28, 21.87, 21.27, 21.15]
[24.22, 19.5, 14.01, 9.7, 8.57, 8.11]
[25.0, 22.34, 17.27, 11.94, 10.42, 10.21]
[25.15, 22.89, 21.56, 20.88, 20.8, 20.72]
[25.08, 20.37, 16.11, 14.31, 14.15, 14.07]
[23.55, 13.59, 6.33, 4.99, 4.91]
[24.84, 20.27, 15.37, 11.35, 8.93, 8.39, 7.82, 7.0]
[23.53, 13.28, 3.54, 2.9]
[24.01, 17.37, 7.72, 4.7, 4.39, 4.32]
[24.0, 17.55, 3.99, 3.11, 1.27]
[24.77, 18.78, 9.66, 7.96, 7.0, 6.95]
[24.33, 8.83, 1.25, 1.19]
[24.33, 11.87, 4.32, 4.1]
[24.37, 12.44, 5.32, 5.26]
[25.4, 23.75, 23.02, 22.98]
[25.12, 16.6, 9.64, 8.14]
[22.53, 2.21, 0.79, 0.74]
[25.4, 23.26, 22.4, 21.99, 21.86]
[25.35, 24.38, 24.06, 24.05]
[25.42, 21.86, 17.37, 16.04, 15.71]
[24.56, 15.38, 6.64, 5.78, 3.15, 3.04]
[24.58, 18.09, 10.28, 8.23, 7.84, 7.78]
[25.82, 24.62, 24.39, 24.34]
[24.73, 15.44, 5.69, 5.38, 5.33]
[25.68, 23.74, 23.25, 23.03, 22.86, 22.67, 22.56, 22.51]
[24.55, 17.79, 6.78, 6.58]
[24.9, 21.16, 16.53, 13.26, 12.07, 11.96]
[24.85, 20.26, 16.15, 13.76, 12.19, 11.71]
[25.36, 22.47, 18.4, 14.87, 13.01, 12.99]
[25.51, 22.27, 19.76, 17.87, 17.08]
[23.62, 10.96, 3.94, 3.74]
[24.52, 15.0, 7.27, 6.81]
[23.87, 10.71, 3.54, 2.24]
[24.12, 6.87, 1.26, 1.27]
[25.09, 22.61, 20.68, 20.08, 19.93]
[24.93, 22.3, 20.36, 19.32, 18.89]
[25.28, 24.19, 23.81, 23.76]
[24.77, 20.54, 15.17, 12.59, 12.11]
[25.23, 20.32, 14.61, 12.89]
[24.98, 21.92, 17.61, 13.16, 12.47, 12.43]
[23.81, 14.53, 4.94, 3.54, 2.1]
[26.83, 25.29, 24.76, 24.48, 24.41, 24.36, 24.28]
[24.99, 21.2, 17.42, 14.46, 13.4]
[25.4, 23.36, 21.61, 20.52, 19.97]
[25.65, 23.86, 23.43, 23.11, 23.07]
[25.37, 20.09, 14.31, 13.5, 13.45, 13.41]
[25.53, 23.76, 23.48, 23.42, 23.38, 23.34]
[25.27, 23.56, 23.15, 23.03, 22.98]
[21.99, 1.66, 0.91]
[24.94, 22.39, 19.97, 16.9, 14.91, 13.54, 13.31, 13.24, 13.21]
[23.77, 9.9, 1.77, 1.8]
[24.21, 20.99, 17.09, 11.55, 9.37, 9.32]
[25.62, 23.5, 22.22, 21.96, 21.96]
[25.69, 22.75, 19.47, 16.97, 16.5, 16.39, 16.27]
[25.08, 21.89, 18.53, 15.87, 15.37]
[24.96, 21.4, 16.57, 12.02, 10.73, 10.23, 10.04, 8.76]
[25.96, 24.3, 22.88, 22.48, 22.2, 22.12]
[26.5, 23.91, 22.19, 21.43, 21.29]
[24.97, 23.05, 21.69, 20.42, 19.65, 19.54, 19.52]
[25.3, 22.05, 18.48, 15.21, 13.75, 13.35]
[26.46, 25.25, 24.49, 24.44, 24.39]
[23.39, 7.3, 0.95, 0.93]
[25.36, 23.43, 22.56, 22.31, 22.2, 22.15, 22.1]
[25.29, 19.8, 14.59, 12.41, 12.11]
[25.93, 23.5, 21.35, 19.41, 18.95, 18.64]
[23.91, 14.12, 6.7, 5.96, 5.83]
[24.85, 20.98, 16.66, 14.34, 13.9]
[25.23, 23.69, 23.21, 23.08, 23.08]
[23.89, 20.15, 13.41, 7.15, 6.64]
[27.15, 25.56, 24.89, 24.37, 24.34]
[23.79, 10.13, 4.68, 3.88]
[24.89, 17.35, 9.63, 8.57, 8.26]
[25.15, 19.82, 13.12, 11.2, 10.9]
[25.34, 22.77, 19.73, 17.17, 16.66, 16.33]
[25.52, 24.02, 22.76, 22.16, 22.17]
[25.12, 23.21, 21.83, 21.4, 21.31]
[24.98, 21.22, 16.73, 14.73, 13.7]
[24.88, 22.59, 21.1, 20.1, 19.52, 19.46]
[25.61, 23.22, 21.77, 20.85, 20.53]
[25.69, 21.01, 16.01, 12.52, 12.03]
[24.55, 17.46, 9.86, 5.38, 2.98, 2.65]
[25.85, 24.15, 23.58, 23.33, 23.28]
[25.36, 22.99, 21.76, 21.18, 20.88]
[25.8, 23.83, 21.06, 18.78, 17.13, 16.77, 16.67]
[24.53, 20.09, 12.55, 10.24, 8.99, 8.94]
[25.18, 22.12, 19.11, 17.39, 16.23, 16.02]
[25.02, 18.46, 10.63, 9.08]
[24.84, 21.71, 19.82, 18.89, 18.86]
[25.64, 24.2, 23.6, 23.33, 23.34]
[26.19, 25.03, 24.53, 24.44, 24.4]
[23.09, 1.98, 0.48]
[25.06, 24.09, 23.98, 23.95]
[24.31, 16.34, 7.87, 7.14, 6.97]
[26.05, 24.47, 24.32, 24.27]
[26.03, 22.31, 16.09, 13.41, 13.01, 12.51]
[24.2, 14.56, 3.29, 2.91, 2.88, 2.82]
[26.09, 24.38, 23.48, 23.35]
[24.98, 23.51, 23.04, 22.92]
[23.2, 5.23, 1.33]
[25.05, 22.57, 21.48, 20.46, 19.96, 19.89]
[21.46, 0.26]
[24.45, 21.55, 19.01, 17.7, 17.42, 17.37]
[24.82, 20.51, 13.18, 10.97, 10.71]
[25.75, 24.46, 23.71, 23.42, 23.35]
[25.52, 22.72, 20.53, 19.45, 19.21]
[23.67, 6.08, 2.08]
[25.74, 24.28, 23.47, 23.35, 23.34]
[26.24, 25.01, 24.2, 24.12, 24.12]
[24.61, 19.67, 12.0, 9.66, 9.05, 8.8]
[25.17, 21.58, 19.06, 17.65, 17.53]
[25.98, 23.02, 21.25, 20.21, 19.9]
[24.83, 21.82, 18.78, 16.24, 15.43, 14.51]
[23.88, 5.34, 1.25, 1.0]
[25.21, 21.17, 15.3, 13.27, 13.0]
[25.57, 23.74, 23.28, 23.22]
[25.09, 20.12, 10.74, 7.88, 5.22]
[24.04, 16.54, 8.25, 5.56, 5.5]
[26.22, 24.3, 23.39, 23.15, 23.08, 22.98, 22.97]
[24.43, 18.02, 7.86, 5.74, 5.71]
[23.92, 13.63, 7.17, 6.64]
[24.65, 20.37, 13.78, 9.54, 9.09]
[24.93, 21.21, 17.07, 15.12, 14.73]
[25.25, 23.56, 22.9, 22.57, 22.35]
[25.45, 22.97, 22.02, 21.64, 21.64, 21.59]
[24.96, 21.34, 18.02, 15.84, 15.53, 15.32]
[25.14, 22.94, 22.4, 22.22, 22.21]
[24.24, 17.2, 7.94, 7.13]
[25.62, 24.0, 23.23, 22.99, 22.95]
[25.47, 24.01, 23.05, 22.58, 22.5]
[23.94, 20.47, 14.98, 11.26, 9.28, 9.1, 8.76]
[25.38, 23.78, 23.3, 23.06, 22.93, 22.94]
[25.1, 22.46, 20.61, 18.72, 17.74, 17.68]
[25.86, 24.57, 24.18, 24.08]
[24.89, 21.38, 18.33, 14.86, 14.22, 14.19]
[23.42, 8.85, 1.75, 1.32, 1.05]
[24.84, 19.93, 15.6, 12.82, 11.96, 11.68, 11.64]
[24.46, 17.75, 10.97, 8.76, 8.55]
[24.97, 21.99, 19.56, 17.42, 16.85]
[25.19, 22.44, 21.37, 21.18, 20.95]
[24.6, 19.25, 14.05, 12.95, 12.47, 12.11]
[24.89, 18.03, 10.0, 7.43, 6.91]
[25.37, 22.5, 20.74, 20.05, 20.02]
[25.46, 24.72, 24.51, 24.4]
[24.57, 22.34, 18.64, 15.62, 14.75, 14.55]
[25.07, 22.36, 21.08, 20.88, 20.85]
[26.0, 24.68, 24.1, 23.95, 23.87]
[24.91, 20.9, 16.07, 12.24, 11.11]
[24.17, 15.91, 8.15, 6.49, 6.38]
[24.22, 21.28, 17.0, 11.25, 6.02, 5.97, 5.88]
[23.69, 11.89, 1.89, 1.93]
[25.3, 22.43, 20.98, 20.53]
[23.56, 10.48, 3.31, 3.16]
[23.53, 15.47, 7.47, 6.0]
[25.56, 23.01, 21.21, 20.14, 19.46, 19.38, 19.37]
[25.85, 24.32, 23.68, 23.54]
[24.97, 21.78, 18.94, 17.29, 16.51, 16.22]
[25.63, 23.28, 21.74, 21.25, 21.2]
[24.33, 18.94, 13.02, 9.8, 9.11, 8.87]
[24.99, 23.67, 23.22, 22.96, 22.96]
[25.59, 24.16, 23.64, 23.08]
[25.55, 21.06, 16.49, 14.7, 14.61, 14.54]
[24.89, 20.42, 15.53, 11.89, 11.36, 10.79, 10.07, 7.01, 6.95]
[25.09, 22.51, 20.87, 18.03, 16.85, 15.37, 15.11]
[23.51, 7.07, 0.78, 0.61]
[26.07, 21.35, 17.04, 14.72, 14.23]
[25.43, 22.2, 20.25, 19.03, 18.62, 18.43, 18.43]
[25.73, 21.73, 17.58, 14.06, 13.25, 13.1]
[23.16, 11.13, 4.91, 4.97]
[25.4, 23.3, 21.83, 21.08, 20.82]
[24.38, 20.55, 14.02, 10.01, 8.12, 7.77]
[24.22, 18.76, 10.85, 9.22, 8.54, 8.39]
[25.19, 21.49, 14.94, 12.15, 11.43, 11.32]
[24.47, 22.24, 21.27, 21.24, 21.19]
[24.88, 23.72, 23.4, 23.36]
[25.82, 23.85, 23.16, 22.84, 22.81]
[24.32, 20.82, 17.52, 13.1, 11.96, 11.85]
[24.82, 22.92, 20.71, 17.14, 13.91, 13.47]
[25.24, 22.86, 20.68, 16.63, 12.39, 10.06, 9.03, 8.99]
[25.44, 23.74, 23.49, 23.35]
[24.4, 15.8, 7.71, 7.29, 6.79]
[25.01, 21.98, 18.82, 13.41, 12.34, 12.19]
[23.99, 6.33, 0.98, 0.99]
[25.17, 21.67, 17.4, 13.18, 12.03, 11.74]
[24.62, 21.38, 15.53, 9.15, 7.36, 3.48, 2.11]
[25.13, 21.71, 15.87, 12.15, 9.81, 9.68]
[24.34, 15.84, 7.62, 6.53, 6.2, 6.03]
[24.25, 17.15, 8.49, 4.49, 2.91]
[25.6, 24.31, 23.65, 23.28, 23.28]
[25.14, 22.58, 20.76, 19.83, 19.13, 19.05]
[24.41, 18.21, 9.05, 8.2, 8.07]
[25.44, 23.32, 22.49, 21.38, 20.86, 20.71]
[24.83, 21.89, 19.49, 17.85, 17.1, 17.08, 17.06]
[25.48, 22.39, 20.62, 20.28, 20.12]
[24.37, 20.59, 14.56, 10.73, 8.96]
[25.19, 22.74, 21.6, 20.73, 20.49, 20.43]
[25.61, 24.06, 23.62, 23.55, 23.52, 23.48, 23.26]
[25.52, 23.28, 21.64, 20.04, 19.39, 19.31]
[24.76, 17.83, 8.96, 6.58]
[24.13, 5.46, 2.1]
[25.61, 22.44, 17.86, 14.06, 11.85]
[24.62, 18.37, 11.51, 9.59, 9.05]
[24.0, 15.5, 9.82, 8.93, 8.46]
[25.36, 23.44, 21.9, 21.3, 21.21]
[25.12, 21.53, 17.77, 16.72, 16.58]
[24.14, 4.43, 1.83, 1.39]
[25.7, 23.87, 22.33, 19.89, 18.97, 18.51]
[24.45, 12.34, 5.62, 4.11]
[24.03, 11.45, 2.65, 1.86]
[25.08, 23.17, 22.68, 22.33, 22.23, 22.17]
[25.13, 23.38, 22.38, 21.84, 21.46, 21.33]
[24.42, 12.21, 4.21, 4.15]
[24.91, 22.7, 21.25, 21.01]
[25.4, 22.05, 17.91, 13.74, 13.05, 12.91]
[23.3, 13.71, 2.51, 2.52]
[26.61, 25.16, 24.52, 24.35, 24.35]
[25.04, 23.28, 22.58, 22.45]
[25.54, 22.39, 19.48, 15.39, 13.41, 13.14]
[25.07, 23.3, 21.89, 21.03, 20.77, 20.72]
[24.58, 21.9, 19.98, 19.39, 19.3]
[23.7, 6.54, 1.68, 1.74]
[25.4, 22.27, 19.17, 16.37, 15.07, 14.92]
[25.43, 23.16, 21.48, 19.64, 19.18]
[24.62, 19.43, 13.94, 12.35, 12.08, 11.45, 10.83]
[25.18, 23.37, 22.15, 21.57, 21.3, 21.3, 21.3]
[24.16, 19.49, 15.06, 12.23, 10.57, 10.51]
[24.89, 21.03, 16.13, 12.1, 11.11, 10.97]
[25.17, 23.69, 22.62, 22.03, 21.26, 20.3, 20.11, 20.04]
[22.74, 1.6, 0.79]
[24.97, 22.66, 20.9, 20.31, 20.25]
[24.28, 18.24, 13.59, 12.54, 12.45]
[25.32, 23.57, 22.96, 22.72, 22.61]
[25.3, 20.08, 11.46, 9.31, 9.27, 9.18]
[24.48, 14.33, 7.03, 6.55]
[25.76, 23.79, 23.01, 22.79, 22.73, 22.73]
[24.9, 21.77, 19.7, 18.83, 18.78]
[24.37, 18.93, 13.71, 11.48, 11.21]
[22.84, 3.26, 1.16]
[24.33, 17.79, 10.54, 8.76, 8.18]
[25.53, 23.09, 22.03, 21.25, 21.15]
[24.58, 7.98, 2.03, 2.11]
[26.11, 22.45, 15.59, 9.9, 8.65]
[25.48, 23.9, 22.96, 22.74, 22.7]
[24.47, 20.44, 15.94, 12.03, 11.72]
[24.62, 21.62, 18.41, 16.32, 15.96, 15.89]
[24.29, 12.98, 7.27, 5.87, 5.8]
[24.85, 15.92, 5.91, 4.64, 4.39]
[24.64, 18.74, 11.56, 8.43, 6.88]
[24.79, 22.38, 21.32, 20.56, 20.54]
[24.36, 17.28, 8.04, 6.72, 6.53]
[23.32, 2.39, 0.71]
[25.75, 24.72, 24.51, 24.47]
[24.49, 21.35, 18.56, 16.6, 16.32]
[25.9, 20.0, 11.73, 9.87, 9.35, 9.17]
[25.14, 22.87, 21.75, 21.18, 21.18]
[25.53, 23.69, 23.02, 22.44, 22.35, 22.1, 22.06]
[25.27, 21.77, 19.31, 18.49]
[23.5, 5.32, 1.65]
[24.99, 22.77, 21.24, 18.97, 16.4, 16.0, 15.78]
[23.15, 3.9, 0.54, 0.53]
[25.41, 21.54, 18.36, 15.16, 14.57, 14.28]
[23.61, 8.26, 3.95, 3.46]
[24.97, 22.64, 21.37, 21.0, 20.77, 20.77]
[24.97, 23.22, 21.72, 21.03, 20.83]
[24.92, 20.92, 15.61, 13.95, 13.8]
[25.54, 24.0, 22.76, 21.77, 21.31, 21.2]
[24.85, 19.85, 11.99, 9.94, 8.37, 7.1]
[24.64, 21.11, 17.54, 13.68, 13.06, 12.96]
[25.1, 21.74, 18.65, 17.37, 17.24, 17.1]
[24.68, 21.82, 20.02, 17.97, 16.48, 15.31]
[23.98, 13.09, 6.57, 6.17]
[24.55, 19.63, 12.9, 10.2, 9.93]
[24.35, 16.14, 7.82, 6.71, 6.4]
[24.26, 14.11, 7.13, 7.29]
[25.52, 22.0, 19.5, 18.01, 17.48]
[24.44, 20.77, 15.73, 13.71, 12.73]
[24.21, 13.13, 3.4, 1.28]
[25.2, 22.18, 19.4, 17.6, 17.28, 17.23, 17.04]
[26.12, 24.69, 24.41, 24.3]
[23.95, 13.56, 4.04, 3.55, 3.5]
[24.12, 19.75, 14.64, 12.63, 12.53]
[24.91, 22.22, 21.09, 20.31]
[24.62, 22.14, 20.02, 18.18, 17.35, 16.09, 15.37]
[24.84, 19.6, 13.16, 11.28, 10.98]
[23.35, 6.1, 0.93, 0.9]
[25.31, 22.48, 20.28, 17.82, 17.68, 17.6]
[24.71, 22.65, 21.29, 20.74, 20.58, 20.53]
[25.24, 23.49, 22.63, 22.37, 22.29]
[25.19, 22.53, 21.1, 20.32, 20.23, 20.22]
[25.3, 23.96, 23.79, 23.74]
[25.5, 23.28, 22.26, 21.55, 21.32, 21.26]
[25.68, 23.47, 22.17, 21.96, 21.84]
[25.48, 23.7, 22.16, 21.63, 21.57]
[24.45, 19.14, 13.51, 11.93, 11.56]
[24.73, 22.59, 20.73, 18.7, 18.03, 17.96]
[24.03, 14.53, 7.13, 7.03]
[25.19, 23.25, 22.39, 22.18]
[24.49, 21.1, 16.36, 12.5, 11.25, 11.13]
[25.13, 22.81, 21.05, 20.16, 19.22, 19.04, 18.91, 18.83]
[23.89, 7.32, 2.35, 2.39]
[25.4, 23.5, 22.59, 22.01, 21.96]
[25.81, 23.93, 23.11, 23.02]
[24.97, 21.35, 16.98, 14.36, 14.14]
[24.98, 21.94, 20.34, 19.77, 19.63]
[24.56, 22.18, 21.32, 20.72, 20.7]
[22.72, 1.0, 0.86]
[25.87, 24.84, 24.59, 24.57]
[25.04, 23.07, 21.86, 19.93, 19.46, 19.11, 18.98]
[25.11, 20.37, 15.08, 11.99, 11.53, 11.42]
[25.7, 24.56, 24.23, 24.07]
[24.87, 21.14, 16.69, 13.31, 12.82]
[25.29, 23.88, 23.26, 23.07, 23.03, 22.99]
[25.47, 21.71, 19.24, 16.48, 16.13]
[25.41, 21.32, 18.57, 16.78, 16.07, 15.96]
[24.69, 17.15, 9.67, 9.03]
[25.9, 24.01, 22.27, 21.49, 21.41]
[25.01, 21.9, 19.35, 18.57, 18.42]
[24.74, 21.3, 16.44, 10.96, 10.73]
[23.92, 8.0, 2.2, 2.29]
[25.7, 24.83, 24.38, 24.34]
[23.96, 10.6, 2.8, 2.52]
[25.51, 24.49, 23.87, 23.88, 23.82]
[25.66, 23.24, 21.18, 20.46, 20.43]
[25.28, 22.93, 22.0, 21.84, 21.8]
[24.93, 22.75, 20.85, 20.59, 20.47, 20.23, 20.22]
[24.57, 15.15, 6.56, 6.05]
[24.42, 16.84, 10.89, 10.07, 9.65]
[26.16, 24.64, 23.81, 23.62, 23.47]
[26.26, 24.95, 24.67, 24.49, 24.44]
[24.41, 20.96, 16.05, 12.57, 12.01]
[25.86, 21.21, 14.82, 13.23, 13.09]
[24.85, 22.0, 19.44, 15.94, 15.1, 15.0]
[24.73, 21.61, 16.29, 10.96, 9.47]
[24.74, 20.25, 14.83, 10.64, 9.82]
[25.49, 23.68, 22.97, 22.9, 22.9]
[24.54, 17.2, 8.63, 7.03]
[23.95, 12.38, 5.87, 5.92]
[24.82, 21.88, 18.1, 15.62, 15.06, 14.9]
[23.71, 15.9, 6.88, 5.44]
[25.28, 23.81, 23.27, 23.17]
[24.78, 21.0, 16.2, 12.58, 11.2, 11.14]
[24.73, 16.24, 8.5, 7.81, 7.71]
[23.97, 10.51, 5.99, 5.69]
[24.2, 8.67, 1.38, 1.36]
[25.18, 22.57, 19.88, 18.29, 17.42, 17.19, 17.18]
[25.68, 22.98, 21.69, 21.05, 20.94]
[23.33, 13.81, 6.86, 5.48]
[24.56, 13.9, 6.27, 5.94, 5.38, 5.33]
[24.72, 18.04, 11.29, 9.48, 8.92]
[25.27, 23.56, 22.43, 21.87, 21.79]
[25.52, 23.79, 22.67, 22.4]
[24.39, 16.16, 9.49, 8.77, 8.66]
[25.48, 24.12, 23.0, 22.47, 22.38]
[24.95, 20.67, 17.53, 15.8, 15.65, 15.55, 15.53]
[23.94, 10.27, 3.11, 1.36]
[25.31, 22.75, 22.14, 21.79]
[24.9, 23.13, 21.69, 21.02, 20.98]
[25.09, 21.64, 17.6, 12.56, 10.72, 10.59, 10.45, 9.85, 9.02]
[25.37, 21.6, 19.3, 17.45, 16.99, 16.96]
[25.28, 23.91, 23.29, 22.94, 22.9]
[26.04, 23.98, 22.55, 21.83, 21.75]
[25.54, 24.06, 23.75, 23.68, 23.63]
[24.57, 21.13, 14.88, 10.66, 9.6, 9.36]
[26.56, 25.09, 24.3, 24.03, 24.02]
[25.17, 23.42, 22.87, 22.67, 22.68]
[23.32, 4.97, 1.02, 0.98]
[23.21, 1.0, 0.74]
[24.6, 20.21, 14.57, 11.2, 9.66, 8.27, 5.61, 5.52]
[24.73, 21.78, 18.9, 14.27, 12.71, 12.51]
[25.19, 19.87, 13.07, 11.11, 10.82, 10.58]
[24.36, 20.2, 16.62, 11.4, 10.32, 9.03]
[23.94, 15.46, 9.2, 6.63]
[25.44, 20.18, 16.12, 14.35, 14.11]
[25.36, 22.03, 16.92, 12.3, 10.69, 9.29, 9.07]
[24.73, 20.73, 13.68, 11.66, 11.26, 11.22]
[23.89, 11.69, 4.55, 4.44, 3.9]
[23.53, 10.54, 1.43, 1.45]
[23.79, 10.97, 5.06, 5.06]
[24.29, 16.69, 10.2, 7.46, 6.18, 6.09]
[24.66, 22.86, 21.09, 19.77, 19.55, 19.45]
[26.34, 25.3, 25.07, 25.03, 25.0]
[25.24, 21.48, 19.05, 16.87, 16.02, 15.57]
[25.34, 24.09, 23.85, 23.81]
[25.46, 23.93, 23.66, 23.51]
[25.61, 24.32, 23.43, 23.27, 23.23, 23.18]
[25.43, 21.94, 18.91, 17.2, 16.41, 15.81]
[25.27, 23.46, 22.78, 22.63, 22.59]
[24.08, 11.21, 2.09, 1.34]
[25.99, 24.44, 23.96, 23.94, 23.89]
[23.51, 10.87, 5.66, 4.48]
[25.1, 19.9, 11.82, 9.84, 9.27]
[22.91, 1.38, 0.65]
[25.28, 21.92, 18.59, 17.11, 16.37, 16.29]
[25.05, 20.85, 16.47, 13.01, 12.39, 12.29, 12.21]
[22.87, 0.69, 0.45]
[25.95, 24.73, 24.39, 24.41]
[25.7, 23.46, 21.5, 19.68, 19.25, 18.78]
[24.68, 19.94, 12.66, 11.56, 11.39, 11.29]
[24.67, 19.14, 15.07, 12.06, 12.03]
[24.89, 18.64, 7.73, 6.31]
[24.9, 20.07, 16.0, 11.68, 8.58, 8.08]
[24.86, 19.34, 12.1, 10.53, 10.37]
[24.4, 13.88, 5.85, 5.18]
[25.06, 21.06, 17.75, 14.69, 14.28]
[25.31, 23.45, 22.01, 21.49, 21.16, 21.17]
[25.8, 23.79, 23.34, 23.22]
[24.65, 18.51, 11.55, 10.31, 9.83]
[25.97, 23.57, 21.82, 20.59, 20.4, 20.24]
[23.31, 10.47, 4.37, 4.37, 4.29]
[24.96, 22.14, 18.66, 16.77, 15.75, 14.47]
[24.97, 13.59, 6.23, 4.26, 4.21]
[24.76, 21.41, 15.94, 12.85, 12.63, 12.61]
[25.41, 21.6, 20.14, 19.69, 19.28]
[24.73, 19.95, 15.52, 12.42, 11.87]
[24.91, 21.38, 15.52, 13.03, 12.5, 12.46]
[24.86, 23.18, 22.6, 21.87, 21.42]
[25.21, 22.84, 21.2, 20.04, 19.04, 18.03, 17.99]
[24.67, 21.96, 18.52, 16.25, 15.86, 15.62]
[25.42, 22.93, 19.61, 13.86, 12.58, 12.53]
[25.03, 21.89, 18.11, 14.37, 13.74]
[23.15, 9.75, 4.14, 3.77, 3.44, 2.0]
[25.44, 20.3, 14.26, 11.76, 11.67]
[25.55, 22.03, 16.72, 9.97, 7.59]
[26.33, 24.86, 24.14, 23.88, 23.82]
[25.22, 23.44, 22.41, 21.61, 21.44]
[25.28, 23.89, 23.44, 23.34]
[25.4, 23.15, 21.32, 19.96, 19.29]
[26.39, 24.67, 23.79, 23.6]
[23.49, 5.42, 1.46, 1.37]
[23.7, 8.08, 1.13, 1.12]
[23.95, 14.17, 5.12, 4.17]
[24.06, 15.05, 7.5, 6.8, 6.7]
[23.91, 15.24, 5.63, 3.61, 2.16]
[25.28, 21.21, 14.1, 9.74, 8.82, 8.7]
[26.27, 25.1, 24.61, 24.55]
[25.61, 21.74, 19.01, 17.9, 17.55]
[25.24, 23.7, 22.85, 22.48, 22.37, 22.32]
[25.35, 23.8, 23.26, 23.26]
[24.13, 19.82, 12.53, 8.0, 7.51, 7.45, 7.4]
[25.26, 24.04, 23.66, 23.62]
[24.22, 9.82, 0.93, 0.94]
[25.15, 23.4, 22.71, 22.53]
[24.77, 19.65, 11.23, 8.6]
[25.03, 21.56, 16.97, 11.97, 11.58, 10.7]
[25.29, 22.03, 18.16, 14.21, 12.89]
[25.4, 23.98, 23.53, 23.54]
[25.34, 22.61, 19.96, 17.86, 17.28, 17.07, 16.98]
[25.95, 23.26, 22.39, 21.92, 21.72]
[25.22, 22.13, 15.42, 13.33, 12.73, 12.51]
[25.87, 23.87, 22.54, 21.89, 21.27, 21.0, 20.84]
[25.32, 22.88, 21.1, 18.42, 16.9, 16.02, 15.88]
[26.03, 23.65, 22.54, 21.96, 21.85, 21.75]
[24.96, 21.85, 18.89, 15.78, 14.88, 14.52]
[26.06, 25.36, 25.12, 25.07]
[25.48, 20.71, 11.78, 10.25]
[24.96, 18.21, 10.31, 7.38, 6.08]
[25.99, 24.92, 24.34, 24.09, 23.96, 23.92]
[24.85, 20.75, 15.39, 13.56, 13.06, 12.93]
[23.96, 15.45, 6.93, 5.8, 5.7]
[25.26, 21.91, 19.92, 16.99, 15.27, 15.16]
[25.55, 23.11, 21.92, 21.23, 21.09]
[24.89, 19.54, 12.98, 11.63, 11.19]
[24.85, 21.21, 16.86, 13.68, 13.12, 12.88, 12.51]
[25.67, 24.63, 24.04, 23.92, 23.87, 23.87]
[24.91, 23.55, 23.21, 23.13]
[25.23, 21.88, 17.3, 14.82, 14.06, 13.81]
[25.23, 19.09, 10.86, 9.92, 9.81]
[24.25, 19.16, 12.5, 10.77]
[23.75, 13.24, 5.33, 4.68, 4.52, 4.48]
[25.69, 20.85, 13.0, 9.2, 9.11]
[24.65, 21.15, 16.6, 12.79, 12.21]
[23.77, 3.82, 0.66]
[24.81, 21.94, 19.32, 14.47, 11.64, 11.03, 10.99]
[25.63, 22.16, 18.92, 17.99, 17.66]
[25.46, 23.47, 22.97, 22.73, 22.67]
[23.98, 11.14, 3.55, 3.65]
[26.61, 25.24, 24.65, 24.13, 24.0]
[24.94, 20.27, 16.77, 15.75, 15.74]
[24.7, 21.59, 16.04, 11.66, 10.2, 8.8, 8.76]
[23.8, 9.64, 2.56, 2.51, 1.88]
[24.98, 23.39, 22.64, 22.31, 22.17, 22.14]
[24.36, 15.42, 7.58, 7.11, 7.05]
[25.46, 23.83, 23.12, 22.42, 22.32]
[25.26, 22.98, 22.0, 21.37, 21.26]
[24.04, 13.41, 5.82, 4.77, 4.66]
[25.36, 22.74, 21.48, 20.71, 20.54]
[24.4, 17.64, 8.81, 7.83]
[25.09, 23.09, 22.19, 22.06]
[25.73, 23.24, 20.34, 15.86, 13.87, 13.66]
[24.89, 22.61, 20.53, 18.96, 17.95, 17.94]
[25.03, 22.73, 21.84, 21.68, 21.69]
[25.75, 23.51, 21.96, 21.63, 21.54, 21.48]
[25.41, 23.62, 22.87, 22.69]
[24.35, 21.27, 16.19, 11.8, 7.99, 7.19, 6.53, 6.47]
[24.44, 18.76, 15.23, 13.54, 13.49]
[25.67, 24.66, 24.44, 24.27, 24.22]
[25.23, 22.47, 20.48, 19.8, 19.58, 19.58]
[24.83, 23.2, 22.84, 22.68, 22.59, 22.6, 22.57]
[23.03, 5.69, 0.61, 0.56]
[25.77, 23.93, 23.26, 22.99, 22.93]
[24.92, 22.99, 22.03, 21.58, 21.59]
[25.78, 20.65, 13.66, 10.67, 9.93]
[25.73, 23.0, 21.59, 20.26, 19.63, 19.55]
[26.29, 23.41, 20.74, 19.68, 19.58, 19.51]
[24.92, 22.32, 18.59, 14.77, 12.51, 12.17, 12.14]
[25.59, 22.85, 21.0, 19.52, 19.04, 19.02]
[25.63, 22.58, 21.13, 19.99, 19.21, 19.2]
[23.86, 14.28, 3.2, 2.56]
[25.62, 24.75, 24.41, 24.24, 24.18]
[24.4, 20.04, 14.21, 11.28, 11.17]
[25.23, 22.71, 21.37, 20.81, 20.61]
[25.5, 22.44, 19.64, 17.01, 15.91]
[24.99, 21.69, 17.07, 11.55, 10.2]
[25.18, 22.56, 20.4, 19.57, 19.02, 19.0]
[26.37, 24.67, 24.17, 24.1]
[25.31, 23.81, 23.65, 23.58]
[23.03, 6.28, 1.57, 1.5, 1.39]
[24.72, 18.63, 13.65, 11.31, 11.14]
[25.18, 22.51, 19.14, 17.11, 16.73, 16.61]
[23.47, 11.7, 3.1, 2.89, 2.62]
[24.89, 10.51, 4.92, 3.65, 2.54]
[25.23, 24.37, 24.1]
[24.05, 14.94, 7.0, 6.46, 5.03, 4.97]
[25.31, 23.43, 22.3, 21.98, 21.9, 21.87]
[25.53, 24.04, 23.42, 23.18, 23.18]
[25.34, 21.98, 18.95, 16.68, 15.92, 15.85]
[24.53, 20.75, 14.31, 10.47, 9.76]
[25.59, 23.35, 22.45, 21.58, 21.38, 21.22]
[25.0, 22.37, 21.07, 20.95, 20.94]
[24.92, 21.24, 17.7, 15.14, 14.53, 14.45]
[24.7, 22.74, 21.54, 20.98, 20.83]
[25.48, 21.42, 16.7, 13.61, 12.98]
[25.75, 24.83, 24.34, 24.29, 24.29]
[23.14, 12.66, 3.01, 2.47, 2.04]
[24.62, 20.58, 16.81, 15.48, 15.33]
[25.24, 23.07, 22.0, 21.46, 21.36, 21.36]
[23.74, 7.75, 0.65, 0.63]
[25.82, 23.84, 23.08, 22.93, 22.84]
[25.53, 22.49, 19.9, 17.91, 17.83]
[26.06, 23.76, 22.85, 22.49, 22.5]
[23.84, 15.73, 8.5, 7.72, 7.63]
[25.56, 22.81, 21.02, 19.76, 18.85, 18.53, 18.45]
[24.65, 16.67, 7.67, 7.16]
[24.36, 20.27, 16.9, 15.38, 14.43, 14.24, 14.21]
[24.9, 19.44, 14.15, 12.13, 10.6]
[24.98, 21.38, 18.91, 17.0, 16.51]
[25.25, 23.29, 23.08, 22.96, 22.92]
[23.69, 6.11, 2.22, 2.29]
[24.96, 21.97, 19.15, 17.58, 17.2, 17.11]
[25.62, 23.32, 22.77, 22.73]
[25.08, 19.77, 14.45, 12.48, 11.84, 11.82]
[23.62, 10.59, 3.78, 3.14, 1.39]
[25.03, 21.04, 16.18, 12.65, 11.92]
[26.04, 23.39, 21.25, 20.47, 20.09, 20.04, 19.98, 19.9]
[25.12, 23.87, 23.34]
[24.67, 20.16, 14.39, 11.74, 11.46]
[24.57, 21.93, 20.34, 19.94, 19.93]
[24.48, 20.58, 13.98, 10.87, 10.73]
[25.35, 23.88, 23.52, 23.47, 23.43, 23.39]
[25.83, 23.74, 22.53, 22.01, 21.83, 21.76]
[25.78, 22.37, 18.15, 15.56, 15.21]
[24.91, 21.46, 19.36, 17.81, 17.05, 17.04]
[25.62, 23.98, 23.33, 22.96, 22.9]
[23.15, 4.15, 1.29]
[24.65, 21.09, 16.91, 13.2, 12.98]
[24.63, 17.93, 8.24, 6.26, 4.19]
[25.6, 23.19, 21.61, 21.35, 21.28]
[26.37, 25.5, 25.35, 25.32, 25.33]
[25.56, 24.02, 23.43, 23.21, 23.11]
[23.72, 5.26, 0.53, 0.5]
[24.89, 21.79, 19.15, 17.71, 16.95, 16.87]
[24.39, 11.36, 5.55, 5.51, 5.14]
[25.68, 24.64, 24.34, 24.18]
[24.36, 16.87, 10.94, 9.86]
[24.52, 22.52, 21.88, 21.75, 21.71]
[25.59, 20.17, 11.61, 9.28, 9.12]
[24.09, 12.71, 2.43, 2.33]
[24.41, 17.99, 11.05, 9.19, 9.07]
[25.45, 20.91, 17.6, 15.98, 15.68]
[26.19, 24.43, 23.29, 22.52, 22.06, 22.03, 21.97]
[25.45, 22.9, 21.54, 20.73, 20.47]
[23.29, 11.13, 3.35, 3.4]
[24.47, 20.67, 16.83, 15.29, 15.14, 15.11]
[25.6, 23.15, 22.57, 22.28, 22.0]
[24.79, 22.49, 21.75, 21.65, 21.65]
[24.92, 23.17, 22.83, 22.72, 22.65]
[25.87, 23.93, 23.16, 22.85, 22.6]
[23.55, 5.88, 0.49, 0.36]
[25.41, 23.04, 18.6, 14.15, 13.33]
[25.56, 22.71, 20.52, 18.56, 17.41, 16.35, 16.01]
[24.6, 20.11, 13.84, 10.0, 9.24]
[24.92, 21.97, 19.84, 16.55, 14.45, 14.25]
[26.01, 25.07, 24.68]
[24.38, 18.8, 13.55, 8.99, 8.57, 7.85]
[25.33, 24.0, 23.69, 23.69, 23.66]
[23.43, 14.08, 5.94, 4.51]
[25.18, 20.33, 14.68, 11.9, 11.75]
[25.24, 22.77, 21.18, 20.36, 19.84]
[25.34, 24.43, 24.06, 23.99]
[25.43, 23.13, 19.41, 16.88, 15.9, 15.7, 15.63]
[25.16, 17.51, 8.22, 6.26, 6.01]
[24.46, 20.89, 17.17, 12.76, 10.12, 8.55, 8.26]
[25.85, 24.45, 23.73, 23.74, 23.74]
[25.58, 24.21, 23.33, 23.03, 22.96]
[24.75, 12.11, 4.28, 4.41]
[26.01, 23.66, 22.7, 22.38, 22.26, 22.15]
[25.55, 23.21, 22.02, 21.52, 21.42]
[23.91, 9.6, 1.47, 1.47]
[25.69, 23.27, 21.82, 20.85, 20.62, 20.51]
[24.09, 13.82, 6.09, 5.7]
[24.69, 12.72, 6.84, 5.27]
[24.09, 16.29, 5.92, 4.23, 4.05]
[25.17, 23.31, 22.05, 21.69, 21.38, 21.31]
[25.45, 24.28, 24.18, 24.19]
[24.39, 9.74, 4.43, 2.49]
[25.18, 21.47, 18.55, 16.45, 15.77, 15.54]
[25.13, 22.68, 21.0, 19.19, 17.85, 16.97, 16.96]
[25.27, 23.52, 22.13, 20.62, 20.16, 20.16]
[24.6, 22.43, 20.89, 19.61, 19.46, 19.45, 19.37]
[24.32, 21.46, 18.32, 15.14, 13.05, 12.86]
[25.75, 23.1, 20.24, 17.82, 17.31, 17.2]
[24.79, 20.7, 14.7, 10.95, 7.84]
[25.81, 19.99, 14.92, 13.99, 13.34]
[25.43, 21.21, 16.84, 14.36, 14.06]
[25.18, 22.76, 20.36, 17.62, 15.37, 14.8]
[26.0, 25.37, 25.19]
[25.75, 23.75, 21.89, 20.97, 20.52, 20.32]
[26.08, 22.04, 17.27, 15.75, 15.05]
[24.27, 20.9, 14.34, 11.06, 9.56, 8.97]
[22.32, 0.73, 0.56]
[26.18, 24.88, 24.46, 24.41]
[24.38, 19.59, 13.57, 12.01, 11.84]
[25.21, 22.01, 20.23, 19.12, 18.71, 18.65]
[23.9, 12.08, 4.59, 3.01, 1.28]
[23.8, 11.44, 3.64, 3.28]
[25.54, 22.23, 19.99, 17.75, 17.14]
[24.36, 15.42, 7.24, 6.62, 6.45]
[24.07, 19.05, 12.99, 7.57, 6.92, 6.83]
[24.31, 19.42, 12.21, 10.37, 10.34]
[25.65, 23.14, 20.71, 18.6, 17.47, 17.44]
[25.75, 18.8, 10.94, 8.44]
[24.87, 22.02, 19.66, 18.22, 17.66, 17.58]
[25.5, 21.41, 18.71, 17.59, 16.99, 16.86]
[25.54, 21.67, 16.42, 13.7]
[24.7, 17.17, 8.84, 7.88, 7.73]
[24.92, 18.92, 11.13, 6.39, 5.12, 3.83]
[24.83, 21.15, 14.71, 11.02, 10.2]
[24.9, 22.48, 20.91, 20.18, 19.96]
[26.06, 24.24, 23.97, 23.85]
[24.22, 22.88, 22.25, 22.08]
[25.77, 23.69, 23.12, 23.09]
[24.69, 23.13, 21.97, 21.72, 21.68]
[24.49, 18.6, 9.2, 6.53, 6.31]
[25.41, 23.4, 22.36, 21.76, 21.68]
[25.3, 23.62, 23.04, 22.99]
[25.97, 24.64, 24.49, 24.39]
[24.59, 11.93, 4.09, 3.88]
[25.84, 24.32, 23.38, 23.3]
[25.57, 22.48, 19.72, 17.68, 17.02, 16.81, 16.31, 16.29]
[24.86, 21.47, 17.48, 15.18, 14.05, 13.94]
[24.23, 21.86, 18.55, 16.03, 15.39, 15.22]
[25.85, 24.28, 23.59, 23.42]
[24.82, 20.67, 14.96, 10.24, 9.57, 9.52]
