[28.86, 25.72, 11.14, 4.0, 3.67]
[29.0, 27.41, 19.63, 9.42, 6.86]
[29.17, 28.15, 23.94, 14.67, 9.97, 9.37, 9.33]
[29.37, 29.19, 28.92, 28.85, 28.84]
[29.48, 28.93, 28.04, 26.55, 25.48, 24.79, 24.72]
[29.58, 29.25, 28.84, 28.69, 28.68]
[29.43, 29.16, 28.91, 28.8, 28.8]
[29.63, 29.5, 29.31, 29.23]
[29.39, 28.55, 25.72, 20.08, 15.16, 13.87, 13.83]
[28.92, 27.62, 22.14, 13.05, 9.09, 8.74]
[29.6, 29.54, 29.45, 29.4]
[29.42, 29.29, 29.15, 29.14]
[29.37, 29.17, 28.85, 28.79, 28.75]
[29.55, 29.3, 28.82, 28.61, 28.58, 28.56]
[29.35, 28.55, 26.18, 21.96, 17.49, 15.59, 15.4]
[29.33, 28.93, 28.21, 27.73, 27.66]
[29.45, 28.91, 27.69, 25.51, 22.55, 20.5, 19.89]
[29.02, 25.9, 9.76, 2.15, 1.94, 1.87]
[29.38, 28.73, 26.57, 22.36, 17.63, 15.71, 15.37, 15.34]
[29.72, 29.28, 28.73, 28.38, 28.35]
[29.43, 29.07, 28.57, 28.3, 28.21, 28.2]
[29.33, 28.95, 28.45, 28.24, 28.16]
[29.31, 28.48, 26.12, 20.55, 14.81, 12.48, 12.34]
[29.45, 28.8, 26.96, 23.69, 18.96, 15.8, 15.22, 15.12]
[29.4, 29.03, 28.46, 28.11, 28.06]
[29.27, 28.85, 27.74, 26.36, 25.57, 25.18, 25.09, 25.07]
[29.2, 28.49, 26.12, 20.49, 14.69, 13.17, 12.81, 12.72, 12.71]
[29.81, 29.46, 28.96, 28.81, 28.81]
[29.15, 27.41, 18.63, 7.73, 5.75, 5.71]
[29.14, 28.51, 26.96, 23.79, 18.76, 15.37, 14.8, 14.79]
[29.46, 29.04, 28.07, 26.44, 25.02, 24.28, 24.05, 23.95]
[29.63, 29.4, 29.1, 29.02, 28.99]
[29.48, 28.7, 26.46, 21.83, 15.55, 13.61, 13.3]
[29.39, 28.68, 26.5, 22.22, 16.78, 14.18, 13.94]
[29.47, 29.17, 28.69, 28.54, 28.52]
[29.41, 28.91, 27.24, 23.71, 19.05, 16.0, 15.47, 15.45]
[29.28, 28.89, 28.31, 27.98, 27.9, 27.88]
[28.78, 26.69, 15.69, 5.41, 4.63]
[29.13, 26.92, 15.48, 7.19, 6.49, 6.4, 6.35]
[29.43, 28.85, 27.69, 25.22, 22.18, 19.93, 19.31, 19.27]
[29.61, 29.06, 28.55, 28.24, 28.18]
[29.01, 26.87, 15.36, 4.43, 3.91, 3.87]
[29.49, 28.95, 27.87, 26.85, 26.41, 26.29]
[29.19, 28.01, 23.11, 14.39, 10.57, 10.14]
[29.36, 28.95, 28.01, 26.97, 26.45, 26.38]
[29.09, 28.04, 24.39, 17.52, 11.55, 10.52]
[29.43, 29.12, 28.6, 28.38, 28.29]
[29.79, 29.66, 29.38, 29.35, 29.34]
[29.56, 29.07, 28.52, 28.02, 27.9, 27.88]
[29.03, 26.73, 14.2, 5.25, 4.65]
[29.43, 28.66, 25.43, 19.04, 13.97, 13.26, 13.06]
[29.03, 27.21, 19.3, 10.48, 8.71]
[29.26, 28.78, 27.7, 25.71, 23.7, 22.3, 21.82, 21.75, 21.75]
[29.65, 29.39, 29.07, 28.97]
[29.61, 29.38, 28.98, 28.85, 28.83]
[29.25, 28.38, 25.18, 18.51, 13.9, 12.98, 12.84, 12.83]
[29.91, 29.7, 29.48, 29.43]
[29.06, 28.12, 24.63, 18.22, 13.6, 12.37]
[29.43, 28.98, 28.21, 27.59, 27.49, 27.46]
[29.29, 28.61, 25.91, 18.35, 12.23, 10.99, 10.83]
[29.26, 28.82, 27.57, 25.57, 22.52, 19.77, 18.57, 18.26]
[29.67, 29.47, 29.27, 29.24, 29.23]
[29.45, 29.34, 29.16, 29.11]
[29.3, 27.95, 22.05, 12.52, 9.07, 8.66]
[29.17, 28.53, 26.11, 21.02, 15.74, 13.42, 13.19]
[29.48, 29.35, 29.12, 29.01]
[29.58, 29.36, 29.01, 28.9, 28.89]
[28.82, 26.44, 13.54, 3.05, 2.44]
[29.08, 26.87, 13.89, 4.81, 4.36, 4.32]
[29.48, 29.16, 28.77, 28.52, 28.5, 28.5, 28.49]
[28.95, 25.99, 11.45, 3.6, 3.4, 3.37]
[29.4, 29.19, 28.82, 28.75]
[29.05, 27.12, 18.83, 8.38, 6.37, 6.3]
[29.41, 28.65, 25.28, 18.57, 14.44, 13.68, 13.63]
[29.36, 29.25, 28.9, 28.84]
[29.01, 27.74, 22.89, 13.97, 10.91, 10.74]
[29.46, 29.15, 28.69, 28.51, 28.48, 28.47]
[29.26, 28.08, 23.42, 13.54, 8.47, 7.88, 7.71, 7.47]
[29.69, 29.46, 29.07, 28.9, 28.88, 28.87]
[28.86, 25.93, 10.11, 3.97, 3.64, 3.58]
[29.34, 28.94, 28.32, 28.06, 27.98]
[29.58, 29.3, 28.98, 28.88, 28.87]
[29.15, 27.29, 17.11, 6.83, 5.99]
[29.16, 26.98, 13.95, 5.29, 4.53]
[29.25, 28.74, 27.44, 24.81, 20.94, 18.15, 17.67, 17.63]
[29.26, 28.38, 24.89, 17.53, 11.96, 11.08, 11.07]
[29.45, 29.04, 28.19, 27.69, 27.61, 27.56]
[29.71, 29.32, 28.88, 28.66, 28.63, 28.62]
[29.59, 29.41, 29.15, 29.05, 29.04]
[29.66, 29.52, 29.27, 29.21]
[29.53, 28.8, 26.87, 22.2, 16.27, 14.01, 13.55, 13.51]
[29.12, 28.03, 24.35, 17.08, 13.04, 11.85, 11.8]
[29.49, 29.14, 28.61, 28.37, 28.36, 28.33]
[29.57, 29.44, 29.25, 29.2]
[28.94, 26.45, 12.16, 3.27, 2.93]
[29.36, 28.76, 27.87, 27.17, 26.96, 26.9]
[29.6, 28.79, 25.87, 19.29, 13.62, 11.23, 10.81]
[29.3, 28.7, 27.32, 25.19, 22.16, 20.31, 19.83, 19.71, 19.68]
[29.11, 28.24, 24.8, 18.05, 13.01, 11.98, 11.9, 11.74]
[29.49, 28.94, 26.91, 22.66, 17.48, 15.35, 15.09, 15.07]
