[37.5, 35.06, 15.94, 1.29]
[37.43, 33.76, 5.22, 1.47]
[38.12, 37.98, 37.02, 26.25, 3.08, 1.96]
[37.9, 35.83, 21.31, 3.54, 2.37]
[37.32, 33.81, 5.01, 0.85]
[37.84, 30.54, 4.83, 2.8]
[37.68, 28.72, 0.76]
[37.77, 35.15, 5.02, 0.35, 0.28]
[38.33, 37.88, 32.96, 14.99, 7.45, 6.93]
[36.82, 29.21, 0.04]
[37.53, 35.41, 8.28, 0.19, 0.14]
[37.36, 35.05, 16.78, 4.11, 2.39]
[38.29, 38.12, 34.9, 8.59, 0.36]
[37.85, 36.23, 22.85, 13.5, 9.84]
[38.23, 37.02, 32.06, 11.76, 7.86]
[38.12, 37.31, 33.9, 12.19, 2.03]
[38.0, 37.58, 28.4, 3.24, 0.58]
[38.39, 38.01, 37.4, 29.31, 5.73, 1.37]
[37.51, 36.66, 24.72, 0.31]
[38.04, 37.34, 30.29, 5.37, 1.71]
[37.62, 35.18, 19.21, 1.16, 1.03, 0.65]
[37.91, 36.91, 31.59, 5.22, 2.29, 2.25]
[37.54, 36.15, 21.53, 2.47, 2.04]
[38.01, 37.69, 36.28, 30.39, 10.58, 6.38, 5.4]
[37.73, 35.89, 18.43, 1.27, 0.92]
[38.45, 37.9, 35.34, 17.88, 8.14, 6.22]
[38.4, 37.59, 30.92, 17.07, 7.01]
[37.94, 34.5, 7.02, 0.51]
[37.5, 34.72, 6.16, 0.88, 0.75]
[38.1, 37.94, 34.82, 8.06, 2.36, 2.36]
[37.59, 35.61, 20.96, 0.49]
[38.13, 36.18, 23.2, 6.72, 6.16]
[37.72, 37.04, 31.45, 3.19, 0.83]
[37.9, 37.58, 33.91, 2.93, 1.72]
[37.62, 37.33, 32.83, 14.32, 4.49, 3.8]
[37.64, 31.21, 0.49]
[37.68, 35.69, 16.85, 0.61]
[38.23, 38.28, 38.13, 38.03]
[38.35, 38.29, 36.4, 25.78, 7.34, 2.49]
[38.16, 38.18, 37.71, 37.22, 36.88, 36.89, 36.72]
[37.82, 29.29, 1.11, 0.72]
[38.29, 38.1, 37.61, 37.35]
[37.09, 30.13, 0.28]
[36.59, 27.81, 1.24, 1.03]
[37.87, 37.11, 32.68, 17.98, 3.69, 3.31]
[37.34, 33.16, 2.54, 2.09, 1.97]
[37.99, 37.22, 23.61, 9.82, 7.58, 7.37, 6.85]
[38.17, 38.04, 36.73, 30.67, 12.14, 6.38, 5.47]
[38.13, 37.51, 33.87, 22.26, 11.34, 9.13, 8.89]
[37.25, 32.2, 11.61, 4.02, 4.05]
[38.04, 37.0, 25.28, 1.99, 1.47]
[37.98, 37.36, 34.59, 22.69, 1.73]
[37.54, 36.66, 28.17, 2.02, 0.9]
[37.43, 28.46, 0.15]
[37.4, 36.62, 21.05, 0.3]
[38.04, 37.39, 33.31, 12.34, 5.64, 5.24]
[37.24, 30.85, 0.81, 0.58]
[37.92, 35.73, 25.49, 3.61, 2.83]
[38.11, 37.74, 31.23, 5.77, 3.18, 2.91]
[38.21, 37.63, 36.26, 30.39, 11.47, 4.42, 4.14, 3.17]
[38.29, 38.24, 36.82, 29.44, 12.44, 7.25, 6.65, 6.39]
[38.11, 37.41, 30.62, 11.16, 4.38, 4.21]
[37.99, 37.46, 34.1, 19.16, 1.69]
[38.29, 38.2, 37.87, 36.11, 26.55, 1.04, 0.76]
[37.58, 31.76, 3.05, 0.88]
[38.25, 38.24, 38.25, 38.26, 38.1]
[37.67, 35.33, 20.18, 3.41, 3.0, 1.85]
[37.9, 37.43, 28.11, 0.78, 0.44]
[37.97, 37.62, 34.31, 20.59, 8.05, 6.44]
[38.1, 36.53, 26.75, 8.42, 6.89, 6.73]
[37.82, 37.87, 35.9, 19.02, 7.78, 5.93, 5.72]
[38.62, 38.43, 37.71, 36.78, 31.79, 23.05, 16.79, 13.54, 12.33]
[37.56, 34.75, 11.1, 0.92, 0.8, 0.53]
[37.48, 28.07, 1.37, 1.1]
[37.84, 37.3, 31.02, 9.02, 6.14, 5.83]
[38.24, 37.84, 33.85, 19.34, 11.84, 9.76]
[37.43, 34.84, 13.24, 1.13, 0.73]
[37.77, 34.33, 8.76, 1.96]
[38.09, 38.02, 37.63, 37.03, 36.27, 35.69, 30.89, 16.9, 7.97, 7.41, 6.49]
[37.58, 34.3, 12.18, 3.44]
[37.97, 37.07, 29.54, 9.83, 5.58, 3.41]
[38.06, 36.99, 31.83, 12.03, 6.71, 6.03, 5.82]
[37.95, 35.79, 16.3, 3.84, 3.2]
[38.78, 38.95, 38.67, 38.3, 37.82, 37.57, 36.82, 36.55]
[36.32, 12.63, 0.26, 0.15]
[37.97, 36.65, 32.11, 15.88, 8.66, 8.45]
[38.48, 38.54, 38.61, 38.5, 38.21]
[38.09, 37.76, 37.05, 34.68, 13.93, 5.63, 5.27]
[37.7, 32.68, 9.2, 1.94, 1.71, 0.59]
[37.8, 35.97, 21.89, 10.31, 9.13]
[38.23, 38.14, 37.61, 36.1, 26.59, 10.01, 6.24, 5.93]
[38.32, 37.68, 32.32, 9.38, 3.72, 3.51]
[37.43, 34.89, 15.26, 1.76]
[38.39, 38.39, 37.34, 27.99, 10.77, 7.46]
[37.7, 35.27, 10.8, 2.35]
[37.75, 36.16, 22.17, 1.92, 1.62]
[37.85, 34.95, 10.25, 4.16, 3.97, 3.53]
[37.25, 30.85, 1.64, 1.28, 1.18]
[37.26, 28.93, 0.4]
[38.02, 36.69, 23.61, 2.93, 1.39]
[37.58, 35.63, 19.31, 0.66]
[38.38, 38.25, 38.09, 38.03, 38.03, 37.9]
[37.07, 32.94, 7.87, 1.73, 1.7]
[38.39, 38.37]
[37.84, 33.91, 5.06, 0.41, 0.17]
[38.04, 37.88, 36.45, 29.02, 17.05, 13.01, 11.93, 11.43]
[37.71, 35.65, 3.52, 1.02]
[38.54, 38.39, 37.78, 37.77, 37.34]
[38.04, 37.61, 34.75, 23.35, 9.68, 8.57]
[38.02, 37.64, 35.22, 22.08, 1.46, 1.16]
[37.45, 31.41, 2.6, 1.49]
[38.67, 38.66, 38.65, 38.54]
[37.05, 29.96, 1.04, 0.79]
[37.66, 36.85, 26.6, 1.85, 1.21]
[38.24, 37.54, 34.36, 19.5, 10.14, 8.51]
[37.76, 36.65, 28.5, 3.97, 1.19]
[37.02, 27.4, 0.13]
[38.04, 36.79, 31.28, 6.02, 2.77]
[37.33, 33.76, 7.88, 0.41, 0.36]
[37.68, 35.58, 14.49, 1.39]
[37.84, 37.46, 32.85, 8.99, 5.66, 5.43]
[37.54, 33.46, 10.46, 1.46]
[37.35, 26.94, 2.98, 1.87]
[37.17, 23.87, 0.18]
[38.42, 38.52, 38.29, 37.87, 37.56, 37.54, 37.36]
[38.29, 37.74, 34.02, 20.82, 9.82, 9.21]
[37.93, 36.56, 21.47, 2.13, 1.84]
[37.31, 29.42, 0.73]
[38.25, 37.62, 24.96, 2.53, 2.16]
[37.83, 36.28, 18.79, 3.48]
[38.52, 38.35, 38.32, 38.15, 38.04]
[38.11, 37.06, 30.64, 4.6, 2.66]
[38.39, 38.17, 34.78, 18.49, 5.11, 3.88, 3.28, 1.91]
[38.21, 37.87, 35.22, 25.22, 11.94, 6.26, 6.06]
[36.86, 20.78, 0.12, 0.07]
[37.3, 30.7, 0.15]
[38.2, 37.88, 33.4, 11.66, 1.13]
[38.03, 37.14, 20.56, 9.46, 7.91, 7.21]
[37.57, 28.34, 0.58]
[38.02, 36.85, 28.79, 14.14, 8.28, 8.07]
[37.53, 29.04, 4.15, 2.59]
[37.02, 30.39, 3.0, 0.43]
[37.61, 29.97, 5.74, 3.36]
[38.09, 36.05, 14.32, 2.24]
[37.7, 34.08, 5.85, 2.21]
[38.16, 37.32, 34.05, 17.29, 0.49, 0.13]
[37.84, 34.73, 18.03, 6.25, 6.42]
[38.73, 38.61, 38.37]
[37.78, 35.42, 15.67, 2.36, 2.08]
[37.36, 32.1, 3.1, 0.68]
[38.24, 37.49, 35.39, 20.77, 12.56, 8.67]
[36.98, 24.22, 0.15]
[37.99, 35.26, 14.97, 7.52]
[36.85, 24.1, 0.13]
[38.3, 37.47, 31.84, 11.48, 0.43]
[37.77, 36.12, 27.73, 4.22, 2.93, 1.9]
[38.28, 38.25, 37.68, 35.77, 25.3, 10.68, 8.68, 8.44]
[37.66, 37.22, 30.76, 7.43, 0.12, 0.03]
[38.09, 38.0, 32.75, 19.52, 16.56]
[38.08, 37.81, 36.58, 23.96, 1.92, 1.42]
[37.98, 37.09, 29.89, 13.69, 4.85, 4.1]
[37.73, 36.47, 23.43, 0.92]
[37.39, 34.45, 20.38, 1.24, 0.83]
[37.49, 35.03, 8.62, 2.12, 1.98]
[37.98, 37.09, 30.09, 8.68, 2.32]
[37.59, 35.51, 15.48, 1.43]
[37.34, 30.42, 1.69, 1.05]
[38.36, 38.11, 35.61, 19.98, 5.8, 3.11]
[37.94, 37.13, 31.07, 10.32, 3.52]
[37.95, 37.15, 28.63, 6.95, 4.08]
[38.22, 38.12, 37.64, 37.62, 37.39]
[37.71, 36.36, 26.59, 7.27, 5.34]
[38.19, 37.5, 30.46, 12.2, 6.5, 6.07]
[38.21, 37.83, 35.36, 24.6, 18.45, 14.39, 13.97]
[37.6, 34.36, 5.69, 1.09, 0.93]
[37.49, 34.33, 13.19, 0.79, 0.68]
[37.48, 32.25, 15.01, 4.35, 4.15]
[37.81, 36.68, 26.59, 1.66, 1.0]
[37.64, 34.3, 13.2, 1.71]
[37.5, 30.62, 2.62, 1.34]
[37.83, 37.44, 33.93, 22.4, 13.59, 12.52]
[37.58, 34.3, 8.65, 2.34]
[37.7, 37.22, 32.99, 20.39, 5.88, 4.61]
[36.71, 24.1, 1.6, 1.16, 1.05]
[37.44, 33.27, 1.25, 0.79]
[38.13, 37.78, 31.74, 6.2, 2.92]
[37.4, 35.02, 10.34, 0.31]
[38.17, 38.15, 38.02, 30.58, 10.33, 1.84]
[37.99, 36.04, 15.77, 4.67, 4.23, 3.95, 1.73]
[37.65, 33.64, 10.97, 1.96]
[37.57, 36.24, 28.59, 3.71, 1.44]
[38.14, 37.09, 33.98, 16.53, 8.77]
[38.21, 36.81, 24.93, 0.51]
[37.74, 37.09, 28.41, 2.08, 0.86]
[38.34, 38.25, 37.63, 37.51]
[37.95, 36.33, 21.12, 1.89, 1.67]
[38.16, 36.55, 25.3, 4.33, 2.86]
[37.55, 35.01, 16.91, 1.84, 1.2]
[37.71, 37.06, 28.79, 7.55, 3.48, 3.27]
[38.43, 37.91, 32.23, 21.47, 13.49, 12.04]
[37.94, 37.23, 32.69, 14.14, 0.2]
[38.11, 37.1, 30.28, 14.3, 5.49, 5.28]
[37.79, 35.33, 16.26, 2.5]
[37.82, 36.74, 25.61, 4.0, 2.42]
[36.37, 12.62, 0.11]
[37.33, 33.76, 13.91, 0.17]
[37.95, 37.61, 33.25, 8.83, 4.68, 4.32]
[38.03, 37.63, 34.58, 17.8, 1.06]
[37.12, 25.57, 0.51]
[36.75, 22.69, 0.35]
[37.89, 36.87, 18.07, 7.93, 7.47]
[37.11, 29.53, 0.8, 0.53]
[37.73, 37.5, 34.11, 22.7, 8.99, 7.0]
[38.3, 38.29, 38.11, 37.73, 37.74]
[37.84, 35.31, 21.25, 12.39, 8.66]
[37.87, 37.81, 34.0, 16.08, 8.78, 8.34, 8.18]
[38.29, 38.17, 35.53, 23.38, 2.07]
[38.1, 37.28, 32.33, 13.42, 6.95, 5.61]
[37.94, 37.65, 32.18, 11.92, 4.74, 3.97]
[38.33, 38.35, 37.8, 30.93, 15.47, 9.74, 9.23]
[38.14, 37.81, 36.4, 27.72, 10.12, 6.65, 6.39]
[38.25, 38.01, 37.54, 32.9, 13.89, 8.1, 7.58]
[38.1, 37.66, 31.91, 14.82, 7.54, 7.24]
[37.13, 28.63, 0.42, 0.32]
[37.3, 35.22, 14.53, 5.31, 4.62]
[37.61, 36.03, 16.43, 0.78, 0.64]
[37.79, 36.29, 22.76, 1.83, 1.53]
[37.71, 33.19, 6.14, 3.07]
[38.26, 35.82, 18.96, 1.33, 1.14]
[37.94, 37.65, 33.37, 16.5, 8.01, 6.47]
[37.72, 37.03, 31.69, 13.19, 9.1]
[38.25, 38.11, 37.98, 37.73, 37.56]
[38.27, 37.83, 31.49, 3.02, 1.93]
[37.57, 35.48, 13.57, 0.29, 0.19]
[37.41, 32.44, 11.18, 4.99]
[36.54, 22.71, 0.08]
[38.3, 38.0, 37.03, 35.56, 28.98, 14.64, 8.5, 7.01]
[38.11, 37.08, 28.48, 8.08, 2.87]
[38.13, 37.21, 33.97, 24.85, 13.0, 10.22]
[37.91, 34.88, 14.72, 7.94, 6.79, 3.25]
[37.91, 36.83, 22.39, 6.06, 4.69, 2.65]
[37.91, 37.03, 33.17, 7.39, 1.39]
[37.43, 28.72, 1.1, 0.45]
[37.73, 36.89, 25.63, 1.01]
[38.71, 38.03, 28.12, 10.9, 4.2]
[38.39, 38.16, 37.53, 24.61, 7.55, 5.31]
[38.53, 38.47, 38.34, 38.19]
[37.86, 36.49, 29.37, 11.46, 6.48]
[37.79, 36.92, 26.68, 12.93, 5.66]
[38.39, 38.48, 38.45, 38.32]
[37.96, 37.85, 37.17, 26.2, 1.82, 0.62, 0.5]
[38.01, 37.91, 37.49, 37.2]
[37.24, 33.34, 2.21, 0.78]
[38.14, 37.75, 35.19, 18.31, 6.95, 6.75]
[37.19, 31.77, 0.57, 0.38]
[38.37, 36.91, 26.26, 3.14, 2.35]
[37.99, 37.09, 22.02, 0.16]
[38.22, 37.3, 30.38, 13.04, 8.08, 7.5]
[38.25, 38.21, 33.63, 21.47, 13.2, 11.6]
[37.29, 32.74, 2.03, 1.64]
[37.55, 35.28, 11.45, 0.24]
[37.03, 24.74, 0.06]
[38.22, 38.2, 36.62, 18.94, 2.72]
[38.02, 37.74, 37.41, 37.37, 37.28]
[38.09, 37.99, 36.77, 31.52, 11.65, 7.65, 6.48]
[37.81, 35.75, 14.16, 1.47, 1.45]
[38.1, 38.09, 37.13, 22.41, 3.0, 2.8]
[38.08, 36.86, 22.73, 0.52]
[38.0, 37.44, 31.47, 9.93, 2.97, 2.53]
[38.09, 36.89, 24.42, 3.0, 2.73]
[37.13, 28.62, 0.42]
[37.89, 37.38, 33.57, 16.39, 1.12, 0.72]
[37.54, 30.31, 1.59, 1.36]
[37.2, 33.12, 6.35, 0.18, 0.13]
[37.31, 26.92, 1.61, 1.6]
[38.42, 38.19, 36.36, 28.17, 7.29, 3.58]
[38.18, 38.17, 37.57, 37.29, 37.06, 37.03, 36.86]
[37.48, 34.01, 8.24, 1.52, 1.32]
[37.38, 31.86, 10.53, 2.8, 2.19]
[37.94, 38.02, 38.02, 38.02, 37.69]
[37.76, 33.34, 1.41, 1.03]
[37.65, 33.3, 10.68, 3.72, 2.78]
[37.98, 37.25, 31.97, 19.68, 10.1, 8.05, 5.76]
[38.54, 37.99, 35.33, 25.09, 12.57, 8.36, 6.65, 6.41]
[37.83, 37.19, 32.03, 5.28, 2.3]
[37.07, 31.34, 0.89]
[37.57, 34.09, 9.37, 1.0, 0.94]
[37.45, 33.33, 9.44, 2.18, 2.17]
[37.19, 33.98, 11.25, 0.64, 0.47]
[38.08, 37.78, 35.41, 23.45, 4.79, 4.39]
[38.2, 37.72, 34.59, 23.1, 8.97, 5.74]
[38.11, 37.66, 34.44, 20.05, 8.42, 5.82]
[37.81, 34.44, 10.94, 1.14, 0.98, 0.86, 0.54]
[37.37, 31.92, 1.92, 1.46]
[38.12, 38.05, 37.48, 33.41, 13.92, 5.06, 3.29]
[37.84, 33.37, 11.27, 5.61, 4.19]
[37.51, 35.12, 13.95, 0.83]
[38.23, 37.58, 34.6, 23.06, 4.94, 4.33]
[37.72, 36.8, 29.26, 5.22, 4.55]
[37.6, 33.81, 21.25, 3.78, 2.56]
[37.59, 33.07, 10.43, 1.68, 1.65]
[37.22, 31.04, 2.97, 0.46]
[38.39, 37.74, 33.47, 14.29, 9.55, 8.44]
[37.4, 36.33, 17.54, 0.55, 0.42]
[38.12, 38.0, 34.1, 18.62, 9.77, 8.0]
[38.08, 37.77, 33.83, 15.44, 5.15, 3.76]
[37.65, 33.59, 10.01, 5.44, 4.51]
[37.48, 36.13, 22.57, 5.67, 4.16]
[37.71, 35.28, 17.74, 3.72]
[37.67, 36.51, 28.03, 7.31, 2.83, 2.29]
[37.33, 31.99, 11.39, 5.54, 5.3]
[37.86, 35.22, 17.38, 0.69]
[38.57, 38.63, 37.75, 37.4, 36.51, 33.42, 24.76, 13.06, 11.62]
[37.52, 36.07, 26.75, 2.07, 1.33, 0.92]
[38.54, 38.53, 38.47, 38.46, 38.37]
[38.13, 37.81, 36.37, 32.23, 25.44, 15.33, 5.92, 5.48, 4.16]
[38.58, 38.42, 38.1, 38.03]
[37.92, 37.23, 30.72, 1.77]
[37.53, 32.28, 1.01, 0.37]
[38.17, 38.2, 35.35, 18.73, 7.57, 4.52]
[37.04, 29.45, 0.5]
[37.82, 35.32, 14.24, 2.43]
[37.21, 34.57, 10.43, 0.51, 0.46]
[37.8, 37.12, 25.44, 2.28, 1.72]
[37.87, 37.64, 35.18, 22.61, 4.96, 4.32]
[38.06, 37.82, 35.88, 26.02, 15.58, 10.17, 8.17, 7.12, 6.92]
[38.09, 37.79, 34.47, 21.65, 2.23, 1.72]
[38.33, 38.12, 36.82, 27.22, 6.6, 4.36]
[37.93, 36.7, 30.7, 5.94, 1.44]
[37.9, 36.24, 25.99, 4.64, 2.79, 2.59, 1.87]
[37.87, 36.57, 27.24, 8.64, 3.91, 3.71]
[38.5, 38.42, 37.88, 33.56, 3.63, 3.25]
[38.1, 37.2, 31.54, 14.04, 8.5, 7.58]
[37.83, 37.47, 36.25, 22.84, 7.76, 5.5]
[37.77, 34.47, 10.29, 0.5]
[38.1, 37.1, 30.92, 12.2, 2.44, 1.17]
[38.24, 37.83, 31.91, 12.44, 9.91, 8.74, 8.22]
[37.8, 36.38, 18.63, 1.0]
[38.19, 38.02, 38.15, 38.12, 38.04]
[37.89, 37.58, 33.7, 7.56, 5.66, 4.94]
[38.04, 37.46, 36.51, 28.74, 18.02, 9.54, 9.29]
[37.8, 36.13, 24.55, 5.75, 4.77]
[37.46, 36.45, 20.39, 0.09]
[37.83, 34.94, 10.29, 7.97]
[37.53, 31.47, 3.68, 1.5]
[38.05, 37.87, 36.81, 32.73, 14.6, 1.78]
[37.77, 36.24, 19.94, 0.78]
[37.89, 37.41, 33.65, 13.53, 2.16, 1.76]
[37.57, 35.03, 11.79, 2.03]
[37.71, 34.62, 10.65, 1.84, 1.82]
[38.05, 37.17, 31.15, 14.52, 8.83, 8.57]
[38.39, 38.26, 36.21, 25.97, 8.23, 6.61]
[37.89, 37.54, 29.95, 10.14, 4.78, 3.71]
[37.07, 20.45, 0.22, 0.14]
[37.1, 24.29, 0.15]
[37.63, 30.91, 2.93, 0.81]
[37.68, 34.55, 7.19, 0.64, 0.51]
[36.4, 18.11, 0.11, 0.05]
[37.43, 34.32, 10.34, 1.56]
[37.62, 35.61, 20.07, 4.09]
[37.55, 34.76, 17.15, 1.44, 0.96]
[37.78, 35.05, 23.09, 4.95, 4.44]
[37.87, 36.93, 24.18, 8.11, 6.04, 5.32]
[37.89, 34.39, 20.81, 2.46, 1.92]
[38.08, 38.0, 35.2, 21.97, 3.51, 2.39]
[38.08, 37.8, 36.42, 27.66, 7.74, 5.38]
[38.13, 37.98, 37.86, 37.08, 37.08]
[37.58, 35.29, 8.64, 1.59, 1.56]
[37.79, 37.07, 28.91, 4.65, 1.95]
[38.29, 36.61, 21.06, 6.51, 4.65, 3.7]
[37.55, 30.71, 6.94, 3.01, 1.22]
[38.14, 36.56, 17.91, 0.95, 0.91]
[38.24, 38.03, 37.94, 37.94]
[37.97, 36.13, 19.85, 4.73, 3.5]
[38.35, 37.86, 37.47, 37.19, 37.06]
[37.96, 36.2, 23.36, 5.22, 2.71, 1.87]
[37.62, 36.35, 18.43, 0.07]
[37.41, 34.44, 4.9, 0.61, 0.41]
[36.65, 28.74, 0.39]
[37.99, 35.74, 16.26, 2.89]
[37.64, 34.4, 10.57, 1.12, 0.69]
[38.65, 38.7]
[37.66, 33.47, 10.2, 1.51]
[38.26, 37.93, 33.53, 16.68, 6.32, 5.51]
[37.97, 37.91, 36.92, 27.71, 5.27, 2.17]
[38.19, 37.76, 32.43, 16.1, 10.29, 6.4, 3.04]
[38.08, 36.23, 26.65, 13.17, 8.84, 7.92]
[37.84, 36.01, 26.54, 13.76, 7.48, 7.24]
[37.96, 37.72, 36.46, 30.21, 9.87, 8.07, 7.72]
[38.57, 38.32, 35.36, 21.28, 6.05, 5.79]
[38.83, 38.74, 38.71, 38.3, 38.33]
[37.29, 33.57, 2.11, 0.97]
[37.61, 33.4, 8.11, 0.82, 0.77]
[38.48, 38.46, 38.04, 37.9, 37.77]
[37.27, 35.02, 14.23, 1.74, 1.44]
[38.18, 38.38, 33.91, 11.1, 5.96]
[37.99, 37.46, 30.32, 2.86, 2.28]
[36.96, 27.06, 2.43, 1.9]
[38.13, 37.78, 35.98, 29.06, 10.28, 7.65]
[37.83, 36.7, 25.69, 6.78, 6.18]
[37.73, 35.4, 21.74, 11.44, 8.82]
[38.27, 38.18, 37.98, 37.83, 37.83]
[38.07, 37.86, 34.93, 21.81, 11.29, 10.04]
[37.67, 35.86, 21.2, 0.46, 0.22]
[37.35, 31.98, 2.22, 1.63]
[37.6, 33.1, 3.16, 1.5, 0.87]
[37.49, 32.99, 0.74]
[37.45, 34.72, 19.14, 4.36, 3.22]
[38.46, 38.02, 29.94, 10.14, 7.72]
[38.1, 37.91, 37.44, 36.61, 32.45, 16.61, 4.2, 3.35]
[37.87, 37.09, 33.69, 16.18, 2.7, 2.31]
[37.4, 34.04, 8.36, 2.49, 2.48]
[37.98, 37.41, 27.73, 8.65, 4.04]
[38.08, 37.18, 32.96, 16.91, 7.71, 7.48]
[37.6, 35.12, 12.51, 1.37, 1.12, 0.68]
[37.97, 37.97, 37.64, 36.75, 35.59, 32.25, 20.78, 9.37, 8.79, 7.89]
[38.1, 38.0, 37.59, 37.37, 37.36]
[37.26, 31.56, 2.61, 1.46]
[37.45, 34.05, 3.03, 0.29]
[37.54, 34.01, 14.32, 4.24]
[37.64, 36.62, 30.9, 6.77, 0.99]
[38.08, 36.76, 27.98, 10.31, 8.06]
[38.06, 37.17, 26.96, 3.4, 2.54]
[37.95, 37.08, 26.71, 1.03]
[37.81, 37.49, 33.93, 22.45, 1.56, 0.69]
[37.95, 36.89, 31.91, 19.43, 12.04, 9.61]
[36.91, 22.93, 0.1]
[37.23, 34.34, 8.09, 0.23]
[37.31, 33.7, 9.14, 1.29, 0.86]
[37.42, 34.9, 7.15, 1.01, 0.98]
[37.62, 35.71, 16.48, 2.29, 1.76]
[37.17, 30.92, 3.71, 0.84]
[36.48, 15.81, 0.12]
[37.22, 33.33, 5.75, 0.51]
[37.03, 24.19, 0.73, 0.69]
[37.87, 35.94, 23.01, 6.65, 2.61]
[37.31, 34.5, 12.51, 0.96, 0.93]
[38.29, 38.37, 38.16, 37.57, 37.12]
[38.32, 37.95, 34.22, 16.88, 3.38, 2.97]
[37.78, 36.25, 27.8, 10.52, 4.16]
[37.37, 29.07, 3.42, 1.64]
[37.54, 36.24, 25.55, 2.63, 1.47]
[37.6, 33.99, 7.22, 1.51]
[37.69, 36.41, 27.74, 4.73, 0.41]
[37.97, 37.91, 36.92, 30.13, 11.29, 2.87, 2.85]
[37.92, 37.58, 29.32, 4.29, 1.58]
[37.31, 32.21, 0.52, 0.45]
[38.38, 38.23, 37.7, 37.28]
[37.6, 32.24, 3.57, 1.67]
[38.1, 37.7, 32.23, 8.27, 0.68, 0.65]
[37.16, 33.5, 5.8, 2.58]
[37.85, 36.52, 24.42, 5.31, 4.87]
[37.66, 34.14, 15.59, 4.24]
[37.82, 37.31, 31.95, 9.06, 5.75, 5.33]
[37.8, 33.89, 8.75, 1.43, 1.4]
[38.04, 36.85, 31.19, 8.61, 3.96]
[36.78, 26.05, 0.19]
[37.82, 36.37, 29.59, 3.0, 0.48]
[36.36, 14.18, 0.21, 0.12]
[37.82, 36.13, 30.3, 10.76, 4.29, 4.11]
[36.92, 21.55, 0.12, 0.05]
[37.75, 35.87, 24.22, 2.21, 1.81]
[37.63, 34.82, 15.91, 3.66, 3.0]
[37.7, 32.28, 4.56, 2.57, 2.28]
[38.41, 38.32, 37.47, 35.43, 25.56, 6.74, 5.8]
[37.91, 37.95, 37.53, 32.56, 13.39, 3.83, 3.2, 1.0]
[37.1, 30.08, 1.28, 0.77]
[37.82, 37.02, 22.05, 3.91, 3.15]
[37.75, 34.67, 13.21, 0.43]
[37.75, 37.08, 27.79, 2.37, 1.74]
[37.4, 34.77, 18.01, 0.21]
[37.69, 35.36, 15.56, 1.32, 1.28]
[37.93, 35.66, 21.46, 5.37, 3.47, 2.89, 1.4]
[38.11, 36.42, 18.72, 3.79, 2.55]
[37.32, 31.83, 1.12, 0.86]
[38.09, 37.65, 32.04, 4.15, 3.22]
[38.05, 38.06, 31.95, 6.37, 2.45]
[37.09, 25.36, 0.5]
[37.38, 31.38, 3.24, 1.84]
[38.34, 37.97, 37.6, 37.25]
[38.07, 38.08, 37.78, 31.62, 12.1, 5.57, 5.07]
[36.58, 16.26, 0.27]
[37.56, 35.63, 19.56, 3.47, 2.34]
[37.31, 34.36, 7.52, 1.23, 1.2]
[38.45, 38.31, 37.35, 28.25, 3.37, 1.44]
[37.12, 26.09, 2.28, 1.64]
[38.33, 37.98, 34.82, 16.8, 2.36, 1.96]
[37.58, 34.26, 7.78, 2.36, 2.34]
[37.86, 32.82, 0.75, 0.43]
[38.27, 37.25, 28.08, 9.08, 6.6, 5.8]
[37.54, 34.19, 6.7, 1.04, 0.9]
[37.19, 29.09, 0.18]
[38.3, 37.88, 34.69, 7.9, 0.71]
[38.07, 37.57, 34.18, 15.52, 1.17, 0.72]
[37.61, 34.52, 14.88, 3.59, 2.03]
[37.03, 23.52, 0.03]
[37.54, 33.69, 14.08, 0.51]
[38.48, 38.36, 37.7, 36.74, 26.47, 12.36, 8.9, 8.26]
[38.2, 37.18, 34.15, 12.77, 9.75]
[37.71, 33.35, 1.35, 1.11]
[38.23, 38.37, 37.6, 34.93, 21.31, 8.57, 7.73]
[38.23, 37.07, 30.75, 17.11, 10.49, 5.02]
[37.9, 36.17, 17.37, 1.01]
[38.34, 38.08, 35.24, 23.97, 11.52, 7.96]
[38.29, 37.5, 31.85, 13.17, 6.09, 5.06]
[36.78, 17.72, 0.2, 0.13]
[37.35, 32.38, 7.26, 1.25]
[37.32, 26.51, 1.81, 1.38]
[37.6, 34.52, 14.93, 4.08, 3.18, 2.3]
[37.45, 36.51, 24.91, 0.22]
[37.62, 34.29, 10.24, 1.41, 1.3]
[38.41, 38.15, 37.58, 36.85, 32.78, 19.5, 12.39, 11.96, 11.07]
[37.36, 34.17, 11.25, 0.46]
[37.59, 32.94, 9.57, 2.04, 1.23]
[37.23, 33.27, 1.06, 0.91]
[37.89, 36.68, 21.91, 0.88, 0.52]
[37.3, 31.32, 4.98, 0.93, 0.71]
[37.47, 35.16, 9.52, 0.53]
[38.49, 38.16, 37.92, 37.65, 37.53]
[37.83, 35.25, 4.54, 0.59, 0.5]
[37.44, 34.8, 18.96, 2.61, 1.66]
[37.88, 37.64, 37.42, 31.97, 16.49, 4.85]
[38.17, 38.17, 36.56, 27.94, 4.03, 3.28]
[38.54, 38.25, 37.08, 27.39, 17.16, 13.33, 12.82]
[37.0, 20.94, 0.14]
[38.15, 38.25, 38.15, 37.08, 32.76, 9.53, 4.44]
[37.34, 32.12, 0.62, 0.44]
[38.0, 37.26, 32.8, 21.06, 7.49, 5.52, 5.32]
[38.0, 37.62, 35.34, 21.06, 10.69, 7.76, 7.48]
[37.99, 36.96, 28.27, 5.29, 3.38, 2.94]
[38.02, 37.4, 29.29, 3.61, 0.88]
[37.71, 35.83, 19.97, 2.51]
[36.97, 25.03, 0.74]
[38.13, 38.19, 38.02, 38.06]
[37.91, 37.7, 36.62, 26.89, 7.73, 1.34]
[37.55, 32.44, 6.39, 1.44]
[37.99, 37.47, 36.26, 29.47, 9.11, 5.38, 5.16]
[38.15, 37.85, 35.6, 20.26, 5.36, 4.89, 4.66]
[37.12, 33.75, 8.27, 2.51, 2.51]
[38.47, 38.35, 35.76, 24.95, 12.35, 10.35]
[37.34, 32.14, 5.09, 1.86]
[36.84, 28.69, 2.03, 0.56]
[37.89, 36.81, 23.61, 2.82, 2.44, 2.25]
[37.89, 37.14, 29.26, 8.41, 6.88]
[37.87, 36.23, 24.38, 0.64, 0.45]
[37.84, 35.38, 17.15, 2.14, 1.63]
[38.31, 37.25, 30.63, 14.55, 9.8]
[38.23, 37.85, 35.61, 24.6, 4.42, 3.98]
[38.24, 38.05, 37.93, 37.93]
[37.22, 28.55, 0.27]
[38.05, 37.54, 33.69, 11.11, 8.09, 7.61]
[37.17, 33.48, 4.99, 2.15]
[37.59, 34.6, 15.29, 0.84, 0.72]
[38.2, 37.71, 29.97, 2.63, 1.28]
[37.95, 34.07, 8.04, 0.31]
[37.51, 36.03, 20.87, 0.41]
[38.35, 37.63, 31.2, 9.22, 4.64]
[38.4, 38.05, 34.19, 17.42, 10.48, 8.35]
[37.11, 31.03, 0.77]
[37.8, 34.45, 17.47, 1.62]
[38.71, 38.73, 38.39, 38.19]
[37.85, 36.94, 27.61, 0.77]
[38.21, 37.66, 30.61, 9.25, 6.4]
[37.95, 35.94, 15.7, 2.2, 0.71]
[37.13, 31.19, 5.84, 1.38, 1.28]
[38.14, 37.69, 35.47, 21.88, 7.46, 6.89]
[37.83, 35.77, 18.59, 2.72]
[38.22, 37.46, 31.29, 10.72, 2.39, 1.43]
[37.02, 29.6, 0.62, 0.36]
[37.68, 37.39, 31.92, 8.23, 3.05, 3.05]
[37.92, 37.9, 33.77, 17.08, 2.9, 2.5, 2.31]
[36.91, 27.06, 1.45, 1.07]
[38.33, 37.79, 32.93, 15.31, 9.69, 9.4]
[38.27, 38.05, 31.72, 3.77, 1.9]
[38.03, 36.35, 19.3, 8.61, 7.15]
[38.14, 37.04, 30.95, 4.52, 3.71, 3.34]
[36.11, 12.95, 0.37, 0.22]
[37.63, 36.67, 27.42, 0.85]
[37.68, 36.18, 20.48, 1.07]
[38.15, 38.1, 37.61, 37.68, 37.59]
[38.06, 36.39, 18.77, 0.65]
[37.56, 33.39, 9.98, 3.55, 3.57]
[37.55, 34.58, 9.38, 1.7]
[37.71, 34.04, 8.93, 2.73, 2.54, 1.43]
[37.94, 37.41, 32.85, 7.77, 0.52]
[37.9, 35.37, 22.74, 11.49, 7.98, 7.51]
[37.09, 32.34, 1.9, 0.99]
[37.03, 28.35, 0.4]
[38.27, 38.14, 37.12, 27.78, 6.62, 0.77]
[37.18, 28.23, 0.82, 0.78]
[38.27, 38.28, 37.03, 31.37, 21.0, 18.48, 16.59]
[38.01, 37.29, 30.33, 9.9, 7.14]
[37.43, 32.97, 1.93, 0.92]
[36.57, 22.71, 0.18]
[37.11, 27.56, 0.78, 0.48]
[38.24, 37.7, 34.09, 22.53, 12.98, 12.31]
[37.45, 32.91, 3.86, 0.19]
[37.22, 34.51, 10.41, 1.82, 1.34]
[37.86, 37.49, 35.19, 26.05, 8.67, 7.37, 6.84]
[37.83, 36.32, 21.34, 0.65]
[37.91, 37.12, 35.38, 29.28, 13.46, 10.29, 7.91]
[38.19, 36.29, 23.53, 6.92, 4.21, 4.05]
[37.54, 33.23, 5.25, 1.68]
[37.62, 35.95, 25.55, 6.41, 3.82]
[38.12, 37.38, 26.94, 4.27, 3.17, 2.85]
[37.53, 36.32, 23.22, 5.69, 3.16, 2.71]
[37.89, 33.86, 4.23, 1.83]
[37.52, 32.69, 10.31, 0.64]
[37.36, 31.6, 5.26, 0.75, 0.71]
[37.63, 34.72, 7.88, 0.82, 0.72]
[37.81, 36.93, 21.25, 4.22, 3.83]
[36.86, 23.22, 0.08]
[37.91, 36.54, 22.99, 1.02, 0.65]
[37.76, 37.61, 32.47, 19.61, 8.94, 8.7]
[37.91, 36.81, 26.86, 5.11, 2.98]
[37.73, 35.89, 20.7, 5.9, 4.99]
[37.95, 35.87, 23.89, 5.36, 2.19]
[37.84, 37.62, 30.26, 7.33, 2.19, 1.36]
[37.24, 30.2, 3.87, 1.08]
[37.09, 30.02, 0.55, 0.39]
[37.8, 33.5, 3.32, 1.34]
[37.34, 35.91, 21.64, 0.38]
[38.24, 37.94, 37.25, 35.11, 21.95, 5.68, 4.97]
[38.07, 37.18, 29.74, 4.67, 3.74]
[37.47, 34.2, 9.01, 2.33, 2.24]
[37.48, 36.34, 17.3, 3.56, 2.89]
[37.52, 33.06, 3.22, 1.97]
[37.87, 37.03, 19.12, 0.14]
[37.81, 37.24, 30.56, 6.07, 1.19, 1.14]
[38.04, 37.32, 30.09, 8.95, 4.62, 4.41]
[38.24, 37.99, 37.62, 37.06, 33.79, 20.37, 9.39, 7.37, 6.74]
[38.29, 38.21, 37.9, 37.6, 37.29]
[38.09, 37.33, 31.81, 8.28, 1.8, 1.59]
[38.05, 38.01, 37.72, 36.13, 26.89, 7.35, 3.09]
[37.1, 27.28, 0.03]
[37.89, 37.39, 28.71, 2.39, 1.87]
[37.32, 31.09, 0.23]
[37.86, 37.11, 32.63, 5.09, 2.24]
[38.35, 38.2, 38.08, 29.16, 11.36, 3.63]
[38.17, 37.48, 33.72, 18.73, 8.05, 6.78]
[37.65, 34.04, 7.82, 1.04, 0.8]
[37.54, 36.85, 25.52, 2.28, 2.08, 1.63]
[37.83, 36.85, 30.43, 6.35, 3.22]
[38.07, 36.71, 31.24, 13.02, 4.6, 4.41]
[37.36, 32.73, 13.63, 7.61, 7.35]
[36.79, 25.64, 0.29]
[37.94, 36.78, 27.35, 2.53, 0.9]
[37.64, 34.15, 2.19, 0.57]
[37.88, 34.34, 7.37, 1.8]
[37.9, 37.02, 30.04, 9.97, 1.91]
[37.9, 35.13, 22.73, 3.62]
[38.1, 37.84, 34.58, 15.17, 2.72, 2.02]
[37.25, 33.62, 6.55, 1.47, 1.41]
[38.17, 37.52, 35.17, 22.94, 6.58, 4.02]
[37.13, 26.35, 0.19]
[38.26, 37.85, 32.03, 12.0, 8.07, 7.96]
[37.71, 34.94, 12.63, 2.4]
[37.23, 32.09, 1.7, 0.58]
[37.5, 33.79, 7.84, 3.1, 2.98]
[38.13, 37.84, 33.19, 10.83, 7.81]
[37.65, 35.69, 16.15, 0.56, 0.45]
[37.64, 36.81, 26.8, 1.98, 1.47]
[38.73, 38.58, 37.93]
[37.87, 37.18, 32.48, 18.74, 9.0, 7.42]
[37.93, 34.77, 17.6, 2.34, 2.21]
[37.77, 36.75, 26.24, 3.92, 2.41]
[36.36, 18.92, 0.84, 0.56]
[37.34, 34.59, 3.59, 1.99]
[37.93, 37.19, 29.11, 8.48, 2.25]
[37.95, 36.52, 27.08, 1.02]
[37.24, 30.1, 2.6, 1.34]
[38.08, 37.37, 31.54, 5.84, 1.37, 0.99]
[37.39, 34.75, 9.21, 1.74, 0.97]
[38.2, 37.94, 37.51, 35.68, 25.82, 5.53, 3.11]
[37.33, 33.19, 12.55, 5.55, 5.38]
[37.43, 35.75, 23.62, 3.45, 2.93]
[37.97, 36.16, 12.41, 0.08]
[37.24, 33.07, 1.63, 1.02]
[37.28, 32.33, 0.4]
[38.03, 38.02, 37.86, 37.73]
[38.2, 37.5, 35.87, 23.53, 5.46, 5.25]
[36.76, 19.63, 0.38]
[37.9, 35.46, 16.78, 1.11]
[37.82, 35.41, 15.7, 4.74, 3.81]
[38.1, 36.57, 30.75, 15.41, 6.26]
[37.83, 36.69, 30.71, 16.14, 11.81, 11.03]
[38.46, 38.33, 38.11, 37.89, 37.77]
[37.76, 33.99, 10.39, 0.66]
[38.24, 37.4, 32.13, 10.78, 7.92, 7.42]
[37.97, 37.35, 33.42, 18.36, 9.4, 8.07, 7.53]
[37.79, 35.53, 14.86, 0.68]
[37.43, 35.29, 12.42, 1.52, 1.23]
[37.69, 34.42, 6.14, 1.41, 1.25]
[37.43, 32.27, 3.3, 1.12]
[37.31, 32.81, 4.82, 1.77]
[37.98, 36.32, 22.64, 3.36, 2.91]
[37.86, 36.04, 16.27, 2.66, 2.64]
[37.64, 34.68, 11.89, 1.22]
[37.41, 31.53, 2.8, 1.72]
[38.28, 37.93, 36.25, 31.6, 21.28, 12.3, 11.11]
[37.88, 37.52, 36.73, 28.83, 8.79, 4.56]
[37.41, 32.57, 3.36, 0.8, 0.68]
[38.41, 38.38, 37.65, 37.13, 36.8, 36.52]
[37.93, 34.71, 19.52, 0.17, 0.1]
[37.49, 33.2, 11.06, 2.54, 2.16]
[38.04, 36.83, 31.61, 7.67, 2.33, 2.18]
[37.82, 37.8, 36.49, 28.23, 16.12, 11.56, 11.29]
[37.77, 36.73, 24.97, 1.06, 0.72]
[37.63, 33.2, 11.23, 2.99]
[37.91, 36.92, 28.15, 7.46, 4.49, 4.04]
[37.97, 37.64, 36.51, 26.6, 8.26, 4.95]
[37.06, 33.02, 5.35, 0.68]
[37.71, 36.76, 29.91, 10.71, 4.21, 3.09]
[37.48, 35.04, 7.02, 1.16, 0.98]
[37.12, 31.12, 0.53]
[37.73, 36.73, 26.48, 1.31]
[37.41, 34.46, 14.85, 1.85, 1.84]
[38.04, 36.2, 15.22, 2.0, 1.69]
[38.12, 37.59, 34.39, 24.73, 10.11, 5.06, 4.85]
[38.07, 36.74, 26.31, 6.06, 0.84, 0.8]
[37.4, 32.69, 5.28, 3.61]
[37.86, 37.24, 33.23, 11.8, 2.89]
[37.13, 30.42, 0.68, 0.63]
[37.88, 36.23, 21.59, 1.92, 1.02]
[38.06, 37.85, 33.83, 17.16, 1.3, 0.93, 0.43]
[37.78, 35.93, 14.59, 0.14]
[36.73, 16.39, 0.34, 0.2]
[38.5, 38.37, 38.2, 37.77, 37.58]
[37.93, 37.66, 33.66, 17.46, 6.24, 5.49]
[38.03, 37.99, 35.53, 26.15, 17.32, 11.19, 10.17, 9.55]
[38.05, 36.35, 26.12, 0.74, 0.43]
[37.7, 33.22, 7.03, 1.52]
[37.33, 34.68, 14.72, 2.42, 2.27]
[38.31, 38.39, 37.95, 37.51]
[38.29, 38.12, 37.54, 37.38, 37.39]
[38.51, 38.32, 38.02, 38.06]
[37.86, 37.09, 30.37, 3.26, 1.67]
[37.97, 34.82, 9.4, 2.72]
[38.38, 38.4, 38.29, 38.31]
[37.2, 30.31, 3.42, 0.52]
[38.37, 38.33, 37.09, 32.59, 20.82, 9.29, 8.57]
[37.57, 34.87, 4.8, 0.72, 0.64]
[35.79, 2.72, 1.14, 0.77]
[37.8, 36.59, 25.16, 2.48, 2.11]
[37.09, 24.39, 1.34, 0.84]
[37.49, 32.79, 5.64, 0.46]
[37.98, 37.17, 26.7, 1.21, 0.63]
[37.4, 32.4, 3.28, 1.49]
[38.3, 37.3, 24.48, 6.78, 4.43]
[38.56, 38.6, 38.52]
[37.9, 37.33, 32.63, 17.27, 4.89, 4.16]
[37.75, 36.3, 24.03, 5.31, 1.54]
[37.07, 23.45, 0.23]
[37.25, 29.41, 1.28, 0.47]
[37.5, 34.34, 5.77, 0.51, 0.4]
[37.9, 36.49, 27.24, 3.06, 0.49]
[37.93, 34.56, 13.9, 0.71]
[38.08, 37.96, 37.65, 37.38]
[38.49, 37.23, 33.26, 17.17, 9.04, 7.7]
[38.31, 37.95, 35.63, 28.67, 19.58, 13.66, 11.01, 6.94, 6.26]
[37.72, 33.45, 7.78, 2.04]
[38.06, 37.39, 30.86, 11.33, 5.34]
[38.15, 37.85, 34.04, 17.94, 5.77, 4.28]
[38.02, 37.58, 33.05, 8.89, 3.58, 3.48]
[37.44, 31.6, 4.65, 3.09]
[37.58, 31.62, 3.4, 0.84]
[37.64, 36.35, 22.23, 2.28, 2.08]
[37.37, 33.53, 5.18, 1.74]
[37.8, 37.28, 33.17, 14.09, 5.74, 5.03, 4.59]
[36.62, 21.94, 0.12]
[38.34, 38.29, 38.31, 37.96, 30.96, 0.63, 0.38]
[37.67, 35.89, 21.69, 1.23]
[37.57, 36.56, 24.78, 1.25]
[37.57, 36.05, 22.71, 4.31, 1.24]
[38.05, 37.92, 37.06, 25.01, 5.89, 4.44]
[37.72, 33.57, 5.59, 1.49]
[38.49, 38.25, 32.09, 11.59, 8.24]
[37.93, 37.1, 30.67, 13.07, 9.54, 8.68]
[37.91, 37.05, 26.23, 1.34, 0.81]
[37.8, 35.77, 19.95, 2.93, 2.75]
[37.52, 36.03, 20.42, 3.35, 2.85]
[37.55, 35.41, 15.6, 5.43, 4.96, 3.48, 3.28]
[38.05, 37.33, 32.11, 16.38, 6.92, 2.5]
[38.15, 37.56, 31.93, 6.17, 0.91]
[38.42, 38.08, 35.35, 21.95, 5.26, 2.99]
[37.66, 35.76, 15.25, 2.98, 2.34]
[38.26, 38.35, 37.64, 35.42, 24.61, 8.41, 5.74, 4.0, 2.15, 1.29]
[37.87, 36.96, 23.74, 2.78, 2.05, 1.86, 1.3]
[37.55, 35.26, 19.65, 2.07, 1.71, 1.28]
[37.83, 35.23, 16.84, 2.45]
[37.65, 37.39, 33.38, 18.06, 3.07, 1.35]
[37.28, 30.61, 1.8, 1.22, 0.78]
[37.78, 36.46, 20.71, 1.82, 1.23, 1.05]
[37.33, 28.64, 0.95]
[38.53, 38.46, 38.48]
[37.29, 29.3, 1.35, 0.54]
[37.89, 37.01, 29.31, 4.58, 1.04, 0.84]
[38.1, 36.82, 29.18, 8.03, 5.93]
[37.42, 31.75, 0.57]
[37.31, 31.41, 4.32, 1.71]
[38.07, 37.74, 35.88, 30.57, 18.17, 11.69, 9.77]
[37.95, 37.19, 29.7, 10.45, 6.0]
[38.37, 36.63, 26.03, 3.19, 1.98]
[36.79, 26.86, 0.31]
[38.29, 38.18, 37.87, 37.91, 37.44, 37.79, 37.63, 36.71, 30.93, 18.49, 10.52, 8.63]
[37.61, 36.99, 29.71, 0.48]
[37.42, 32.88, 2.38, 0.79]
[37.28, 33.28, 8.62, 0.69, 0.65]
[37.28, 32.65, 7.38, 0.33]
[37.87, 37.72, 31.56, 4.13, 3.01, 2.81]
[37.98, 37.18, 32.25, 10.03, 5.48, 4.98]
[37.4, 33.99, 9.19, 0.72, 0.56]
[37.45, 34.39, 12.26, 2.72, 2.27]
[38.09, 36.98, 26.11, 0.34]
[37.72, 36.18, 22.09, 3.85, 2.47]
[37.66, 36.61, 25.49, 1.38, 1.07]
[36.97, 23.59, 1.25, 0.81]
[37.62, 32.39, 2.21, 1.53]
[37.56, 34.86, 7.45, 0.6]
[38.02, 37.45, 30.06, 13.58, 7.34, 7.13]
[38.45, 38.32, 37.45, 22.8, 0.75]
[38.03, 37.11, 32.71, 17.91, 3.36]
[37.28, 28.23, 0.61]
[37.64, 36.75, 25.21, 1.08, 0.63]
[37.01, 27.1, 2.85, 1.85]
[37.93, 36.97, 29.2, 11.12, 7.5, 5.88]
[37.8, 35.56, 11.72, 0.16, 0.1]
[38.29, 37.48, 34.17, 20.94, 13.77, 13.29, 12.83, 12.62]
[37.59, 34.91, 21.57, 0.4, 0.27]
[38.1, 37.98, 37.64, 37.34, 36.8, 36.62, 36.38]
[38.35, 38.08, 34.64, 22.45, 9.38, 6.88]
[37.93, 34.94, 11.2, 1.27]
[36.6, 22.29, 0.14, 0.08]
[37.2, 30.63, 3.87, 1.11]
[37.72, 35.09, 12.07, 0.64, 0.58]
[37.65, 36.9, 28.33, 4.23, 1.69]
[38.27, 38.23, 37.63, 37.51, 37.54]
[36.87, 28.41, 1.91, 1.64]
[38.05, 36.93, 25.06, 7.16, 3.68]
[38.41, 38.45, 37.87, 36.78, 33.29, 26.32, 18.75, 11.77, 8.86, 8.57]
[37.35, 29.78, 1.63, 1.08]
[38.45, 38.44, 38.14, 37.84, 37.76]
[37.77, 36.71, 24.06, 1.5]
[37.62, 35.61, 21.31, 6.08, 5.22]
[37.28, 29.72, 7.36, 2.4]
[36.97, 30.83, 2.57, 0.42]
[37.93, 37.41, 33.05, 8.77, 0.43]
[38.3, 37.1, 30.07, 7.94, 4.91, 4.14]
[37.95, 34.23, 11.54, 4.27, 3.32, 1.7]
[37.94, 37.21, 30.89, 6.92, 2.72]
[38.5, 38.44, 38.39, 37.34, 32.23, 17.81, 15.08, 14.9]
[37.63, 35.01, 17.84, 3.49, 3.3]
[37.9, 36.64, 30.03, 2.38, 1.07]
[38.57, 38.06, 36.18, 21.89, 11.51, 11.22]
[37.21, 29.4, 0.73]
[38.07, 36.9, 28.93, 14.26, 4.72, 4.15, 1.82]
[37.46, 31.84, 2.03, 1.94]
[37.86, 37.99, 36.75, 28.93, 4.6, 0.46, 0.3]
[38.05, 36.58, 28.5, 1.58]
[37.19, 32.96, 2.24, 1.75]
[38.29, 38.31, 38.05, 37.97, 37.86]
[38.25, 37.22, 32.5, 19.23, 8.47, 8.05]
[38.1, 36.53, 24.16, 6.58, 5.29]
[36.92, 23.65, 0.27, 0.23]
[37.87, 36.57, 20.67, 0.14]
[38.47, 37.56, 29.89, 14.79, 11.56, 10.83]
[37.47, 34.7, 9.03, 0.74, 0.29]
[37.4, 24.72, 0.59, 0.37]
[38.06, 36.39, 27.65, 14.84, 3.24, 3.05]
[37.93, 37.92, 37.58, 37.28, 37.29]
[38.11, 37.53, 32.28, 3.06, 1.55, 1.38]
[37.28, 31.84, 3.85, 3.44, 1.69]
[37.69, 29.9, 0.98, 0.48]
[37.04, 25.52, 0.39]
[37.79, 36.91, 19.92, 0.62, 0.56]
[37.84, 36.28, 27.45, 4.55, 2.21]
[37.67, 36.13, 15.88, 1.61, 1.33]
[37.81, 36.06, 20.23, 2.81, 2.61]
[36.99, 26.35, 1.91, 0.86]
[36.81, 24.6, 0.4]
[37.85, 37.37, 35.14, 24.25, 11.4, 8.88, 7.56]
[37.52, 33.32, 15.15, 3.47, 1.97]
[38.06, 36.1, 23.58, 1.91, 1.9]
[38.13, 37.18, 31.11, 12.5, 7.03, 6.08]
[37.94, 35.94, 26.54, 4.25, 3.12]
[37.81, 36.21, 22.19, 8.46, 8.05]
[38.36, 38.28, 36.97, 29.46, 16.25, 8.42, 7.4, 6.55]
[37.22, 31.5, 2.77, 0.91]
[38.17, 37.6, 33.82, 17.42, 8.03, 6.39, 5.47]
[37.64, 34.77, 13.02, 8.88, 6.71]
[38.49, 38.43, 35.07, 21.46, 10.56, 7.04]
[38.59, 38.05, 31.68, 11.07, 5.76, 5.38]
[37.88, 36.41, 24.54, 0.68, 0.54]
[37.66, 33.38, 9.14, 0.27, 0.17]
[37.79, 37.19, 30.85, 5.01, 1.22, 1.05]
[38.27, 38.0, 35.49, 21.37, 7.0, 6.21]
[38.09, 37.78, 37.22, 37.22, 37.02]
[38.07, 37.3, 30.55, 8.81, 1.77, 1.46]
[37.49, 33.27, 5.02, 1.11, 1.05]
[38.04, 37.22, 26.44, 1.06, 0.73]
[37.96, 37.31, 35.02, 24.16, 17.08, 15.67]
[37.9, 32.54, 6.78, 4.2, 3.66]
[37.78, 37.22, 27.13, 3.54, 3.27, 2.38]
[37.7, 35.93, 12.58, 1.28, 0.94]
[37.79, 36.83, 23.12, 1.64, 1.37]
[37.63, 36.12, 17.59, 0.82]
[37.62, 31.19, 10.11, 5.54, 5.15]
[38.28, 37.9, 37.41, 34.74, 19.09, 8.28, 7.12]
[38.21, 38.28, 37.6, 27.43, 13.16, 6.29]
[37.77, 35.12, 17.94, 2.49, 2.17]
[38.02, 36.61, 24.4, 6.27, 5.82, 5.21]
[37.71, 35.97, 12.76, 0.33]
[37.62, 28.93, 1.69, 0.86]
[38.12, 38.01, 35.83, 17.28, 2.93, 2.26]
[37.55, 31.27, 3.79, 1.6]
[37.19, 30.56, 6.18, 2.4, 2.4]
[37.58, 36.03, 22.81, 2.6, 1.25]
[37.78, 35.26, 8.26, 1.58, 1.54]
[37.8, 36.27, 27.63, 4.5, 2.66]
[38.12, 37.64, 35.3, 22.83, 1.35, 1.09, 0.42]
[37.07, 26.4, 3.48, 1.55, 0.72]
[36.55, 22.94, 1.92, 1.79]
[37.98, 37.11, 27.52, 7.76, 5.0, 4.62]
[37.18, 26.01, 0.42]
[37.41, 32.04, 4.25, 2.63, 2.41]
[37.76, 35.62, 20.07, 10.11, 8.47, 7.61, 7.43]
[37.93, 34.89, 10.22, 0.2]
[38.73, 38.7, 38.45, 38.31]
[37.91, 37.17, 31.33, 10.6, 4.9, 4.26]
[38.6, 38.08, 37.58, 36.38, 31.24, 11.8, 5.73]
[37.29, 31.78, 1.85, 0.86]
[38.4, 38.53, 38.48, 38.25, 38.08]
[37.87, 35.81, 23.56, 2.99, 1.1]
[37.57, 36.48, 21.39, 0.13]
[37.53, 34.15, 9.36, 0.78, 0.7]
[36.38, 20.36, 0.17]
[37.86, 37.69, 34.24, 12.78, 6.63, 6.27]
[37.94, 37.18, 31.38, 5.84, 1.96]
[38.07, 37.35, 33.23, 16.34, 6.72, 6.14]
[37.97, 37.57, 36.32, 34.84, 27.53, 17.43, 11.96, 11.79]
[37.47, 35.88, 16.97, 0.35]
[37.14, 30.89, 1.63, 0.62]
[38.05, 36.38, 23.26, 0.85, 0.54]
[37.45, 33.01, 5.19, 1.13]
[37.07, 30.06, 2.87, 0.6]
[37.33, 34.16, 16.39, 0.55]
[37.64, 35.04, 10.11, 2.01]
[37.55, 33.65, 5.43, 2.0]
[38.45, 38.22, 37.83, 37.37, 37.38]
[38.33, 38.35, 35.35, 19.02, 10.18, 5.82]
[37.87, 37.7, 35.99, 26.45, 10.56, 9.33, 9.08, 8.83]
[37.83, 37.11, 29.39, 5.16, 3.97, 1.63, 1.07]
[36.87, 26.78, 0.41]
[35.94, 12.34, 0.2, 0.03]
[38.26, 37.96, 37.16, 27.07, 13.57, 11.34, 11.17]
[37.39, 35.73, 21.96, 0.69]
[37.18, 25.9, 0.34]
[37.97, 36.39, 23.52, 6.89, 4.81]
[37.7, 35.67, 19.68, 4.51, 3.51]
[37.38, 33.84, 9.07, 1.08, 0.87]
[37.61, 31.7, 1.14, 0.74]
[37.48, 31.78, 4.95, 2.08]
[38.07, 37.24, 30.9, 8.87, 2.21]
[38.28, 38.56, 34.9, 19.83, 10.23, 8.69, 8.26]
[38.0, 37.15, 28.89, 8.4, 6.38, 6.17]
[38.17, 37.79, 34.35, 18.28, 9.8, 7.44]
[38.35, 37.61, 34.53, 20.28, 9.21, 5.39]
[37.32, 34.03, 16.22, 6.22, 6.01]
[37.94, 37.19, 25.27, 0.2]
[38.46, 38.2, 35.61, 23.9, 4.03, 3.45, 1.65]
[38.05, 37.78, 36.29, 27.05, 10.63, 6.86, 6.65]
[37.97, 33.96, 11.3, 6.0, 5.76]
[38.25, 37.19, 25.9, 8.58, 5.96]
[38.27, 38.08, 37.99, 37.66, 37.53]
[37.29, 30.42, 4.43, 2.13]
[37.61, 35.3, 15.61, 0.3]
[36.64, 17.88, 0.09]
[37.9, 37.56, 31.6, 1.98, 1.19]
[38.21, 38.15, 34.87, 13.36, 0.85]
[37.37, 34.56, 9.4, 0.31, 0.22]
[38.27, 37.94, 32.09, 17.48, 10.35, 7.85]
[37.73, 35.02, 6.29, 1.19, 1.11]
[37.36, 29.48, 4.52, 2.98]
[38.2, 36.25, 26.28, 10.89, 9.26, 9.03]
[37.7, 34.46, 11.43, 0.33, 0.28]
[37.66, 35.76, 14.98, 4.59, 3.55]
[37.92, 35.84, 21.36, 2.05, 1.15]
[37.49, 32.84, 14.75, 4.62, 4.37]
[38.07, 37.27, 36.09, 29.38, 5.62, 2.22]
[37.76, 36.86, 29.34, 12.99, 6.03, 5.0]
[37.65, 35.44, 12.63, 1.36]
[37.6, 36.24, 21.88, 0.18]
[38.58, 38.55, 38.3, 35.78, 27.29, 18.17, 14.25, 12.93]
[38.02, 37.07, 31.12, 4.7, 1.89, 1.07]
[37.68, 36.84, 26.07, 5.96, 2.37]
[37.47, 30.22, 0.82, 0.52]
[38.21, 38.06, 36.74, 31.27, 16.7, 10.48, 8.76]
[38.34, 38.15, 37.38, 24.19, 8.94, 7.63]
[38.03, 37.92, 37.26, 27.23, 7.42, 4.0]
[38.45, 36.77, 24.2, 5.16, 4.4]
