[15.44, 0.28]
[14.93, 0.25, 0.25]
[15.02, 0.32, 0.32]
[15.67, 0.34]
[14.84, 0.27, 0.26]
[14.6, 0.24]
[14.8, 0.27]
[14.8, 0.27]
[14.95, 0.36]
[14.68, 0.3]
[14.9, 0.27, 0.27]
[14.91, 0.24, 0.23]
[14.51, 0.22, 0.22]
[14.6, 0.25, 0.25]
[15.86, 0.31]
[14.0, 0.27, 0.27]
[15.64, 0.37, 0.36]
[14.85, 0.24]
[15.48, 0.23]
[15.1, 0.25]
[14.49, 0.29, 0.29]
[15.52, 0.27]
[14.77, 0.24, 0.24]
[14.87, 0.27, 0.27]
[14.77, 0.27, 0.27]
[14.45, 0.25, 0.25]
[13.79, 0.19, 0.18]
[15.03, 0.26, 0.26]
[15.35, 0.35]
[14.83, 0.29, 0.28]
[15.25, 0.33]
[13.95, 0.27, 0.27]
[14.49, 0.28]
[14.52, 0.21]
[13.43, 0.24, 0.23]
[14.28, 0.23, 0.23]
[14.21, 0.26, 0.26]
[14.65, 0.3]
[13.87, 0.24, 0.23]
[14.08, 0.28, 0.27]
[15.13, 0.31, 0.3]
[14.33, 0.28, 0.28]
[15.12, 0.23]
[14.21, 0.3, 0.29]
[15.02, 0.27, 0.27]
[14.32, 0.28, 0.28]
[15.43, 0.31]
[13.58, 0.28]
[14.6, 0.27, 0.27]
[15.07, 0.29]
[14.84, 0.33, 0.33]
[14.36, 0.47, 0.34, 0.32]
[14.62, 0.24, 0.24]
[14.57, 0.31, 0.3]
[15.8, 0.29]
[14.54, 0.27]
[14.91, 0.27]
[15.15, 0.27]
[14.97, 0.28, 0.28]
[15.24, 0.29]
[14.88, 0.22]
[14.51, 0.22, 0.21]
[13.77, 0.32, 0.32]
[14.03, 0.28, 0.28]
[15.23, 0.27]
[13.71, 0.24, 0.23]
[15.29, 0.27]
[14.79, 0.29, 0.28]
[14.31, 0.22]
[14.97, 0.28]
[13.92, 0.27]
[16.25, 0.29]
[15.03, 0.28]
[15.08, 0.25]
[15.0, 0.25, 0.25]
[14.77, 0.24, 0.23]
[14.22, 0.32, 0.32]
[14.62, 0.25]
[15.38, 0.31]
[14.62, 0.27, 0.26]
[15.12, 0.29]
[14.59, 0.24, 0.24]
[14.24, 0.3, 0.3]
[14.9, 0.28]
[14.86, 0.29, 0.29]
[14.45, 0.3]
[15.52, 0.31]
[15.01, 0.25, 0.25]
[14.81, 0.27]
[14.01, 0.24]
[15.13, 0.25]
[15.07, 0.3]
[15.95, 0.29]
[14.6, 0.29, 0.29]
[14.87, 0.26]
[14.57, 0.22, 0.21]
[15.66, 0.32, 0.32]
[15.23, 0.38, 0.38]
[14.08, 0.27]
[14.41, 0.29, 0.29]
