[0.53, 0.34]
[0.31]
[0.63, 0.43]
[0.39]
[0.52, 0.48]
[1.06, 0.33]
[0.53]
[0.76, 0.35]
[0.57, 0.36]
[0.5]
[0.39, 0.38, 0.34]
[0.67, 0.41]
[0.41, 0.38]
[0.49, 0.31]
[0.61, 0.32]
[0.28]
[1.3, 0.39]
[0.51, 0.48]
[1.05, 0.24]
[0.72, 0.35]
[0.48, 0.45, 0.41]
[0.43, 0.32]
[0.43, 0.38]
[0.79, 0.35]
[0.68, 0.38]
[0.57, 0.44]
[0.41, 0.37]
[0.6, 0.43]
[0.51, 0.41]
[0.9, 0.31]
[1.11, 0.32]
[0.8, 0.43]
[0.53, 0.51]
[0.67, 0.4]
[0.52, 0.46]
[0.45, 0.4]
[0.45]
[0.62, 0.38]
[0.37]
[0.48, 0.43]
[0.43, 0.42]
[0.51, 0.41]
[0.4]
[0.49, 0.46]
[0.38]
[1.25, 0.32]
[0.39]
[0.89, 0.32]
[1.25, 0.32]
[0.42, 0.36]
[0.55, 0.51]
[0.96, 0.35]
[0.78, 0.34]
[0.48, 0.41]
[0.3]
[0.68, 0.41]
[0.75, 0.37]
[1.14, 0.31]
[0.5, 0.46]
[0.5, 0.47]
[0.63, 0.34]
[0.75, 0.34]
[0.78, 0.36]
[0.73, 0.35]
[0.55, 0.38]
[0.71, 0.39]
[0.46, 0.4]
[0.45, 0.41]
[0.61, 0.36]
[0.61, 0.58]
[1.16, 0.29]
[0.56, 0.38]
[0.55, 0.32]
[0.75, 0.42]
[0.39]
[0.4]
[0.49, 0.36]
[0.52, 0.44]
[0.69, 0.41]
[1.12, 0.26]
[1.04, 0.25]
[0.61, 0.4]
[0.37]
[0.51, 0.33]
[0.52, 0.46]
[1.12, 0.26]
[0.89, 0.39, 0.39]
[0.6, 0.36]
[0.4, 0.4]
[0.63, 0.49]
[0.62, 0.41]
[0.5, 0.47]
[0.53, 0.51]
[0.41]
[0.46, 0.43]
[0.58, 0.37]
[0.47, 0.4]
[0.78, 0.4]
[1.14, 0.29]
[0.99, 0.28]
