[29.47, 11.94, 0.14, 0.06]
[29.88, 16.05, 0.11, 0.08]
[30.17, 16.97, 0.09]
[29.73, 14.13, 0.16, 0.1]
[29.86, 15.9, 0.14]
[30.05, 15.41, 0.18, 0.14]
[29.92, 15.08, 0.06]
[29.95, 17.1, 0.16, 0.1]
[29.96, 15.72, 0.13, 0.1]
[29.96, 15.46, 0.22, 0.16]
[30.16, 16.17, 0.23]
[29.95, 14.72, 0.14, 0.07]
[29.87, 14.89, 0.15, 0.09]
[29.92, 15.9, 0.09]
[29.79, 14.38, 0.14, 0.08]
[30.01, 16.22, 0.11]
[30.09, 15.36, 0.09]
[30.03, 16.23, 0.07]
[30.09, 16.33, 0.11, 0.08]
[30.26, 16.29, 0.12]
[29.47, 11.53, 0.19, 0.09]
[30.13, 15.22, 0.09]
[29.88, 14.42, 0.1]
[30.03, 13.42, 0.17, 0.11]
[30.08, 14.08, 0.19, 0.09]
[29.75, 15.73, 0.21]
[30.0, 15.81, 0.08]
[30.21, 16.16, 0.12]
[30.08, 16.51, 0.17]
[30.25, 16.72, 0.04]
[30.13, 12.49, 0.25, 0.13]
[30.12, 13.91, 0.26, 0.15]
[29.85, 15.24, 0.2, 0.11]
[30.02, 15.48, 0.07]
[29.97, 14.54, 0.12, 0.09]
[29.92, 14.82, 0.19, 0.11]
[30.34, 16.53, 0.13]
[30.18, 16.26, 0.18, 0.11]
[29.64, 15.24, 0.13, 0.09]
[30.25, 16.65, 0.2, 0.17]
[30.29, 15.72, 0.17, 0.07]
[29.89, 16.48, 0.18]
[30.12, 14.44, 0.23, 0.19]
[29.85, 15.66, 0.15]
[29.66, 15.15, 0.17, 0.14]
[30.19, 16.28, 0.16, 0.07]
[29.98, 14.9, 0.14]
[30.13, 15.19, 0.04]
[30.1, 15.62, 0.09, 0.06]
[29.8, 14.44, 0.11, 0.07]
[29.98, 14.56, 0.25, 0.12]
[30.01, 15.18, 0.07]
[29.91, 13.7, 0.03]
[29.55, 10.75, 0.17, 0.09]
[30.01, 14.51, 0.23, 0.12]
[30.16, 17.69, 0.05]
[29.73, 13.73, 0.18, 0.15]
[29.99, 17.29, 0.08]
[29.99, 14.73, 0.25, 0.11]
[29.85, 14.96, 0.13, 0.05]
[29.61, 14.44, 0.14, 0.11]
[30.13, 15.39, 0.18]
[29.81, 14.53, 0.17, 0.12]
[30.25, 16.29, 0.18, 0.14]
[30.0, 14.92, 0.16, 0.12]
[29.79, 13.23, 0.19, 0.11]
[29.74, 16.12, 0.1]
[29.84, 16.63, 0.07]
[30.05, 13.84, 0.14]
[29.82, 13.95, 0.12]
[29.94, 15.51, 0.16, 0.13]
[30.02, 15.61, 0.25, 0.1]
[29.82, 14.14, 0.09]
[29.85, 13.09, 0.27, 0.17]
[29.71, 13.72, 0.26, 0.14]
[29.74, 15.29, 0.07]
[29.85, 15.18, 0.09, 0.06]
[29.91, 14.83, 0.16]
[29.67, 16.2, 0.09]
[30.02, 13.33, 0.15, 0.09]
[29.75, 13.46, 0.12, 0.1]
[29.67, 13.72, 0.16, 0.13]
[30.12, 13.95, 0.14, 0.11]
[29.79, 15.43, 0.12]
[29.95, 16.14, 0.13]
[30.16, 15.77, 0.04]
[30.0, 15.04, 0.14, 0.05]
[29.71, 13.42, 0.05, 0.02]
[29.98, 16.67, 0.12]
[30.1, 16.7, 0.12]
[30.18, 15.11, 0.16, 0.12]
[29.64, 12.97, 0.21, 0.09]
[29.71, 14.25, 0.17]
[30.04, 16.1, 0.09, 0.04]
[30.24, 15.35, 0.16]
[29.95, 17.16, 0.14]
[30.15, 15.23, 0.21, 0.14]
[29.97, 14.89, 0.19]
[29.72, 13.69, 0.19, 0.06]
[29.33, 14.69, 0.16, 0.13]
