[29.74, 0.95, 0.81]
[30.06, 0.93, 0.69]
[30.08, 0.53]
[30.09, 0.75, 0.64]
[30.14, 1.83, 0.65, 0.2]
[29.94, 0.56]
[29.97, 1.01, 0.69, 0.35, 0.16]
[29.83, 0.86, 0.69]
[29.8, 0.82, 0.74]
[29.95, 0.82, 0.65]
[29.83, 0.84, 0.77]
[29.79, 0.61, 0.55]
[29.74, 0.75, 0.51, 0.22, 0.13]
[29.68, 0.79, 0.66]
[29.66, 0.76, 0.66]
[29.77, 0.92, 0.72]
[30.1, 0.83, 0.72]
[30.16, 1.33, 0.65, 0.26, 0.17]
[29.93, 1.14, 0.69, 0.34, 0.12]
[29.95, 0.76, 0.71]
[29.74, 0.76, 0.71]
[30.06, 2.16, 0.54, 0.23]
[29.87, 0.89, 0.51]
[29.64, 0.53]
[29.76, 0.89, 0.52, 0.26, 0.14]
[29.83, 0.87, 0.77]
[29.47, 0.58]
[29.69, 0.59, 0.54]
[29.7, 0.7, 0.57]
[30.25, 0.58]
[29.84, 0.76, 0.66]
[29.86, 0.72, 0.67]
[30.21, 0.78, 0.67]
[29.9, 0.92, 0.73]
[29.95, 1.24, 0.84, 0.52, 0.15]
[29.82, 1.19, 0.56, 0.17, 0.15]
[29.92, 0.89, 0.73]
[29.73, 0.97, 0.59]
[29.78, 0.9, 0.81]
[30.35, 0.84, 0.68]
[30.12, 1.03, 0.61]
[30.01, 1.5, 0.44, 0.21, 0.14]
[30.02, 0.84, 0.73, 0.7]
[29.68, 0.89, 0.48, 0.15]
[30.01, 1.09, 0.59, 0.16, 0.12]
[29.85, 0.83, 0.69]
[29.53, 0.68]
[30.0, 0.67, 0.58]
[29.69, 0.97, 0.6]
[29.99, 0.61]
[30.19, 0.81, 0.77]
[29.77, 0.8, 0.65]
[30.05, 0.77, 0.67]
[29.27, 0.66]
[29.9, 0.64]
[30.02, 0.79, 0.66]
[29.97, 0.74]
[29.99, 0.84, 0.55]
[30.0, 0.63, 0.56]
[29.83, 0.57]
[29.76, 0.71, 0.56]
[29.94, 0.75, 0.56]
[30.02, 0.91, 0.71]
[29.79, 0.92]
[29.81, 0.84, 0.6]
[29.48, 0.8, 0.68]
[30.32, 0.68, 0.6]
[29.97, 0.8, 0.48]
[29.71, 0.75]
[29.59, 1.0, 0.78]
[29.91, 0.98, 0.66]
[29.9, 1.24, 0.7, 0.18]
[30.06, 1.16, 0.56, 0.26, 0.17]
[30.17, 1.26, 0.57, 0.27, 0.21]
[29.87, 0.9, 0.7]
[29.96, 1.04, 0.71, 0.28, 0.13]
[30.28, 1.21, 0.59, 0.15, 0.13]
[30.18, 1.07, 0.74, 0.32, 0.2]
[30.08, 1.43, 0.59, 0.39, 0.2]
[30.08, 0.62]
[29.65, 0.83, 0.73, 0.7]
[30.06, 0.83, 0.77]
[29.65, 0.69, 0.53]
[30.37, 1.04, 0.62, 0.28, 0.19]
[29.98, 1.01, 0.49, 0.19, 0.16]
[29.82, 0.81]
[29.82, 0.97, 0.62]
[30.4, 1.61, 0.51, 0.21, 0.19]
[29.87, 1.0, 0.63, 0.38, 0.17]
[29.88, 0.84, 0.61, 0.13, 0.1]
[29.83, 0.93, 0.66]
[30.06, 0.76, 0.6]
[30.12, 0.81, 0.7]
[30.19, 1.0, 0.76]
[29.74, 1.11, 0.81, 0.79]
[29.83, 1.0, 0.58]
[30.19, 0.96, 0.7]
[29.95, 1.38, 0.56, 0.23, 0.21]
[29.88, 1.28, 0.49, 0.19]
[30.23, 1.05, 0.61, 0.19, 0.17]
