[38.55, 34.39, 0.68]
[38.65, 34.68, 2.3, 0.77, 0.36]
[38.61, 34.39, 1.56, 0.82]
[38.7, 35.51, 6.26, 0.76, 0.12]
[38.68, 35.42, 4.87, 0.74, 0.27]
[38.75, 35.64, 10.09, 0.61, 0.21]
[38.53, 34.3, 0.84]
[38.47, 34.24, 1.0]
[38.43, 34.46, 1.04]
[38.49, 34.53, 1.52, 1.0]
[38.66, 34.9, 1.84, 0.89]
[38.51, 34.01, 0.81]
[38.32, 34.57, 1.32, 1.15]
[38.73, 34.92, 1.32, 1.09]
[38.53, 34.25, 0.91]
[38.72, 34.73, 0.83]
[38.87, 35.37, 3.23, 0.75, 0.16]
[38.61, 34.53, 1.83, 1.08]
[38.53, 34.84, 1.73, 1.04]
[38.79, 35.21, 2.39, 0.99, 0.39]
[38.68, 35.0, 1.7, 1.01]
[38.53, 33.67, 1.04, 0.86]
[38.53, 34.85, 2.46, 0.73, 0.22]
[38.53, 34.24, 1.13]
[38.56, 34.94, 4.68, 0.58, 0.17]
[38.65, 35.17, 4.71, 0.53, 0.21]
[38.68, 35.1, 2.06, 0.79, 0.16]
[38.56, 34.93, 2.37, 0.61, 0.23]
[38.7, 35.45, 7.55, 0.49, 0.21]
[38.67, 35.0, 2.18, 0.81]
[38.59, 34.78, 1.3, 0.92]
[38.51, 35.05, 4.94, 0.53, 0.26]
[38.63, 33.98, 0.77]
[38.82, 35.86, 5.47, 0.54, 0.34]
[38.62, 35.14, 4.86, 0.27]
[38.74, 34.95, 0.93, 0.79]
[38.73, 35.18, 3.67, 0.87, 0.19]
[38.49, 34.47, 1.49, 0.8]
[38.59, 34.69, 1.54, 1.09]
[38.72, 35.34, 8.27, 0.4, 0.14]
[38.64, 35.48, 4.99, 0.94, 0.4]
[38.71, 35.23, 1.28, 1.07]
[38.54, 34.7, 1.39, 1.0]
[38.64, 34.82, 1.56, 0.71]
[38.67, 35.09, 2.87, 0.69, 0.31]
[38.48, 34.12, 1.11]
[38.6, 34.14, 1.1, 0.92]
[38.73, 34.88, 1.11, 0.84]
[38.51, 34.56, 2.17, 0.88, 0.22]
[38.59, 35.0, 1.73, 1.09]
[38.72, 35.25, 5.24, 0.71, 0.2]
[38.59, 35.01, 3.55, 0.64, 0.35]
[38.61, 34.49, 1.54, 1.15]
[38.6, 35.02, 3.17, 1.04, 0.32, 0.22]
[38.85, 34.87, 1.7, 0.9]
[38.64, 34.35, 1.86, 0.39, 0.15]
[38.62, 34.98, 2.12, 1.05]
[38.59, 34.7, 1.36, 0.89]
[38.61, 35.35, 4.0, 0.93, 0.17]
[38.74, 35.17, 4.16, 0.65, 0.2]
[38.6, 35.21, 7.92, 0.45, 0.08]
[38.48, 34.62, 2.12, 1.13, 0.23]
[38.63, 35.36, 5.76, 0.5, 0.13]
[38.52, 34.57, 1.26, 0.92]
[38.62, 35.1, 3.76, 0.47, 0.18]
[38.77, 34.29, 0.93, 0.85]
[38.58, 34.61, 1.62, 1.01]
[38.61, 35.08, 2.22, 0.58, 0.17]
[38.56, 35.47, 7.0, 0.9, 0.15]
[38.53, 34.54, 1.16, 0.76]
[38.63, 34.68, 1.15]
[38.63, 35.0, 3.16, 0.83, 0.46]
[38.48, 34.8, 1.26, 1.16]
[38.57, 34.22, 2.33, 0.69, 0.3]
[38.51, 34.39, 1.2, 0.8]
[38.63, 34.94, 1.86, 0.82]
[38.65, 35.21, 3.45, 0.73, 0.13]
[38.58, 34.6, 1.73, 0.72]
[38.62, 34.65, 2.03, 1.08]
[38.43, 34.31, 1.35, 0.8]
[38.59, 34.36, 1.41, 0.92]
[38.64, 33.96, 0.88]
[38.63, 34.76, 2.4, 0.89]
[38.53, 34.72, 1.88, 1.48, 1.47]
[38.79, 35.13, 2.54, 0.68, 0.41]
[38.39, 34.41, 1.14, 0.92, 0.87]
[38.76, 34.97, 1.45, 0.88]
[38.6, 35.14, 1.44, 1.03]
[38.52, 34.97, 3.39, 0.93, 0.43]
[38.57, 34.9, 1.4, 0.77]
[38.6, 34.41, 0.99]
[38.52, 35.14, 1.99, 1.22]
[38.64, 34.98, 1.73, 1.25]
[38.55, 34.48, 1.19, 0.69]
[38.5, 34.54, 1.4, 0.97]
[38.58, 34.8, 2.06, 1.04]
[38.7, 35.38, 4.46, 0.86, 0.44]
[38.67, 34.91, 1.89, 0.79]
[38.42, 34.29, 1.21, 0.79]
[38.61, 35.01, 2.28, 1.17]
