[30.24, 20.91, 0.27]
[30.31, 21.24, 0.21]
[29.85, 19.98, 0.18]
[29.95, 18.87, 0.19]
[29.72, 16.88, 0.12]
[29.89, 18.65, 0.15, 0.11]
[29.83, 21.0, 0.08]
[30.1, 19.6, 0.2]
[29.89, 19.13, 0.17]
[29.77, 19.24, 0.26, 0.23]
[29.98, 18.47, 0.17]
[30.32, 20.54, 0.22, 0.19]
[29.87, 19.32, 0.23]
[29.8, 19.2, 0.13]
[29.9, 18.85, 0.16]
[29.66, 19.49, 0.22]
[30.3, 20.97, 0.2]
[30.06, 18.25, 0.19]
[29.82, 18.94, 0.21]
[30.03, 19.59, 0.18]
[29.9, 19.18, 0.24]
[29.86, 19.14, 0.17]
[29.84, 21.04, 0.31]
[30.08, 20.1, 0.25]
[29.84, 18.95, 0.12]
[30.03, 19.07, 0.15]
[29.82, 19.19, 0.15]
[30.14, 19.87, 0.21]
[29.81, 18.54, 0.09]
[29.91, 21.32, 0.3]
[29.98, 18.16, 0.15]
[29.69, 17.48, 0.12]
[30.18, 19.81, 0.23]
[30.18, 19.01, 0.12]
[30.03, 21.3, 0.32]
[29.86, 18.67, 0.17]
[30.39, 21.15, 0.25]
[29.7, 18.8, 0.15]
[29.89, 18.98, 0.21, 0.19]
[29.96, 19.46, 0.16]
[29.96, 20.7, 0.22]
[29.7, 18.66, 0.09]
[29.91, 19.52, 0.15]
[29.98, 20.18, 0.18]
[29.84, 19.7, 0.24]
[30.28, 19.86, 0.3]
[30.21, 19.56, 0.18]
[29.72, 17.67, 0.21]
[29.81, 18.1, 0.2]
[30.0, 20.18, 0.13]
[30.04, 18.92, 0.14]
[29.9, 18.77, 0.2]
[29.88, 18.65, 0.18]
[29.72, 19.03, 0.17]
[30.18, 18.45, 0.2]
[30.22, 19.45, 0.17, 0.15]
[30.19, 21.46, 0.14]
[30.19, 20.1, 0.35]
[30.05, 18.55, 0.19, 0.15]
[30.14, 20.82, 0.26]
[29.88, 19.11, 0.11]
[30.21, 19.35, 0.13, 0.1]
[29.99, 20.15, 0.15]
[29.9, 18.58, 0.12]
[29.94, 19.43, 0.12]
[29.87, 19.15, 0.18]
[29.79, 17.05, 0.2]
[30.11, 19.21, 0.14]
[29.87, 19.29, 0.21]
[30.25, 19.94, 0.16]
[30.29, 20.57, 0.17]
[29.84, 20.08, 0.26]
[30.06, 19.43, 0.11]
[30.07, 19.9, 0.17]
[29.73, 19.09, 0.16]
[29.98, 20.01, 0.12]
[29.74, 17.67, 0.09]
[29.99, 17.81, 0.11]
[29.95, 19.57, 0.14]
[29.55, 19.28, 0.17]
[30.32, 20.47, 0.17]
[29.65, 17.58, 0.1]
[30.28, 20.67, 0.05]
[29.83, 19.42, 0.33]
[30.45, 20.19, 0.12]
[29.97, 20.21, 0.21]
[30.0, 20.64, 0.33]
[29.75, 19.65, 0.22]
[29.61, 18.34, 0.21]
[29.99, 20.81, 0.28]
[29.71, 18.66, 0.19]
[29.72, 19.54, 0.2]
[29.82, 19.73, 0.16]
[29.77, 17.59, 0.18]
[29.89, 19.46, 0.19, 0.14]
[30.1, 19.45, 0.32]
[29.97, 20.29, 0.16, 0.13]
[30.24, 21.21, 0.29]
[29.45, 18.36, 0.21, 0.18]
[30.2, 18.63, 0.15]
