[33.82, 18.89, 0.0]
[33.62, 15.76, 0.1]
[33.55, 18.15, 0.33]
[33.61, 17.29, 0.13]
[33.7, 15.1, 0.26]
[33.61, 16.79, 0.21]
[33.85, 17.77, 0.12]
[33.06, 11.86, 0.58, 0.39]
[33.02, 18.54, 0.47, 0.31]
[33.6, 15.67, 0.7, 0.33]
[33.99, 15.72, 0.19]
[34.05, 20.96, 0.38]
[33.48, 13.21, 0.45, 0.21]
[33.73, 18.07, 0.25, 0.11]
[33.38, 14.95, 0.09]
[33.48, 12.91, 0.77, 0.24]
[33.41, 17.03, 0.31]
[33.76, 18.78, 0.44]
[33.38, 15.21, 0.22]
[33.67, 14.35, 0.42, 0.17]
[33.95, 20.28, 0.11]
[33.34, 16.86, 0.14]
[33.57, 15.0, 0.2, 0.11]
[33.16, 14.92, 0.55, 0.37]
[33.68, 18.44, 0.2]
[33.35, 17.42, 0.15]
[32.88, 13.66, 0.23]
[33.82, 16.76, 0.35]
[33.81, 16.79, 0.18]
[33.72, 18.13, 0.25]
[33.64, 17.13, 0.37, 0.26]
[33.82, 15.27, 0.4, 0.23]
[33.45, 11.86, 0.42, 0.15]
[33.41, 16.08, 0.21]
[33.7, 18.3, 0.31]
[33.82, 17.65, 0.23]
[33.42, 16.36, 0.29]
[33.59, 17.68, 0.0]
[33.55, 15.65, 0.24]
[33.48, 15.26, 0.37, 0.05]
[33.5, 13.92, 1.25, 0.18]
[33.15, 16.92, 0.23]
[33.21, 14.83, 0.33, 0.19]
[33.52, 13.96, 0.28]
[33.86, 19.2, 0.46, 0.2]
[33.09, 11.96, 0.63, 0.23]
[32.9, 11.47, 0.28]
[33.61, 17.51, 0.4, 0.14]
[33.33, 12.74, 0.4, 0.28]
[33.67, 17.73, 0.07]
[33.77, 18.32, 0.23]
[33.71, 16.43, 0.25]
[33.46, 17.39, 0.2, 0.09]
[33.48, 18.42, 0.26]
[33.58, 16.29, 0.41, 0.3]
[33.73, 19.69, 0.47, 0.37]
[32.89, 15.42, 0.2]
[33.84, 19.57, 0.2]
[33.71, 16.63, 0.22]
[33.54, 13.93, 0.78, 0.34]
[33.7, 17.8, 0.47, 0.19]
[33.48, 18.67, 0.27, 0.08]
[33.58, 17.09, 0.33]
[33.48, 20.22, 0.23]
[34.02, 14.93, 0.13]
[33.48, 13.5, 0.27, 0.19]
[33.45, 15.66, 0.32, 0.2]
[33.33, 13.59, 0.4, 0.21]
[33.66, 15.82, 0.39, 0.2]
[33.5, 11.27, 0.66, 0.28]
[34.28, 17.7, 0.37, 0.15]
[33.87, 18.74, 0.16]
[33.28, 14.05, 0.79, 0.19]
[33.76, 17.42, 0.35, 0.26]
[33.04, 17.68, 0.3]
[33.44, 18.24, 0.58]
[32.87, 13.42, 0.31, 0.14]
[33.21, 15.8, 0.47, 0.27]
[33.61, 17.64, 0.24]
[33.11, 16.84, 0.23, 0.13]
[33.63, 16.19, 0.41, 0.23]
[33.55, 13.34, 0.38, 0.29]
[33.61, 17.27, 0.32, 0.2]
[33.7, 12.58, 0.29]
[33.5, 13.82, 0.7, 0.09]
[33.49, 14.88, 0.23]
[33.7, 14.47, 0.44, 0.18]
[33.56, 20.68, 0.06]
[33.47, 17.5, 0.13]
[33.45, 16.85, 0.23]
[33.76, 17.39, 0.14]
[33.84, 18.25, 0.27]
[33.83, 17.72, 0.08]
[34.07, 20.0, 0.22]
[33.54, 18.98, 0.18]
[33.53, 14.58, 0.36, 0.14]
[33.72, 13.96, 0.53, 0.28]
[33.6, 13.43, 0.42, 0.26]
[33.66, 16.53, 0.36, 0.25]
[33.82, 17.58, 0.19]
