[995, 234, 223, 200, 196]
[995, 224, 200, 192]
[995, 205, 197]
[995, 247, 236]
[995, 238, 198, 182, 181]
[995, 218, 154, 145]
[995, 214, 174, 159, 156]
[995, 221, 209, 190, 188]
[995, 234, 216, 191, 180]
[995, 245, 195, 173]
[995, 241, 197, 191]
[995, 245, 176, 167, 162]
[995, 238, 228]
[995, 220, 210]
[995, 218, 215]
[995, 223, 195, 177]
[995, 230, 155, 150]
[995, 229, 181, 167]
[995, 220, 212]
[995, 234, 226]
[995, 231, 171, 159]
[995, 242, 221, 210, 195, 192]
[995, 224, 218]
[995, 237, 201, 185, 184]
[995, 227, 215, 194, 187]
[995, 229, 208, 192, 188]
[995, 239, 182, 171, 166]
[995, 217, 192, 180, 175]
[995, 236, 215, 203, 193]
[995, 233, 198, 182, 176]
[995, 228, 178, 172]
[995, 231, 194, 180, 178]
[995, 261, 211, 190]
[995, 233, 230]
[995, 216, 208]
[995, 230, 221]
[995, 222, 191, 179, 175]
[995, 231, 211, 195, 194]
[995, 218, 188, 181]
[995, 215, 204, 188, 184]
[995, 219, 177, 166]
[995, 236, 214, 193, 185]
[995, 253, 195, 186]
[995, 226, 205, 192, 189]
[995, 233, 214, 203, 193]
[995, 233, 225]
[995, 218, 188, 174, 172]
[995, 232, 178, 166, 163]
[995, 227, 196, 181, 174]
[995, 223, 205, 192, 180]
[995, 213, 180, 165, 163]
[995, 221, 218]
[995, 226, 224]
[995, 222, 214]
[995, 241, 196, 174, 169]
[995, 234, 160, 153]
[995, 247, 218, 193, 190]
[995, 212, 174, 164, 163]
[995, 210, 201]
[995, 223, 208, 190, 181]
[995, 222, 183, 171]
[995, 240, 209, 195, 180]
[995, 220, 189, 173, 172]
[995, 232, 208, 191, 186]
[995, 221, 174, 168]
[995, 234, 203, 191, 182]
[995, 222, 206, 190, 185]
[995, 216, 212]
[995, 212]
[995, 236, 195, 185]
[995, 219, 218]
[995, 233, 205, 193, 187]
[995, 232, 228]
[995, 220, 178, 167, 165]
[995, 235, 232, 231]
[995, 240, 220, 188, 184]
[995, 228, 213, 193, 190]
[995, 237, 228]
[995, 242, 231]
[995, 241, 240]
[995, 229, 166, 155]
[995, 251, 217, 207]
[995, 242, 211, 197, 193]
[995, 226, 213, 197, 188]
[995, 222, 205, 186, 185]
[995, 240, 189, 172]
[995, 234, 210, 188]
[995, 217, 183, 174, 168]
[995, 233, 221, 207, 197]
[995, 234, 189, 181]
[995, 228, 192, 186]
[995, 223, 201, 178]
[995, 243, 191, 174, 170]
[995, 216, 173, 162, 161]
[995, 224, 187, 172, 169]
[995, 236, 221, 205, 197]
[995, 230, 207, 189, 180]
[995, 223, 211, 199, 183]
[995, 232, 213, 189, 184]
[995, 235, 198, 180, 175]
[995, 213, 184, 172, 158]
[995, 219, 204, 184, 177]
[995, 242, 196, 177, 174]
[995, 242, 226, 213, 204]
[995, 221, 211]
[995, 230, 221]
[995, 236, 196, 180, 176]
[995, 243, 203, 180, 174]
[995, 226, 208, 192, 189]
[995, 224, 222]
[995, 219, 195, 177]
[995, 221, 177, 170]
[995, 217, 198, 176, 175]
[995, 216, 177, 170]
[995, 218, 211]
[995, 226, 224]
[995, 224, 209, 186, 180]
[995, 231, 184, 169]
[995, 220, 204, 186, 176]
[995, 226]
[995, 247, 214, 209]
[995, 247, 211, 192, 186]
[995, 220, 173, 162, 161]
[995, 224, 216]
[995, 234, 194, 178, 175]
[995, 221, 214]
[995, 230, 173, 167]
[995, 222, 208, 187, 177]
[995, 233, 185, 168, 162]
[995, 226, 219]
[995, 209, 207]
[995, 216, 211]
[995, 230, 223]
[995, 223, 213]
[995, 232, 220, 203, 193]
[995, 225, 201, 183, 178]
[995, 230, 153, 147]
[995, 247, 224, 202, 195]
[995, 213, 182, 177]
[995, 214, 197, 183, 177]
[995, 225, 219]
[995, 222, 221]
[995, 224, 218]
[995, 217, 191, 181, 175]
[995, 233, 225]
[995, 244, 207, 185]
[995, 220, 179, 166, 164]
[995, 221, 203, 189, 187]
[995, 221, 188, 180]
[995, 237, 204, 184]
[995, 213, 186, 172, 170]
[995, 230, 189, 172]
[995, 229, 181, 172]
[995, 238, 188, 176, 175]
[995, 244, 211, 196, 191]
[995, 240, 227, 210, 202]
[995, 241, 206, 194, 178]
[995, 232, 216, 193, 179]
[995, 233, 221, 197, 192]
[995, 228, 207, 186, 177]
[995, 243, 240]
[995, 220, 198, 185, 183]
[995, 221, 196, 173]
[995, 233, 194, 172, 171]
[995, 228, 207, 191, 188]
[995, 221, 213]
[995, 225, 212, 193, 184]
[995, 235, 189, 178, 173]
[995, 234, 203, 182, 180]
[995, 228, 208, 188, 186]
[995, 226, 220]
[995, 220, 213]
[995, 231, 219, 204, 193]
[995, 215, 212]
[995, 225, 198, 180, 174]
[995, 215, 194, 174, 172]
[995, 236, 210, 190]
[995, 215, 202, 194]
[995, 237, 196, 182, 181]
[995, 210, 195, 175, 171]
[995, 219, 215]
[995, 217, 187, 173, 172]
[995, 218, 211]
[995, 219, 208, 194, 192]
[995, 240, 193, 175, 174]
[995, 235, 197, 178]
[995, 219, 214]
[995, 208, 199]
[995, 233, 199, 189, 184]
[995, 225, 203, 184, 174]
[995, 223, 211, 191, 182]
[995, 243, 235]
[995, 244, 224, 201, 198]
[995, 224, 207, 186]
[995, 231, 211, 193, 182]
[995, 227, 213, 197, 193]
[995, 221, 181, 170, 166]
[995, 232, 214, 201, 183]
[995, 219, 198, 177, 172]
[995, 237, 220, 199, 192]
[995, 244, 173, 162]
[995, 247, 220, 194, 186]
[995, 220, 217]
[995, 207, 203]
[995, 227, 207, 189, 182]
[995, 224, 195, 189]
[995, 220, 190, 170]
[995, 226, 217]
[995, 242, 195, 185, 181]
[995, 235, 196, 179, 176]
[995, 215, 199, 182, 176]
[995, 234, 201, 177, 175]
[995, 231, 204, 187, 181]
[995, 236, 179, 173]
[995, 210, 197, 176, 174]
[995, 244, 227, 201, 197]
[995, 231, 212, 194, 192]
[995, 244, 225, 205, 192]
[995, 243, 219, 199]
[995, 204, 195, 194]
[995, 235, 227]
[995, 218, 196, 183, 170]
[995, 221, 183, 169]
[995, 238, 187, 178, 176]
[995, 248, 208, 192, 175]
[995, 242, 231]
[995, 215, 205, 174, 172]
[995, 228, 205, 179, 175]
[995, 216, 167, 153]
[995, 235, 214, 191, 174]
[995, 231, 203, 189, 183]
[995, 235, 213, 188, 187]
[995, 229, 226]
[995, 235, 225]
[995, 221, 215]
[995, 235, 176, 165]
[995, 242, 191, 185]
[995, 227, 207, 183, 179]
[995, 220, 219]
[995, 210, 171, 166]
[995, 226, 224]
[995, 242, 229, 212, 202]
[995, 251, 219, 204, 199]
[995, 225, 204, 191, 181, 180]
[995, 237, 208, 194, 191]
[995, 217, 202, 179, 172]
[995, 236, 221, 198, 192]
[995, 243, 192, 179, 177]
[995, 194]
[995, 226, 217]
[995, 220, 176, 162, 159]
[995, 243, 186, 166, 162]
[995, 223, 202, 184, 174]
[995, 212, 184, 174, 168]
[995, 218, 213]
[995, 213, 168, 155, 150]
[995, 223, 206, 187, 186]
[995, 246, 230, 215, 209]
[995, 211]
[995, 211, 199, 171, 166]
[995, 230, 182, 167, 165]
[995, 244, 199, 182, 179]
[995, 242, 218, 198, 193]
[995, 224, 217]
[995, 231, 221]
[995, 234, 206, 195, 187]
[995, 227, 186, 173, 171]
[995, 219, 203, 181]
[995, 233, 188, 170, 169]
[995, 217, 192, 178, 174]
[995, 233, 225]
[995, 225, 207, 189, 182]
[995, 230, 219, 203, 193]
[995, 234, 222, 199, 197]
[995, 224, 206, 189, 182]
[995, 233, 214, 194, 192]
[995, 229, 206, 196, 192]
[995, 233, 202, 189, 184]
[995, 196, 189]
[995, 232, 222]
[995, 230, 228]
[995, 217, 200, 174, 169]
[995, 230, 205, 194, 184]
[995, 219, 204, 183, 178]
[995, 238, 233]
[995, 207, 205]
[995, 235, 205, 190, 175]
[995, 242, 206, 188, 187]
[995, 224, 201, 177, 173]
[995, 242, 225, 193, 189]
[995, 219, 146, 139]
[995, 218]
[995, 226, 209, 196, 184]
[995, 247, 204, 188]
[995, 207, 197, 171, 169]
[995, 225, 217]
[995, 221, 208, 184, 176]
[995, 220, 191, 182, 171]
[995, 217, 213]
[995, 233, 232]
[995, 223, 201, 189, 180]
[995, 223, 218]
[995, 238, 207, 193, 184, 183]
[995, 235, 210, 191, 186]
[995, 255, 161, 160]
[995, 235, 213, 202, 196]
[995, 237, 229]
[995, 227, 200, 189, 180]
[995, 229, 189, 177]
[995, 234, 211, 188, 181]
[995, 230, 156, 152]
[995, 246, 214, 188, 184]
[995, 226, 223, 220]
[995, 233, 180, 169, 166]
[995, 236, 214, 205]
[995, 224, 201, 185, 177]
[995, 209, 197, 181, 175]
[995, 220, 218]
[995, 226, 189, 182]
[995, 203, 193, 174, 169]
[995, 232, 163, 156]
[995, 255, 220, 203, 195]
[995, 242, 241]
[995, 237, 222, 206, 192]
[995, 218, 208]
[995, 237, 224, 186, 183]
[995, 220, 206, 191, 182]
[995, 216, 211]
[995, 210, 208]
[995, 222, 203, 191, 180]
[995, 236, 215, 207]
[995, 236, 195, 179, 178]
[995, 236, 229]
[995, 234, 216, 197, 191]
[995, 247, 200, 192]
[995, 231, 227]
[995, 235, 228]
[995, 220, 199, 181, 172]
[995, 233, 195, 181, 179]
[995, 232, 214, 191, 190]
[995, 229, 214, 199, 194]
[995, 231]
[995, 225, 224]
[995, 219, 171, 158, 155]
[995, 241, 232]
[995, 225]
[995, 228, 221]
[995, 232, 223]
[995, 235, 178, 168]
[995, 230, 191, 178, 173]
[995, 229, 206, 189, 187]
[995, 222, 205, 182, 174]
[995, 233, 231]
[995, 234]
[995, 216, 198, 177, 171]
[995, 209, 201]
[995, 214, 213]
[995, 239, 210, 192]
[995, 227, 222]
[995, 236, 168, 160, 159]
[995, 221, 186, 175, 172]
[995, 252, 238, 213, 206]
[995, 229, 163, 159]
[995, 216, 184, 167]
[995, 209, 191, 181, 170]
[995, 248, 210, 187, 174]
[995, 259, 229, 211, 203]
[995, 224, 203, 189, 177]
[995, 233, 221, 202, 188]
[995, 234, 218, 200, 194]
[995, 232, 214, 195, 187]
[995, 228, 217, 194, 185]
[995, 217, 205, 195, 189]
[995, 222, 184, 165]
[995, 235, 200, 184]
[995, 227, 214, 197, 186, 182]
[995, 214]
[995, 222, 197, 188]
[995, 214, 194, 182, 170]
[995, 218, 209]
[995, 234, 219, 200, 198]
[995, 227, 193, 185]
[995, 220, 210]
[995, 238, 228]
[995, 206, 205]
[995, 235, 221, 207, 200]
[995, 238, 212, 193, 189]
[995, 233, 225]
[995, 242, 220, 202, 190]
[995, 242, 190, 178]
[995, 216, 213]
[995, 214, 204, 186, 174]
[995, 215, 206]
[995, 227, 225]
[995, 225, 221]
[995, 239, 178, 166]
[995, 221, 197, 173, 172]
[995, 239, 236, 235]
[995, 228, 192, 178, 175]
[995, 231, 226]
[995, 208, 207]
[995, 236, 221, 199, 191]
[995, 218, 185, 164, 163]
[995, 229, 189, 178, 175]
[995, 238, 176, 165, 163]
[995, 235, 212, 190, 173]
[995, 237, 175, 163, 159]
[995, 222, 208, 192, 182]
[995, 215, 214]
[995, 217, 165, 160]
[995, 234, 228]
[995, 224, 192, 186]
[995, 236, 187, 171]
[995, 234, 194, 176, 175]
[995, 192, 189]
[995, 218]
[995, 238, 204, 194, 186]
[995, 226, 214, 188, 183]
[995, 226, 202, 186, 179]
[995, 237, 211, 194, 190]
[995, 236, 207, 187, 182]
[995, 232, 202, 190, 185]
[995, 235, 231]
[995, 235, 197, 183, 181]
[995, 229, 181, 165, 162]
[995, 245, 193, 183]
[995, 233, 212, 198, 188]
[995, 222, 200, 182, 179]
[995, 219, 210]
[995, 223, 185, 163, 162]
[995, 209, 186, 162, 156]
[995, 222, 216]
[995, 237, 200, 187, 181]
[995, 245, 227, 203, 195]
[995, 218, 213]
[995, 222, 209, 190, 187]
[995, 221, 213]
[995, 233, 221, 191, 183]
[995, 229, 186, 175, 170]
[995, 233, 226]
[995, 241, 219, 200, 197]
[995, 220, 215]
[995, 230, 181, 166]
[995, 225, 222, 221]
[995, 231, 206, 186, 184]
[995, 218, 193, 175, 167]
[995, 220, 205, 185, 169]
[995, 224, 185, 171]
[995, 232, 160, 158]
[995, 210, 209]
[995, 235, 176, 162, 161]
[995, 233, 223]
[995, 227, 218]
[995, 249, 218, 203, 199]
[995, 220, 207, 194, 179]
[995, 215, 213]
[995, 228, 184, 171, 169]
[995, 213, 198, 187, 177]
[995, 215, 207]
[995, 223, 186, 167]
[995, 229, 209, 181, 179]
[995, 218, 197, 170, 162]
[995, 224, 194, 172, 171]
[995, 230, 213, 197, 177]
[995, 232, 217, 196, 189]
[995, 219, 193, 173]
[995, 224, 220]
[995, 235, 168, 159]
[995, 229, 222]
[995, 211, 210]
[995, 203, 194]
[995, 221, 189, 178, 174]
[995, 213, 170, 148, 146]
[995, 240, 178, 168]
[995, 233, 187, 176, 175]
[995, 228, 214, 198, 194]
[995, 240, 188, 178, 175]
[995, 222, 209, 192, 174]
[995, 232, 202, 178, 171]
[995, 226, 209, 192, 185]
[995, 247, 210, 183, 177]
[995, 215, 200, 176, 166]
[995, 249, 244]
[995, 226, 198, 193]
[995, 227, 186, 182]
[995, 235, 215, 195, 187]
[995, 254, 225, 206, 194]
[995, 259, 212, 188]
[995, 241, 180, 172]
[995, 221, 208, 187, 180]
[995, 239, 195, 176, 175]
[995, 248, 216, 196, 189]
[995, 219, 215]
[995, 222, 200, 183, 174]
[995, 220, 175, 165, 163]
[995, 197, 193]
[995, 231, 188, 180]
[995, 219, 197, 184, 180]
[995, 211, 207]
[995, 219, 189, 173, 172]
[995, 229, 184, 175]
[995, 239, 205, 189]
[995, 223, 211, 188, 184]
[995, 232]
[995, 229, 190, 177, 170]
[995, 229, 222]
[995, 219, 189, 179, 172]
[995, 217, 201, 186, 178]
[995, 237, 207, 197, 186]
[995, 239, 214, 199, 194]
[995, 231, 213, 193, 188]
[995, 235, 187, 172, 171]
[995, 229, 211, 191, 181]
[995, 219, 187, 178, 175]
[995, 220, 185, 177]
[995, 208]
[995, 216, 202, 187, 182]
[995, 219, 190, 182]
[995, 227, 199, 188]
[995, 245, 197, 188]
[995, 214, 196, 184, 181]
[995, 213, 211]
[995, 227, 178, 164]
[995, 235, 198, 186, 183]
[995, 202, 191, 176, 170]
[995, 223, 169, 164]
[995, 237, 206, 189, 187]
[995, 238, 226, 209, 198]
[995, 229, 189, 173, 171]
[995, 237, 229]
[995, 234, 202, 189, 180]
[995, 218, 172, 159, 157]
[995, 212, 195, 182, 172]
[995, 214, 200, 171, 169]
[995, 208, 196, 178, 174]
[995, 227, 205, 189, 187]
[995, 226, 206, 186, 178]
[995, 232, 202, 180, 176]
[995, 226, 199, 177, 172]
[995, 237, 228]
[995, 231, 206, 192, 188]
[995, 229, 175, 165]
[995, 206, 188, 177, 172]
[995, 206, 189, 173, 164]
[995, 223, 206, 195, 189]
[995, 223, 190, 174, 168]
[995, 226, 208, 181, 172]
[995, 213, 196, 169, 166]
[995, 222, 210, 192, 182]
[995, 224, 218]
[995, 223, 206, 192, 180]
[995, 252, 233, 215, 206]
[995, 228, 196, 187]
[995, 206, 202]
[995, 236, 229]
[995, 228, 190, 185]
[995, 248, 218, 199, 198]
[995, 227, 226]
[995, 232, 181, 173]
[995, 239, 224, 205, 197]
[995, 216, 195, 184, 171]
[995, 235, 195, 182, 179]
[995, 205, 201]
[995, 230, 209, 195, 188]
[995, 246, 239]
[995, 235, 218, 194, 185]
[995, 232, 222]
[995, 240, 175, 169]
[995, 225, 199, 183, 173]
[995, 229, 222]
[995, 242, 211, 194, 189]
[995, 222, 211, 188, 182]
[995, 211, 198, 189]
[995, 236, 176, 161]
[995, 235, 229]
[995, 233, 209, 185, 183]
[995, 245, 206, 192, 188]
[995, 244, 204, 190, 185]
[995, 225, 182, 168]
[995, 211, 207]
[995, 235, 195, 183, 174]
[995, 210, 204]
[995, 202, 195]
[995, 248, 215, 199, 194]
[995, 238, 196, 183, 181]
[995, 212, 169, 161, 160]
[995, 220, 205, 183, 179]
[995, 249, 218, 188, 184]
[995, 240, 215, 197, 190]
[995, 238, 169, 156]
[995, 233, 188, 177, 170]
[995, 239, 213, 199, 192]
[995, 222, 187, 173, 170]
[995, 232, 209, 187, 178]
[995, 232, 186, 183]
[995, 224, 199, 178, 177]
[995, 229, 190, 176, 175]
[995, 226, 200, 188, 178]
[995, 249, 203, 184, 182]
[995, 236, 228]
[995, 239, 217, 195, 191]
[995, 200, 196]
[995, 240, 202, 189, 183]
[995, 229, 206, 181, 177]
[995, 232, 228]
[995, 219, 201, 184, 172]
[995, 202, 172, 163, 157]
[995, 215, 190, 174, 173]
[995, 235, 197, 183, 180]
[995, 212, 202, 170, 167]
[995, 203, 186, 175, 169]
[995, 263, 208, 195]
[995, 212, 191, 172, 171]
[995, 218, 203, 186, 177]
[995, 234]
[995, 213, 161, 155]
[995, 228, 186, 175, 173]
[995, 214, 193, 169, 168]
[995, 222, 194, 178, 167]
[995, 205, 170, 153, 152]
[995, 230, 225]
[995, 248, 185, 176]
[995, 229, 215, 198, 189]
[995, 242, 208, 193]
[995, 230, 224]
[995, 230, 210, 192, 180]
[995, 231, 224]
[995, 215, 177, 170]
[995, 223, 205, 187, 184]
[995, 234, 203, 186, 182]
[995, 222, 201, 187, 179]
[995, 238, 232]
[995, 212, 197, 190]
[995, 225, 181, 166]
[995, 238, 189, 180]
[995, 231, 167, 163]
[995, 231, 194, 177, 175]
[995, 223, 197, 177, 175]
[995, 230, 173, 162]
[995, 248, 239]
[995, 217, 212]
[995, 228, 218]
[995, 207, 188, 171, 169]
[995, 214, 168, 163]
[995, 250, 203, 185, 175]
[995, 224, 195, 185, 180]
[995, 227, 222]
[995, 210, 189, 168, 167]
[995, 228, 214, 197, 192]
[995, 244, 192, 180, 172]
[995, 247, 227, 204, 203]
[995, 219, 206, 189, 182]
[995, 224, 192, 162, 160]
[995, 225, 187, 182]
[995, 224, 218]
[995, 237, 191, 176, 175]
[995, 248, 211, 198, 191]
[995, 230, 217, 194, 179]
[995, 232, 217, 197, 190]
[995, 232, 221, 199, 188]
[995, 226, 200, 187, 178]
[995, 228, 220]
[995, 233, 165, 162]
[995, 230, 215, 196, 181]
[995, 211, 203]
[995, 228, 213, 184, 181]
[995, 210, 186, 171]
[995, 234, 212, 194, 183]
[995, 229, 176, 167]
[995, 227, 212, 192, 185]
[995, 233, 198, 181, 180]
[995, 236, 212, 190, 184]
[995, 232, 201, 175, 172]
[995, 221, 201, 185, 180]
[995, 225, 191, 178, 174]
[995, 222, 216]
[995, 246, 192, 183, 177]
[995, 226, 221]
[995, 208, 188, 170, 168]
[995, 234, 223, 206, 199]
[995, 228, 171, 162]
[995, 252, 251]
[995, 233, 211, 203]
[995, 220, 169, 166]
[995, 248, 219, 203, 199]
[995, 240, 227, 203, 190]
[995, 230, 207, 185, 175]
[995, 240, 201, 186, 176]
[995, 227, 194, 175, 171]
[995, 191, 189]
[995, 239, 173, 164, 163]
[995, 239, 221, 203, 193]
[995, 245, 241]
[995, 227, 218]
[995, 222, 217]
[995, 228, 204, 182, 178]
[995, 235, 159]
[995, 224, 208, 186, 185]
[995, 230, 193, 176, 175]
[995, 222, 219]
[995, 227, 208, 186, 180]
[995, 228, 210, 193, 172]
[995, 209, 204]
[995, 216, 206, 177, 173]
[995, 237, 226, 189, 184]
[995, 224, 193, 176, 175]
[995, 221, 212]
[995, 225, 199, 182]
[995, 242, 198, 177, 175]
[995, 242, 232]
[995, 216, 177, 162, 159]
[995, 243, 196, 187]
[995, 240, 237]
[995, 216, 200, 186, 176]
[995, 232, 206, 183, 179]
[995, 222, 203, 192, 179]
[995, 220, 203, 179, 166]
[995, 227, 203, 188, 183]
[995, 239, 234]
[995, 229, 217, 196, 190]
[995, 228, 221]
[995, 228, 224]
[995, 231, 191, 179, 176]
[995, 218, 202, 179, 174]
[995, 207, 184, 174, 166]
[995, 235, 225]
[995, 228, 210, 190, 180]
[995, 205]
[995, 251, 195, 186]
[995, 218, 187, 178, 175]
[995, 227, 218]
[995, 225, 217]
[995, 210, 202]
[995, 236, 201, 181, 180]
[995, 234, 232]
[995, 232, 204, 190, 182]
[995, 208, 205]
[995, 205, 185, 167, 162]
[995, 218, 198, 186, 176]
[995, 244, 236]
[995, 231, 210, 192, 189]
[995, 244, 176, 169]
[995, 237, 217, 199, 189]
[995, 207, 181, 172, 170]
[995, 231, 225]
[995, 207, 206]
[995, 223, 206, 183, 178]
[995, 212, 195, 171, 169]
[995, 237, 208, 195, 187]
[995, 247, 242]
[995, 217, 205, 190, 185]
[995, 209, 197, 179, 172]
[995, 240, 222, 205, 191, 190]
[995, 207, 199]
[995, 210, 186, 176, 158]
[995, 204, 198]
[995, 229, 212, 186, 177]
[995, 209, 205]
[995, 229, 212, 190, 189]
[995, 227, 157, 146]
[995, 226, 206, 191, 187]
[995, 247, 194, 186]
[995, 224, 210, 201]
[995, 264, 220, 198]
[995, 225, 222]
[995, 222, 211, 180, 174]
[995, 227, 175, 164]
[995, 244, 212, 195, 187]
[995, 229, 214, 193, 188]
[995, 226, 206, 185, 177]
[995, 226, 212, 187, 181]
[995, 246, 175, 165]
[995, 234, 215, 198, 194]
[995, 234, 185, 177]
[995, 213, 210, 206]
[995, 236, 202, 193]
[995, 237, 202, 190, 180]
[995, 230, 209, 199, 194]
[995, 234, 220, 208, 195]
[995, 214, 201, 193]
[995, 242, 230, 205, 200]
[995, 253, 215, 197, 187]
[995, 204, 163, 155]
[995, 207, 198]
[995, 220, 219]
[995, 238, 209, 201]
[995, 236, 221, 201, 192]
[995, 214, 207]
[995, 221, 216]
[995, 221, 217]
[995, 247, 224, 197, 194]
[995, 241, 210, 193, 191]
[995, 261, 214, 194, 193]
[995, 239, 212, 184, 179]
[995, 233, 185, 169, 167]
[995, 229, 193, 176, 172]
[995, 231, 205, 189, 177]
[995, 232, 199, 179, 172]
[995, 218, 208]
[995, 241, 219, 205, 191]
[995, 249, 228, 208, 194]
[995, 228, 221]
[995, 202, 201]
[995, 234, 232]
[995, 211, 176, 158]
[995, 217, 205, 190, 187]
[995, 234, 190, 179, 176]
[995, 228, 223]
[995, 213, 166, 163]
[995, 241, 235]
[995, 235, 201, 183, 171]
[995, 234, 222, 206, 190, 188]
[995, 231, 192, 181, 179]
[995, 226, 215, 204, 195]
[995, 224, 221, 220]
[995, 233, 221, 199, 181]
[995, 239, 177, 159]
[995, 231, 200, 187, 175]
[995, 217, 211]
[995, 238, 184, 179]
[995, 229, 185, 175, 174]
[995, 221]
[995, 232, 205, 190, 183]
[995, 226, 222]
[995, 256, 171, 164]
[995, 241, 177, 172]
[995, 220, 218]
[995, 227, 175, 169]
[995, 214, 203, 184, 180]
[995, 234, 212, 194, 193]
[995, 235, 217, 198, 189]
[995, 251, 240]
[995, 240, 199, 189, 185]
[995, 237, 187, 179]
[995, 246, 192, 181, 179]
[995, 235, 229]
[995, 243, 233]
[995, 218, 212]
[995, 223, 189, 169]
[995, 239, 234]
[995, 216, 212]
[995, 225, 218]
[995, 232, 181, 174]
[995, 235, 188, 182]
[995, 228, 199, 187, 185]
[995, 225, 181, 172]
[995, 217, 198, 188, 186]
[995, 213, 196, 174, 166]
[995, 237, 220, 206, 197]
[995, 256, 202, 193]
[995, 212, 193, 171, 170]
[995, 221, 188, 186]
[995, 227, 210, 185, 183]
[995, 226, 219]
[995, 249, 208, 196, 189]
[995, 227, 205, 177]
[995, 249, 223, 198, 193]
[995, 219, 195, 184, 181]
[995, 225, 204, 186, 182]
[995, 208, 197, 173, 157]
[995, 217, 167, 158, 157]
[995, 213, 202, 179, 175]
[995, 209, 163, 149, 147]
[995, 216, 205, 182, 177]
[995, 215, 191, 164, 159]
[995, 213, 189, 176, 167]
[995, 239, 224, 200, 188]
[995, 214, 211]
[995, 231, 162, 151, 150]
[995, 230, 214, 197, 191]
[995, 230, 211, 185, 173]
[995, 220, 210]
[995, 219, 209]
[995, 235, 186, 177, 170]
[995, 233, 188, 181]
[995, 240, 207, 192, 184]
[995, 208, 184, 171, 169]
[995, 219, 203, 182, 177]
[995, 206, 200]
[995, 247, 174, 167]
[995, 221, 194, 187]
[995, 226, 207, 187, 184]
[995, 235, 181, 172]
[995, 209, 193, 178, 170]
[995, 218, 208]
[995, 248, 178, 164]
[995, 225, 223]
[995, 205]
[995, 227, 190, 175, 171]
[995, 245, 200, 186]
[995, 218, 216]
[995, 219, 161, 155]
[995, 244, 227, 202, 195]
[995, 230, 223]
[995, 241, 206, 193, 185]
[995, 240, 228, 192, 187]
[995, 236, 187, 172]
[995, 228, 209, 176, 169]
[995, 231, 196, 178, 176]
[995, 234, 181, 171, 170]
[995, 224, 179, 170, 169]
[995, 243, 200, 185, 179]
[995, 228, 212, 196, 192]
[995, 219, 206, 190, 180]
[995, 241, 235]
[995, 242, 212, 192, 190]
[995, 249, 219, 197, 192]
[995, 215, 211]
[995, 219, 194, 182, 177]
[995, 225, 186, 180]
[995, 215, 192, 185]
[995, 220, 219]
[995, 212, 209]
[995, 223, 218]
[995, 233, 201, 185, 177]
[995, 258, 217, 202, 192]
[995, 222, 206, 195, 183]
[995, 201, 200]
[995, 237, 225, 206, 193]
[995, 228, 226]
[995, 231, 220, 196, 189]
[995, 238, 220, 203, 195]
[995, 219, 210]
[995, 230, 210, 197, 189]
[995, 231, 229]
[995, 218, 199, 176]
[995, 226, 201, 184, 175]
[995, 218, 193, 176, 169]
[995, 227, 208, 185, 180]
[995, 224, 212, 189, 174, 171]
[995, 223, 200, 193, 191]
[995, 234, 221, 200, 184]
[995, 241, 214, 191, 181]
[995, 247, 214, 201, 192]
[995, 214, 212]
[995, 247, 204, 190, 182]
[995, 238, 225, 202, 195]
[995, 220, 210]
[995, 218, 196, 174, 173]
[995, 240, 189, 170]
[995, 244, 211, 188, 186]
[995, 213, 204]
[995, 236, 186, 179]
[995, 217, 201, 183, 180]
[995, 242, 219, 203, 199]
[995, 220, 218]
[995, 225, 145, 138]
[995, 260, 187, 179]
[995, 222, 211, 201, 199]
[995, 245, 204, 195]
[995, 206, 197]
[995, 236, 191, 177, 172]
[995, 223, 189, 173, 169]
[995, 215, 199, 183, 179]
[995, 253, 187, 176]
[995, 226, 177, 165]
[995, 228, 215, 192, 185]
[995, 236, 220, 204, 198]
[995, 223, 209, 194, 191]
[995, 229, 207, 187, 184]
[995, 231, 216, 204, 197]
[995, 217, 213]
[995, 226, 224]
[995, 225, 212, 190, 183]
[995, 207, 193, 181, 171]
[995, 211, 192, 165, 164]
[995, 212, 195, 178, 172]
[995, 229, 219]
[995, 243, 187, 176, 173]
[995, 242, 208, 189, 184]
[995, 228, 170, 161]
[995, 241, 210, 189, 187]
[995, 224, 189, 182]
[995, 235, 217, 202, 189]
[995, 229, 219]
[995, 237, 213, 201, 194]
[995, 226, 175, 163, 161]
[995, 237, 223, 203, 185]
[995, 222, 194, 180, 174]
[995, 217, 207]
[995, 245, 218, 195, 187]
[995, 242, 207, 195, 187]
[995, 219, 187, 170]
[995, 214, 199, 181, 177]
[995, 235, 227]
[995, 243, 213, 188, 187]
[995, 227, 185, 170, 166]
[995, 220, 213]
[995, 230, 222]
[995, 236, 195, 184]
[995, 247, 180, 169, 164]
[995, 218, 216]
[995, 216, 211]
[995, 235, 188, 173, 170]
[995, 248, 235, 215, 204]
[995, 230, 213, 201, 191]
[995, 223, 170, 163]
[995, 221, 206, 187, 183]
[995, 245, 198, 183]
[995, 249, 244]
