[995, 551, 245, 186, 184]
[995, 366, 159]
[995, 578, 290, 174, 173]
[995, 405, 188, 187]
[995, 568, 321, 193]
[995, 567, 296, 188, 186]
[995, 378, 165]
[995, 467, 214, 180]
[995, 559, 308, 202, 195]
[995, 456, 176]
[995, 533, 259, 210, 197]
[995, 634, 345, 231, 201, 195]
[995, 576, 365, 220, 184, 178]
[995, 573, 326, 227, 216, 215]
[995, 455, 240, 195]
[995, 380, 157]
[995, 664, 389, 219, 190, 186]
[995, 788, 592, 461, 354, 308, 301, 300]
[995, 556, 310, 197, 191]
[995, 433, 171]
[995, 520, 261, 204, 202]
[995, 468, 202, 191]
[995, 537, 309, 197, 196]
[995, 613, 378, 223, 191, 182]
[995, 489, 225, 170]
[995, 553, 321, 201, 196, 192]
[995, 589, 315, 212, 201, 199, 198]
[995, 556, 319, 194, 187]
[995, 546, 307, 191, 189]
[995, 537, 282, 171]
[995, 600, 346, 225, 199, 196, 195]
[995, 508, 260, 171, 166]
[995, 509, 242, 198, 196]
[995, 416, 169]
[995, 537, 287, 209, 203, 200, 198]
[995, 503, 251, 204, 203]
[995, 591, 343, 212, 187, 182, 174]
[995, 553, 332, 217, 207]
[995, 451, 219, 208, 207]
[995, 538, 265, 186, 183]
[995, 440, 177, 175]
[995, 378, 149]
[995, 528, 296, 198, 189]
[995, 432, 193, 186]
[995, 514, 218, 215]
[995, 476, 244, 179, 177]
[995, 431, 199]
[995, 695, 460, 290, 182]
[995, 509, 267, 187, 184]
[995, 616, 344, 213, 199, 197]
[995, 530, 290, 212, 208]
[995, 519, 290, 208, 207]
[995, 412, 181, 179]
[995, 418, 168, 167]
[995, 582, 298, 193, 175]
[995, 484, 239, 174, 172]
[995, 784, 597, 481, 402, 392]
[995, 547, 275, 190, 189]
[995, 571, 325, 202, 191, 188, 187]
[995, 436, 204, 200]
[995, 447, 186, 184]
[995, 716, 489, 323, 225, 207, 205]
[995, 453, 199]
[995, 551, 269, 183, 179, 174]
[995, 496, 235, 199]
[995, 463, 218, 194]
[995, 475, 234, 202]
[995, 564, 324, 204, 191]
[995, 403, 181]
[995, 470, 227, 173, 170]
[995, 381, 175, 174]
[995, 441, 225, 202]
[995, 511, 237, 184, 182]
[995, 412, 170, 169]
[995, 482, 238, 179, 177]
[995, 562, 306, 177]
[995, 679, 425, 283, 226, 219]
[995, 549, 272, 203, 199]
[995, 484, 208, 175]
[995, 445, 200]
[995, 633, 354, 216, 191, 190]
[995, 425, 194, 192]
[995, 609, 361, 217, 213]
[995, 449, 221, 183]
[995, 525, 267, 212, 211, 209]
[995, 497, 206, 178]
[995, 601, 353, 208, 183]
[995, 665, 404, 247, 223, 221, 220]
[995, 413, 200, 196]
[995, 490, 214, 198]
[995, 413, 196, 188]
[995, 602, 327, 214, 202, 201]
[995, 471, 231, 183, 181]
[995, 557, 307, 159, 155]
[995, 691, 436, 287, 228, 211]
[995, 400, 192, 175, 173]
[995, 447, 220, 197, 194]
[995, 382, 177, 176]
[995, 610, 364, 221, 189]
[995, 490, 226, 196, 195]
[995, 592, 357, 214, 195]
[995, 505, 272, 177]
[995, 494, 251, 174, 173]
[995, 433, 194, 181]
[995, 554, 313, 207, 192]
[995, 617, 324, 189, 187]
[995, 556, 273, 192, 183, 181, 180]
[995, 707, 482, 296, 202, 185, 183, 178, 176]
[995, 383, 170, 166]
[995, 559, 327, 231, 197, 192, 191]
[995, 547, 285, 172]
[995, 539, 274, 212, 205]
[995, 523, 284, 181, 180]
[995, 421, 175, 174]
[995, 438, 199, 187]
[995, 502, 239, 206, 205]
[995, 445, 200, 197, 195]
[995, 585, 326, 189, 186, 185, 184]
[995, 530, 277, 196]
[995, 639, 398, 230, 193, 186]
[995, 510, 234, 197]
[995, 762, 554, 414, 310, 250, 239, 238]
[995, 417, 203, 196]
[995, 628, 372, 229, 195, 189, 188]
[995, 545, 305, 201, 198]
[995, 382, 178, 174]
[995, 428, 172]
[995, 644, 439, 266, 216, 212]
[995, 712, 497, 350, 271, 238, 233]
[995, 421, 197, 196]
[995, 395, 188, 181, 180]
[995, 585, 315, 206, 192, 191]
[995, 539, 268, 178, 177]
[995, 563, 284, 184, 178]
[995, 479, 245, 198, 197]
[995, 556, 256, 198, 197]
[995, 482, 240, 177, 173]
[995, 459, 236, 195]
[995, 521, 268, 193]
[995, 482, 235, 187, 184]
[995, 436, 204, 168]
[995, 629, 319, 194, 186]
[995, 537, 253, 187, 186]
[995, 446, 212, 181]
[995, 571, 343, 207, 188, 184]
[995, 422, 204]
[995, 400, 162, 160]
[995, 486, 222, 187]
[995, 503, 215, 188]
[995, 584, 311, 207, 197, 195]
[995, 675, 403, 254, 217, 215, 214]
[995, 617, 358, 238, 219, 218]
[995, 544, 278, 190, 188]
[995, 380, 163]
[995, 503, 251, 192, 191]
[995, 542, 289, 203, 192]
[995, 413, 178]
[995, 503, 233, 183, 181]
[995, 475, 210, 179]
[995, 588, 327, 186, 183]
[995, 556, 274, 185, 181]
[995, 520, 276, 196, 195]
[995, 548, 274, 193, 186, 185]
[995, 657, 422, 264, 182, 173]
[995, 529, 238, 203]
[995, 513, 251, 197, 192]
[995, 411, 184, 175]
[995, 382, 180, 179]
[995, 395, 162]
[995, 429, 199, 194]
[995, 568, 298, 190]
[995, 458, 229, 196]
[995, 409, 175, 174]
[995, 458, 190, 188]
[995, 488, 225, 166, 164]
[995, 555, 305, 194, 191, 185]
[995, 514, 245, 199, 197]
[995, 352, 159, 158]
[995, 453, 217, 191]
[995, 526, 279, 182, 181]
[995, 686, 469, 306, 214, 197, 196]
[995, 609, 335, 194, 185, 184]
[995, 622, 367, 219, 191, 190, 189]
[995, 424, 191, 187]
[995, 575, 295, 217, 213]
[995, 439, 192, 182, 181]
[995, 688, 424, 273, 214, 198, 195]
[995, 524, 273, 177, 175]
[995, 452, 234, 196]
[995, 458, 181, 176]
[995, 411, 196, 176]
[995, 623, 388, 223, 195, 192, 191]
[995, 554, 281, 194, 184, 183]
[995, 484, 231, 207]
[995, 474, 196, 195]
[995, 580, 341, 180, 167]
[995, 489, 234, 213]
[995, 444, 197]
[995, 472, 236, 215]
[995, 582, 313, 195, 194]
[995, 415, 185, 181]
[995, 450, 205, 181]
[995, 574, 333, 216, 197]
[995, 513, 259, 178, 175]
[995, 431, 194, 183]
[995, 550, 287, 172]
[995, 423, 183, 181, 180]
[995, 536, 274, 202, 193]
[995, 440, 217, 207]
[995, 467, 238, 180, 179]
[995, 503, 246, 181, 175]
[995, 514, 281, 200, 195]
[995, 412, 170]
[995, 675, 440, 281, 202, 193]
[995, 647, 429, 271, 215, 206]
[995, 442, 180, 179]
[995, 472, 237, 205, 199]
[995, 674, 457, 314, 223, 209, 207]
[995, 440, 191, 189]
[995, 475, 246, 195, 192]
[995, 571, 300, 207, 194, 192]
[995, 508, 232, 192]
[995, 452, 216, 203]
[995, 544, 251, 183, 182]
[995, 509, 262, 168]
[995, 586, 349, 198, 182]
[995, 542, 288, 211, 199]
[995, 553, 307, 193, 187]
[995, 472, 211, 200, 199]
[995, 541, 296, 200, 194]
[995, 516, 262, 196, 190]
[995, 620, 364, 226, 183, 178]
[995, 617, 344, 193, 178, 177, 176]
[995, 365, 157, 156]
[995, 546, 282, 183, 176, 174]
[995, 420, 165]
[995, 715, 500, 325, 231, 199, 184, 168, 166]
[995, 558, 314, 200, 196]
[995, 457, 224, 186]
[995, 444, 206, 197]
[995, 533, 255, 196]
[995, 472, 238, 189, 186]
[995, 584, 335, 209, 197, 195, 194, 193]
[995, 534, 254, 187, 185]
[995, 774, 563, 410, 298, 239, 215, 208, 207]
[995, 397, 174, 172]
[995, 554, 301, 197, 181]
[995, 614, 318, 205, 185, 178, 177]
[995, 510, 253, 188, 186]
[995, 699, 483, 311, 200, 175, 173]
[995, 480, 255, 207, 206]
[995, 566, 318, 191, 186]
[995, 419, 167, 166]
[995, 575, 309, 187, 174, 171, 170]
[995, 437, 189, 160]
[995, 487, 218, 191]
[995, 411, 166]
[995, 525, 250, 192, 187]
[995, 550, 253, 190, 187]
[995, 535, 271, 191, 190]
[995, 528, 262, 188, 187]
[995, 651, 402, 257, 211, 200, 196]
[995, 544, 299, 209, 192, 190, 188]
[995, 540, 255, 194, 189]
[995, 401, 150]
[995, 604, 360, 214, 192, 187, 186]
[995, 469, 205, 174]
[995, 633, 379, 237, 196, 195]
[995, 646, 358, 212, 191, 187]
[995, 392, 156]
[995, 498, 241, 202]
[995, 368, 141, 140]
[995, 389, 179]
[995, 425, 204, 203]
[995, 475, 219, 203, 202]
[995, 595, 351, 208, 205]
[995, 430, 187, 185]
[995, 371, 144]
[995, 468, 231, 208]
[995, 646, 386, 239, 200, 195, 194]
[995, 510, 267, 195]
[995, 508, 239, 190, 189]
[995, 507, 290, 173]
[995, 371, 179, 171]
[995, 504, 250, 182, 179]
[995, 394, 149, 148]
[995, 535, 248, 200, 197]
[995, 576, 318, 190, 187]
[995, 477, 219, 188]
[995, 632, 375, 234, 182, 170, 167, 166, 165, 163, 157]
[995, 469, 235, 208, 206]
[995, 429, 190, 189]
[995, 516, 216, 194]
[995, 492, 246, 188, 187]
[995, 591, 349, 199, 179]
[995, 703, 467, 305, 242, 218]
[995, 568, 283, 208, 204]
[995, 732, 506, 326, 240, 223, 220]
[995, 495, 236, 213, 212]
[995, 596, 350, 205, 193]
[995, 604, 322, 212, 195]
[995, 546, 271, 204, 199, 198]
[995, 442, 218, 193]
[995, 388, 161]
[995, 462, 226, 203, 202]
[995, 601, 281, 191, 188]
[995, 618, 362, 215, 178]
[995, 546, 311, 199, 195]
[995, 518, 265, 197, 195]
[995, 420, 206, 197]
[995, 459, 209, 158, 152]
[995, 399, 190]
[995, 500, 248, 178, 175]
[995, 488, 253, 178, 175]
[995, 578, 313, 209, 201, 200]
[995, 561, 286, 200, 196]
[995, 520, 278, 218, 214]
[995, 398, 179, 176, 173]
[995, 539, 282, 175]
[995, 445, 238, 220]
[995, 722, 480, 331, 239, 212, 210]
[995, 696, 466, 284, 179, 167, 164, 160, 157, 156]
[995, 512, 255, 213, 210]
[995, 488, 237, 208]
[995, 497, 272, 219, 214]
[995, 503, 280, 184]
[995, 464, 195, 194]
[995, 738, 508, 347, 217, 191, 188]
[995, 390, 176, 175]
[995, 450, 222, 197]
[995, 661, 415, 257, 195, 183, 181]
[995, 547, 277, 213, 212]
[995, 666, 447, 301, 221, 207, 204]
[995, 408, 175]
[995, 433, 217, 201, 196]
[995, 390, 160, 159]
[995, 476, 228, 199]
[995, 570, 301, 196, 187]
[995, 709, 476, 340, 266, 249, 245, 243]
[995, 402, 169, 167]
[995, 612, 343, 211, 200]
[995, 530, 265, 206, 205]
[995, 519, 266, 202, 200]
[995, 488, 251, 193, 192]
[995, 508, 263, 183, 181]
[995, 600, 347, 202, 196]
[995, 418, 169, 162]
[995, 464, 227, 219]
[995, 387, 156, 155]
[995, 545, 289, 191, 185, 184]
[995, 514, 236, 181, 177]
[995, 450, 200, 183]
[995, 493, 242, 192, 181]
[995, 521, 256, 209, 206]
[995, 517, 265, 189, 188]
[995, 517, 258, 202, 199]
[995, 501, 252, 190, 188]
[995, 487, 220, 193, 191]
[995, 769, 565, 423, 326, 286, 283]
[995, 512, 250, 204, 202]
[995, 546, 282, 221, 212, 210]
[995, 483, 242, 182, 180]
[995, 554, 331, 229, 199, 197, 188]
[995, 691, 418, 229, 185]
[995, 606, 363, 216, 187, 184]
[995, 591, 276, 186, 185]
[995, 453, 208, 181]
[995, 479, 211, 195]
[995, 463, 227, 212]
[995, 577, 324, 217, 210, 208]
[995, 764, 541, 376, 286, 238, 220]
[995, 594, 342, 235, 206, 205]
[995, 387, 143, 142]
[995, 466, 237, 192, 188]
[995, 555, 299, 191, 174, 172]
[995, 427, 171, 170]
[995, 560, 300, 217, 203]
[995, 603, 339, 222, 208]
[995, 538, 272, 197, 188, 185]
[995, 581, 315, 216, 194]
[995, 583, 329, 215, 213]
[995, 698, 463, 323, 238, 200, 193]
[995, 662, 426, 244, 205, 204]
[995, 402, 168, 167]
[995, 659, 404, 249, 186, 180, 178]
[995, 555, 344, 218, 200, 199]
[995, 396, 184]
[995, 424, 201, 198]
[995, 639, 352, 232, 198, 196]
[995, 454, 211, 183]
[995, 579, 310, 210, 209]
[995, 443, 193, 184]
[995, 575, 302, 193, 192]
[995, 615, 346, 187, 183, 182]
[995, 538, 271, 188, 184]
[995, 615, 365, 228, 195, 183, 178]
[995, 504, 230, 211]
[995, 448, 206, 194]
[995, 595, 329, 211, 198, 197]
[995, 478, 209, 183]
[995, 541, 295, 200, 198]
[995, 456, 212, 192, 184]
[995, 600, 332, 198, 181, 180]
[995, 391, 184, 180]
[995, 579, 316, 196, 191]
[995, 389, 168]
[995, 565, 290, 207, 197]
[995, 506, 263, 204, 201]
[995, 507, 236, 195]
[995, 504, 278, 217, 209]
[995, 573, 323, 187, 186]
[995, 428, 205, 186]
[995, 590, 314, 217, 213]
[995, 745, 539, 369, 261, 209, 204, 203]
[995, 402, 188, 187]
[995, 589, 318, 192, 191]
[995, 583, 322, 209, 200]
[995, 467, 226, 212]
[995, 552, 290, 177, 171]
[995, 597, 325, 219, 206]
[995, 579, 325, 195, 191, 188, 187]
[995, 663, 401, 258, 220, 218, 217]
[995, 491, 254, 187, 183]
[995, 546, 271, 208, 205]
[995, 396, 152, 142]
[995, 469, 250, 185]
[995, 410, 213, 201, 200]
[995, 645, 350, 185, 175, 173]
[995, 571, 294, 184, 180]
[995, 529, 285, 198, 194]
[995, 452, 197, 190]
[995, 680, 421, 256, 218, 209, 208]
[995, 469, 247, 208]
[995, 535, 266, 186]
[995, 379, 178, 175]
[995, 464, 207, 181]
[995, 435, 178, 174]
[995, 473, 206, 202]
[995, 482, 254, 214]
[995, 522, 269, 198, 193, 191]
[995, 485, 222, 210, 209]
[995, 543, 293, 198, 196]
[995, 408, 168]
[995, 584, 350, 224, 197, 193]
[995, 610, 327, 196, 195]
[995, 672, 455, 302, 216, 200, 199]
[995, 402, 178, 171]
[995, 425, 185, 182]
[995, 439, 188, 181]
[995, 567, 291, 190, 188]
[995, 434, 200, 190, 187]
[995, 483, 250, 190, 187]
[995, 510, 235, 172, 169]
[995, 552, 300, 199, 196]
[995, 439, 202, 200]
[995, 592, 330, 181, 176]
[995, 471, 239, 187, 182]
[995, 445, 223, 188]
[995, 586, 318, 216, 197]
[995, 633, 364, 220, 191, 189]
[995, 601, 358, 231, 199, 194]
[995, 643, 428, 280, 234, 222]
[995, 567, 326, 223, 208, 205]
[995, 551, 288, 190, 189]
[995, 475, 223, 184]
[995, 493, 223, 200]
[995, 583, 312, 188, 177, 175]
[995, 384, 143]
[995, 461, 217, 187, 186]
[995, 375, 136]
[995, 481, 218, 212]
[995, 393, 170]
[995, 422, 164, 163]
[995, 438, 216, 178]
[995, 597, 327, 182]
[995, 386, 169]
[995, 484, 238, 214]
[995, 660, 412, 245, 204, 201]
[995, 472, 250, 202, 195]
[995, 676, 449, 262, 218, 210, 204]
[995, 522, 275, 184, 179]
[995, 443, 197, 183]
[995, 588, 328, 202, 191]
[995, 572, 323, 205, 203]
[995, 638, 399, 241, 197, 193, 186]
[995, 615, 341, 216, 196]
[995, 461, 206, 178]
[995, 440, 195, 180]
[995, 517, 263, 188, 184]
[995, 548, 270, 194, 193]
[995, 396, 170, 168, 166]
[995, 607, 331, 233, 227]
[995, 544, 289, 206, 202]
[995, 515, 223, 181, 177]
[995, 567, 305, 180]
[995, 470, 222, 183]
[995, 438, 194, 183, 181]
[995, 504, 235, 188, 183]
[995, 500, 227, 204]
[995, 480, 247, 186, 180]
[995, 611, 348, 215, 189, 173]
[995, 503, 263, 190, 188]
[995, 353, 150]
[995, 508, 275, 218, 216]
[995, 461, 209, 190]
[995, 407, 199, 192]
[995, 580, 306, 218, 210, 209, 206]
[995, 406, 167]
[995, 558, 298, 185, 184]
[995, 593, 305, 218, 209, 206]
[995, 423, 194, 189]
[995, 512, 289, 189, 184]
[995, 556, 277, 192, 191]
[995, 689, 467, 294, 226, 214]
[995, 618, 363, 243, 193, 185, 180, 178, 172]
[995, 494, 278, 183, 182]
[995, 507, 276, 170]
[995, 538, 305, 202, 193, 192]
[995, 513, 241, 190, 183, 180]
[995, 517, 264, 215, 211]
[995, 527, 282, 218, 213, 211]
[995, 598, 314, 192, 178, 177]
[995, 436, 197, 196]
[995, 443, 185, 182]
[995, 503, 226, 185]
[995, 618, 345, 233, 214]
[995, 422, 189, 187]
[995, 513, 288, 183]
[995, 441, 208, 204]
[995, 462, 235, 204]
[995, 396, 154, 153]
[995, 437, 234, 195, 192, 190]
[995, 588, 360, 211, 182, 181]
[995, 519, 240, 186, 184]
[995, 410, 187, 181]
[995, 540, 276, 206, 203]
[995, 422, 172]
[995, 510, 272, 194, 191]
[995, 466, 221, 199]
[995, 404, 177, 173]
[995, 570, 349, 182]
[995, 685, 454, 298, 215, 204, 203]
[995, 449, 220, 178]
[995, 608, 372, 215, 190, 188]
[995, 709, 478, 314, 247, 227, 224, 223]
[995, 497, 250, 194, 193]
[995, 538, 292, 210, 207]
[995, 543, 266, 201, 198]
[995, 476, 233, 204]
[995, 426, 199, 187]
[995, 377, 156, 155]
[995, 656, 396, 256, 202, 187, 184]
[995, 700, 456, 276, 202, 176]
[995, 489, 239, 184, 182]
[995, 393, 163, 162]
[995, 590, 303, 208, 203, 201]
[995, 511, 250, 180]
[995, 620, 329, 230, 209]
[995, 580, 347, 212, 191, 190]
[995, 572, 352, 203, 188, 185, 184]
[995, 605, 362, 195, 188]
[995, 521, 278, 182]
[995, 537, 269, 197]
[995, 427, 184, 180]
[995, 523, 275, 201, 200, 199]
[995, 441, 211, 200]
[995, 379, 155, 154]
[995, 683, 420, 268, 216, 199]
[995, 483, 259, 194, 191, 190]
[995, 472, 197, 182]
[995, 507, 246, 179, 177]
[995, 518, 226, 195, 193]
[995, 410, 167]
[995, 484, 207, 167, 165]
[995, 453, 221, 206, 205]
[995, 562, 253, 180, 178]
[995, 578, 344, 181, 178]
[995, 482, 215, 189]
[995, 497, 241, 186, 184]
[995, 457, 214, 183]
[995, 588, 327, 203, 193, 190]
[995, 544, 336, 204, 181, 180]
[995, 391, 167, 166]
[995, 517, 272, 214, 209]
[995, 694, 430, 275, 201, 195]
[995, 664, 433, 254, 205, 192, 191]
[995, 621, 344, 224, 193, 186]
[995, 566, 303, 175, 166]
[995, 546, 274, 200, 194]
[995, 779, 569, 414, 318, 247, 215, 203, 200]
[995, 523, 258, 207, 206]
[995, 664, 449, 317, 259, 248]
[995, 468, 205, 197]
[995, 510, 253, 205, 204]
[995, 558, 305, 204, 189]
[995, 537, 272, 187, 186]
[995, 612, 370, 224, 191, 190]
[995, 566, 299, 219, 212]
[995, 683, 466, 318, 239, 216, 215]
[995, 518, 248, 184, 180]
[995, 497, 270, 176]
[995, 483, 249, 194, 192]
[995, 585, 349, 195, 175]
[995, 471, 239, 175, 173]
[995, 571, 335, 204, 199]
[995, 445, 211, 195]
[995, 541, 324, 210, 201]
[995, 560, 311, 217, 205, 204]
[995, 455, 210, 182]
[995, 639, 389, 237, 195, 187]
[995, 546, 277, 192, 190]
[995, 537, 287, 205, 203]
[995, 448, 224, 201]
[995, 591, 372, 233, 187, 185]
[995, 411, 188, 181]
[995, 649, 373, 215, 184, 183]
[995, 641, 370, 216, 197, 190]
[995, 378, 147]
[995, 556, 272, 187, 185]
[995, 524, 238, 205, 204]
[995, 462, 221, 194]
[995, 501, 248, 190, 188]
[995, 413, 210, 199, 198]
[995, 500, 232, 197]
[995, 540, 324, 205, 187, 180]
[995, 456, 201, 179]
[995, 444, 211, 201]
[995, 479, 203, 189]
[995, 619, 350, 185, 170]
[995, 620, 360, 252, 195, 187]
[995, 562, 311, 216, 210]
[995, 402, 170, 169]
[995, 476, 209, 178]
[995, 555, 301, 202, 197]
[995, 620, 355, 224, 194, 191]
[995, 552, 261, 180, 179]
[995, 612, 347, 209, 203]
[995, 515, 275, 200, 196]
[995, 462, 185, 184]
[995, 438, 218, 199]
[995, 452, 215, 192, 191]
[995, 539, 297, 204, 191]
[995, 444, 204, 196]
[995, 572, 270, 200, 196]
[995, 559, 296, 198, 187, 186]
[995, 552, 279, 205, 196]
[995, 508, 247, 182, 179]
[995, 393, 173, 172]
[995, 472, 249, 208]
[995, 593, 322, 218, 205, 200]
[995, 471, 209, 183]
[995, 560, 306, 204, 191]
[995, 722, 502, 339, 260, 234]
[995, 433, 178, 176]
[995, 414, 185, 184]
[995, 423, 179, 177]
[995, 467, 220, 199]
[995, 553, 298, 202, 194]
[995, 554, 331, 204, 189]
[995, 417, 189, 185]
[995, 566, 310, 190, 189]
[995, 552, 294, 200, 193, 192]
[995, 399, 166, 162]
[995, 462, 203, 165, 164]
[995, 461, 217, 197]
[995, 643, 406, 249, 203, 190, 186]
[995, 648, 395, 240, 189]
[995, 420, 194, 183, 182]
[995, 661, 417, 270, 222, 210, 207]
[995, 458, 229, 207]
[995, 523, 271, 177, 176]
[995, 507, 224, 189]
[995, 642, 409, 250, 200, 196]
[995, 564, 303, 204, 202]
[995, 462, 210, 191, 190]
[995, 432, 201, 189]
[995, 512, 255, 199, 195]
[995, 575, 333, 214, 201, 200, 199]
[995, 574, 305, 193, 188]
[995, 529, 265, 178]
[995, 416, 155]
[995, 713, 479, 330, 241, 211, 203, 199]
[995, 413, 155]
[995, 429, 179, 176]
[995, 477, 252, 209, 208, 205]
[995, 457, 231, 217]
[995, 436, 195]
[995, 647, 395, 246, 195, 190]
[995, 417, 190]
[995, 452, 194, 191]
[995, 374, 168, 165]
[995, 556, 288, 199, 185, 183]
[995, 554, 287, 204, 200]
[995, 432, 186, 185]
[995, 492, 269, 197]
[995, 383, 171, 169]
[995, 607, 351, 227, 198]
[995, 682, 397, 239, 198, 189]
[995, 641, 367, 239, 200, 199]
[995, 712, 440, 306, 235, 227]
[995, 541, 251, 194, 190]
[995, 622, 324, 204, 188, 186]
[995, 430, 187, 184]
[995, 495, 263, 183, 182]
[995, 522, 307, 222, 216]
[995, 512, 269, 208, 201]
[995, 429, 175, 171, 170]
[995, 469, 223, 189]
[995, 460, 223, 187, 186]
[995, 474, 232, 188, 187, 186]
[995, 432, 182, 171]
[995, 457, 215, 175, 173]
[995, 497, 244, 203, 202]
[995, 438, 192, 189]
[995, 603, 350, 215, 202, 200]
[995, 428, 205, 198]
[995, 498, 240, 199]
[995, 425, 190, 180]
[995, 482, 230, 195]
[995, 506, 248, 190, 188]
[995, 601, 363, 246, 213, 211]
[995, 403, 159]
[995, 438, 197, 190]
[995, 369, 141]
[995, 496, 245, 202]
[995, 412, 178, 174]
[995, 537, 273, 208, 205]
[995, 575, 289, 207, 198, 197]
[995, 632, 369, 227, 210, 207]
[995, 510, 279, 198, 193]
[995, 440, 208, 194]
[995, 473, 188, 184]
[995, 789, 557, 413, 300, 248, 239]
[995, 461, 224, 177, 169]
[995, 553, 331, 208, 197, 196]
[995, 510, 264, 204, 199]
[995, 460, 243, 198, 189]
[995, 464, 245, 170, 169]
[995, 480, 212, 199]
[995, 590, 335, 220, 201, 200]
[995, 616, 392, 268, 212, 208, 207]
[995, 500, 255, 204, 199]
[995, 458, 205, 195]
[995, 380, 173, 172]
[995, 409, 194, 190]
[995, 579, 282, 212, 199, 198]
[995, 585, 321, 212, 202]
[995, 596, 315, 195, 181, 176, 175, 173]
[995, 405, 194, 183, 181]
[995, 361, 145]
[995, 551, 270, 189, 188]
[995, 607, 378, 238, 197, 196]
[995, 451, 201, 188]
[995, 459, 223, 203, 202]
[995, 495, 279, 191, 189]
[995, 551, 301, 170, 169]
[995, 594, 328, 208, 203, 202, 201]
[995, 478, 243, 191, 189]
[995, 363, 139]
[995, 428, 184]
[995, 378, 166, 164]
[995, 548, 313, 195, 179]
[995, 473, 208, 169, 167]
[995, 505, 239, 175, 170]
[995, 521, 254, 189, 186]
[995, 474, 211, 206]
[995, 648, 403, 235, 213, 205]
[995, 383, 171]
[995, 393, 155]
[995, 624, 358, 213, 193, 192]
[995, 478, 244, 186, 185]
[995, 560, 309, 169]
[995, 572, 334, 185, 181, 179]
[995, 609, 384, 211, 197]
[995, 479, 200, 191, 190]
[995, 523, 241, 195, 194]
[995, 479, 220, 203]
[995, 432, 220, 171, 170]
[995, 636, 389, 251, 218, 216, 215]
[995, 596, 348, 206, 202, 201]
[995, 547, 269, 171, 170]
[995, 417, 194, 185]
[995, 611, 286, 190, 187]
[995, 504, 262, 206, 204]
[995, 557, 319, 200, 198]
[995, 489, 247, 184, 183]
[995, 473, 220, 214]
[995, 600, 343, 201, 185]
[995, 636, 390, 256, 208, 204]
[995, 659, 418, 256, 202, 194]
[995, 471, 224, 191, 190]
[995, 524, 290, 205, 196]
[995, 408, 173, 172]
[995, 642, 422, 277, 192, 185]
[995, 453, 222, 208]
[995, 421, 186, 181]
[995, 628, 399, 264, 218, 215]
[995, 445, 207, 190]
[995, 570, 293, 202, 184]
[995, 673, 410, 227, 205]
[995, 497, 256, 199, 194, 193]
[995, 452, 216, 206]
[995, 640, 382, 241, 188, 182, 179]
[995, 388, 165, 162]
[995, 602, 320, 199, 190]
[995, 756, 537, 369, 237, 201, 192, 191]
[995, 635, 357, 190, 184, 183]
[995, 500, 207, 183]
[995, 684, 455, 306, 248, 230]
[995, 543, 291, 191, 189]
[995, 499, 216, 187]
[995, 639, 413, 258, 194, 183, 181]
[995, 486, 213, 164, 163]
[995, 616, 337, 228, 204, 203]
[995, 455, 244, 194]
[995, 615, 345, 233, 215]
[995, 561, 297, 204, 197]
[995, 598, 342, 204, 187, 181, 178]
[995, 590, 329, 204, 203]
[995, 644, 407, 238, 191, 175, 173]
[995, 549, 301, 211, 205]
[995, 512, 262, 191, 186, 184]
[995, 547, 295, 209, 202]
[995, 408, 169]
[995, 399, 159]
[995, 532, 262, 187, 182]
[995, 541, 274, 195, 194]
[995, 469, 240, 175, 174]
[995, 418, 183, 171]
[995, 577, 289, 203, 191, 189]
[995, 502, 219, 207]
[995, 584, 341, 214, 201, 198]
[995, 546, 305, 196, 186]
[995, 493, 252, 175]
[995, 639, 387, 236, 202, 199, 198]
[995, 371, 150]
[995, 546, 282, 166, 164]
[995, 602, 327, 225, 219, 215]
[995, 586, 267, 185]
[995, 599, 350, 203, 198, 197]
[995, 512, 256, 188, 187]
[995, 498, 258, 198, 195]
[995, 405, 175, 161]
[995, 469, 217, 177, 176]
[995, 597, 337, 204, 173, 172]
[995, 576, 304, 179, 178]
[995, 516, 269, 193, 188, 186]
[995, 524, 282, 190, 186]
[995, 414, 147]
[995, 593, 331, 204, 191, 190]
[995, 731, 505, 351, 248, 201, 184, 182]
[995, 423, 182]
[995, 504, 256, 186, 185]
[995, 563, 312, 181, 175]
[995, 427, 183, 181]
[995, 454, 218, 194]
[995, 468, 196, 186]
[995, 535, 300, 191, 190]
[995, 535, 279, 198]
[995, 479, 223, 198]
[995, 442, 211, 194]
[995, 404, 198, 173]
[995, 577, 282, 208, 204]
[995, 349, 161, 160]
[995, 414, 158, 156]
[995, 581, 300, 196, 179, 178, 177, 176]
[995, 575, 305, 219, 198, 196]
[995, 657, 399, 237, 182, 180]
[995, 437, 183, 180]
[995, 553, 284, 167]
[995, 399, 168]
[995, 405, 185]
[995, 475, 218, 204]
[995, 459, 242, 210]
[995, 449, 188]
[995, 746, 540, 393, 289, 245, 240, 235, 234]
[995, 412, 198, 187]
[995, 456, 222, 207]
[995, 488, 258, 188]
[995, 530, 274, 194]
[995, 622, 362, 213, 195, 194]
[995, 580, 302, 213, 211]
[995, 416, 192, 188]
[995, 418, 192, 186]
[995, 552, 312, 210, 207]
[995, 492, 245, 181]
[995, 613, 369, 217, 189, 188]
[995, 457, 203, 185]
[995, 642, 407, 225, 175, 174, 173, 171]
[995, 482, 220, 206, 204]
[995, 524, 247, 185, 184]
[995, 541, 292, 190, 187]
[995, 402, 171, 169]
[995, 474, 225, 212]
[995, 574, 284, 205, 203]
[995, 534, 242, 195, 191]
[995, 520, 281, 213, 205]
[995, 637, 370, 227, 205, 204]
[995, 617, 370, 246, 221]
[995, 496, 260, 202, 200, 198]
[995, 637, 390, 237, 200]
[995, 465, 215, 190]
[995, 525, 249, 183, 180]
[995, 543, 307, 213, 199, 198]
[995, 578, 315, 214, 187, 185]
[995, 428, 201, 186]
[995, 424, 191, 161]
[995, 566, 288, 200]
[995, 432, 178]
[995, 567, 306, 205, 202]
[995, 649, 366, 235, 188, 186]
[995, 454, 212, 192]
[995, 582, 304, 186, 182]
[995, 485, 223, 177, 175]
[995, 512, 282, 187, 182]
[995, 421, 187, 184]
[995, 494, 246, 185, 179, 177, 175]
[995, 539, 279, 216, 208]
[995, 517, 270, 206, 200, 199]
[995, 398, 153]
[995, 540, 264, 210, 206]
[995, 632, 364, 195, 176]
[995, 535, 253, 187, 184]
[995, 568, 305, 186, 177]
[995, 567, 301, 198, 190]
[995, 538, 301, 193, 191]
[995, 642, 374, 230, 207, 198, 193]
[995, 462, 206, 181]
[995, 590, 323, 198, 190]
[995, 523, 276, 181]
[995, 445, 211, 202]
[995, 565, 289, 192, 190]
[995, 429, 177, 173]
[995, 625, 321, 227, 214, 209, 208]
[995, 542, 271, 210, 209]
[995, 599, 294, 180, 174]
[995, 493, 242, 208]
[995, 486, 238, 195, 194]
[995, 463, 241, 196, 195]
[995, 485, 239, 168, 165]
[995, 448, 210, 203]
[995, 508, 249, 192, 188]
[995, 469, 173, 172]
[995, 504, 223, 201, 200]
[995, 723, 501, 340, 249, 217, 206]
[995, 537, 269, 202, 200]
[995, 513, 234, 193]
[995, 635, 381, 252, 204, 202]
[995, 561, 267, 198, 196]
[995, 522, 270, 176, 174]
[995, 420, 187, 180]
[995, 440, 212, 201]
[995, 654, 403, 239, 196, 186]
[995, 484, 233, 180, 177]
[995, 405, 166, 155]
[995, 581, 298, 214, 204, 203]
[995, 401, 158]
[995, 700, 506, 344, 263, 233, 232]
[995, 453, 190, 188]
[995, 530, 297, 207, 191]
[995, 695, 484, 323, 235, 199, 193]
[995, 432, 191, 177]
[995, 508, 292, 204, 179, 178]
[995, 631, 381, 237, 208, 205]
[995, 808, 717, 710]
[995, 632, 383, 234, 185, 178, 177]
[995, 449, 231, 200]
[995, 589, 304, 190, 189]
[995, 522, 264, 186, 185]
[995, 512, 268, 193, 191]
[995, 505, 238, 183, 179]
[995, 519, 265, 208]
[995, 405, 181]
[995, 446, 203, 180]
[995, 541, 295, 191, 189]
[995, 632, 371, 227, 202, 201]
[995, 680, 415, 234, 186, 184, 182, 181, 180]
[995, 557, 265, 181, 178]
[995, 508, 239, 197, 195]
[995, 662, 376, 257, 214, 211, 210]
[995, 505, 232, 195]
[995, 524, 295, 196, 190]
[995, 513, 260, 205, 202]
[995, 417, 186, 181]
[995, 517, 257, 194, 193]
[995, 583, 323, 198, 192]
[995, 539, 276, 165]
[995, 468, 206, 202]
[995, 583, 313, 197, 193]
[995, 455, 222, 197]
[995, 431, 180, 178]
[995, 605, 351, 241, 216, 214]
[995, 486, 260, 182, 181]
[995, 506, 262, 213, 208]
[995, 449, 205, 180]
[995, 607, 333, 197, 176]
[995, 679, 424, 277, 228, 226]
[995, 489, 234, 206, 205]
[995, 470, 249, 186, 183]
[995, 487, 206, 177]
