[995, 649, 388, 161, 136, 133]
[995, 891, 890]
[995, 811, 679, 567, 486, 464]
[995, 882, 878, 876]
[995, 787, 630, 495, 365, 272, 211, 164, 134, 118, 115]
[995, 781, 626, 475, 364, 268, 206, 157, 137, 133]
[995, 765, 600, 456, 339, 246, 128, 104, 92, 91]
[995, 798, 681, 590, 580, 579]
[995, 838, 734, 722]
[995, 858, 814, 813]
[995, 760, 609, 486, 385, 305, 237, 177, 128, 104, 94, 88]
[995, 781, 635, 524, 423, 328, 252, 214, 187, 179]
[995, 670, 436, 218, 113, 112]
[995, 827, 750, 745]
[995, 779, 633, 513, 440, 418]
[995, 894, 890]
[995, 840, 776]
[995, 756, 602, 495, 395, 328, 316]
[995, 821, 679, 552, 476, 463]
[995, 819, 715, 706]
[995, 888, 887]
[995, 761, 607, 484, 338, 227, 154, 134, 124, 121]
[995, 796, 664, 529, 432, 363, 341, 338]
[995, 867, 860]
[995, 876, 869, 868]
[995, 839, 753]
[995, 886, 882, 880]
[995, 779, 648, 531, 443, 399, 395]
[995, 840, 785]
[995, 783, 651, 528, 402, 292, 214, 159, 110, 89, 88]
[995, 660, 393, 160, 104, 101]
[995, 867, 861]
[995, 866, 864]
[995, 868, 846, 845, 844]
[995, 787, 641, 529, 440, 409, 408]
[995, 930]
[995, 833, 756, 754]
[995, 773, 630, 497, 370, 255, 161, 127, 118]
[995, 708, 516, 334, 190, 136, 128]
[995, 875, 870]
[995, 737, 578, 459, 352, 268, 210, 159, 129, 109, 90, 77, 74]
[995, 860, 848]
[995, 781, 593, 457, 310, 168, 101, 99]
[995, 801, 659, 555, 507, 505, 504]
[995, 872, 865]
[995, 713, 530, 355, 168, 101, 99]
[995, 811, 672, 570, 535]
[995, 742, 573, 402, 229, 121, 119]
[995, 778, 629, 525, 438, 390, 378, 376, 375]
[995, 832, 726, 713]
[995, 761, 580, 409, 266, 170, 131, 116]
[995, 806, 687, 630, 628, 627]
[995, 885, 883]
[995, 895, 894]
[995, 694, 464, 202, 120]
[995, 921, 919, 918]
[995, 825, 721, 716, 715]
[995, 765, 588, 455, 302, 169, 110, 105]
[995, 784, 640, 495, 377, 275, 196, 142, 106, 91, 85, 83]
[995, 869, 859]
[995, 721, 503, 300, 156, 128, 126]
[995, 831, 723, 717]
[995, 793, 658, 567, 552]
[995, 912]
[995, 840, 781, 780]
[995, 837, 750, 748, 747]
[995, 760, 576, 445, 302, 177, 122, 112]
[995, 787, 647, 527, 454, 436, 433, 431]
[995, 812, 680, 604, 592]
[995, 809, 682, 634, 632]
[995, 695, 487, 218, 127, 126]
[995, 876, 875]
[995, 877, 870]
[995, 865, 858]
[995, 889, 885]
[995, 830, 698, 620, 616]
[995, 816, 697, 614, 601]
[995, 794, 683, 668]
[995, 862, 839, 835]
[995, 768, 603, 414, 247, 135, 122]
[995, 782, 627, 488, 373, 267, 181, 105, 78]
[995, 877, 874]
[995, 855, 823, 819]
[995, 751, 594, 444, 317, 209, 122, 108, 107]
[995, 838, 768, 767]
[995, 821, 695, 650, 649]
[995, 702, 484, 261, 117, 112]
[995, 807, 680, 585, 544, 538]
[995, 820, 699, 635, 633]
[995, 888, 884, 883]
[995, 931, 929]
[995, 874, 870]
[995, 819, 702, 675, 674]
[995, 839, 784, 783]
[995, 738, 581, 418, 253, 144, 104, 99]
[995, 742, 543, 332, 158, 140, 137]
[995, 891, 885, 884]
[995, 852, 828]
[995, 844, 826, 825]
[995, 834, 756, 755, 754]
[995, 624, 360, 152, 134]
[995, 783, 642, 536, 470, 467]
[995, 773, 620, 510, 418, 350, 310, 303]
[995, 755, 565, 411, 225, 128, 114]
[995, 816, 689, 651]
[995, 783, 631, 522, 452, 440]
[995, 708, 507, 316, 137, 97]
[995, 842, 783, 782]
[995, 903]
[995, 799, 669, 564, 528]
[995, 807, 677, 616, 615]
[995, 812, 712, 704, 703]
[995, 838, 776, 771]
[995, 842, 783]
[995, 835, 769, 764]
[995, 886, 885]
[995, 775, 642, 540, 494]
[995, 683, 475, 258, 131, 116]
[995, 748, 553, 391, 259, 145, 115, 104, 100]
[995, 882, 877]
[995, 841, 763, 762]
[995, 774, 627, 494, 365, 235, 155, 97, 85, 82]
[995, 803, 681, 629, 626]
[995, 933, 930]
[995, 837, 752, 751]
[995, 828, 695, 646, 644]
[995, 816, 687, 587, 572]
[995, 797, 644, 508, 396, 295, 215, 163, 119, 102, 94]
[995, 842, 768, 763, 762]
[995, 874, 872]
[995, 739, 484, 246, 121]
[995, 789, 662, 560, 530]
[995, 753, 605, 446, 300, 195, 140, 116, 108, 104, 103]
[995, 884, 883]
[995, 733, 574, 391, 238, 133, 114, 112]
[995, 899, 895]
[995, 770, 586, 420, 265, 152, 88]
[995, 828, 700, 651, 649, 648]
[995, 810, 668, 566, 546, 545, 544]
[995, 903]
[995, 748, 543, 372, 191, 126]
[995, 863, 852]
[995, 842, 814]
[995, 839, 739, 735]
[995, 845, 775]
[995, 868, 844]
[995, 873, 868]
[995, 729, 537, 364, 224, 129, 115, 112]
[995, 889, 887]
[995, 671, 441, 213, 113, 112]
[995, 836, 741, 734]
[995, 839, 788, 784]
[995, 833, 729, 726]
[995, 772, 609, 473, 359, 241, 166, 117, 99, 93]
[995, 830, 708, 685]
[995, 870, 849]
[995, 856, 816, 814]
[995, 776, 645, 561, 552]
[995, 903, 901]
[995, 884]
[995, 759, 583, 428, 272, 156, 108, 97, 94]
[995, 683, 455, 228, 128, 127]
[995, 787, 648, 519, 396, 295, 215, 152, 116, 106, 100, 98]
[995, 829, 728, 724]
[995, 818, 683, 596, 584, 583]
[995, 799, 672, 623, 622]
[995, 737, 570, 430, 304, 197, 128, 109, 98, 95]
[995, 847, 793]
[995, 812, 698, 676]
[995, 740, 584, 453, 324, 187, 100, 96]
[995, 773, 604, 418, 248, 150, 108, 105]
[995, 798, 671, 570, 547, 545]
[995, 804, 668, 556, 495, 494]
[995, 834, 736, 732, 731]
[995, 797, 672, 565, 503, 500]
[995, 920]
[995, 857, 846]
[995, 917]
[995, 763, 590, 432, 275, 157, 117, 113]
[995, 796, 658, 550, 488, 486]
[995, 803, 672, 601, 598]
[995, 687, 465, 212, 131, 129]
[995, 799, 672, 558, 502, 499]
[995, 800, 666, 560, 527, 526]
[995, 861, 840]
[995, 812, 684, 621, 620]
[995, 817, 702, 671]
[995, 777, 618, 501, 388, 288, 221, 148, 109, 92, 91]
[995, 793, 674, 631, 627]
[995, 845, 800]
[995, 935]
[995, 849, 774, 771]
[995, 768, 608, 482, 358, 255, 154, 122, 107, 105]
[995, 914, 912]
[995, 739, 555, 367, 203, 123, 122]
[995, 892, 889]
[995, 841, 764, 761, 759]
[995, 719, 508, 279, 137, 118]
[995, 896, 889]
[995, 825, 734]
[995, 738, 580, 437, 314, 228, 158, 131, 111, 103, 101]
[995, 902]
[995, 748, 542, 356, 167, 120]
[995, 928]
[995, 641, 401, 163, 136, 133]
[995, 839, 754, 751]
[995, 755, 564, 353, 164, 117, 115]
[995, 891, 883]
[995, 832, 739, 735]
[995, 834, 734, 731]
[995, 792, 674, 654]
[995, 831, 760]
[995, 838, 727, 717]
[995, 804, 677, 568, 505, 501]
[995, 757, 561, 409, 228, 126, 93, 92]
[995, 853, 838]
[995, 744, 570, 412, 264, 128, 112, 107, 106]
[995, 745, 546, 378, 213, 119, 109, 107]
[995, 811, 685, 629]
[995, 782, 661, 578, 571]
[995, 731, 544, 346, 135, 125]
[995, 850, 827, 826]
[995, 759, 592, 451, 319, 205, 138, 118]
[995, 821, 680, 580, 568]
[995, 844, 775, 774]
[995, 795, 671, 608]
[995, 771, 599, 461, 334, 225, 168, 128, 119]
[995, 660, 426, 177, 123]
[995, 811, 666, 526, 388, 272, 187, 128, 106, 100]
[995, 828, 725, 721]
[995, 827, 711, 687, 686]
[995, 749, 567, 355, 191, 120, 109]
[995, 798, 659, 521, 403, 309, 226, 159, 126, 110, 106]
[995, 788, 639, 505, 370, 284, 220, 168, 141, 131, 130]
[995, 782, 639, 506, 404, 326, 248, 193, 158, 136, 129]
[995, 828, 732, 731]
[995, 741, 539, 372, 218, 138, 120, 118]
[995, 908, 907]
[995, 662, 432, 175, 122, 115]
[995, 782, 626, 510, 420, 383, 382]
[995, 753, 561, 412, 250, 137, 110, 106]
[995, 789, 652, 545, 509, 506]
[995, 804, 659, 550, 454, 391, 376, 375]
[995, 760, 584, 413, 200, 124, 121]
[995, 727, 538, 333, 146, 118]
[995, 896, 892, 890]
[995, 853, 821, 819]
[995, 707, 515, 291, 117]
[995, 835, 724, 715]
[995, 840, 731, 728]
[995, 796, 667, 560, 504, 498, 496]
[995, 691, 444, 184, 110]
[995, 788, 655, 550, 484, 465]
[995, 752, 597, 464, 359, 275, 217, 174, 128, 89, 73, 65, 62]
[995, 855, 827, 822]
[995, 721, 472, 227, 109]
[995, 804, 678, 585, 561, 558]
[995, 818, 728, 727]
[995, 730, 568, 404, 262, 151, 113, 110]
[995, 932]
[995, 718, 552, 382, 234, 105, 99, 98]
[995, 783, 592, 404, 205, 123, 115]
[995, 850, 815]
[995, 863, 840]
[995, 898]
[995, 823, 690, 637, 636]
[995, 835, 774, 772]
[995, 826, 705, 691]
[995, 785, 621, 483, 347, 249, 182, 145, 129, 127, 125]
[995, 842, 754, 748]
[995, 822, 711, 698, 696]
[995, 860, 852]
[995, 898, 897]
[995, 836, 762, 758]
[995, 877, 875]
[995, 839, 784, 782]
[995, 696, 516, 264, 110, 101]
[995, 736, 519, 336, 169, 117, 114]
[995, 835, 723, 707]
[995, 798, 641, 520, 427, 346, 286, 238, 198, 179, 177]
[995, 827, 721, 716]
[995, 769, 611, 478, 365, 282, 221, 165, 142, 123, 114, 113]
[995, 902]
[995, 797, 613, 455, 304, 168, 146, 143]
[995, 884, 877]
[995, 782, 624, 503, 373, 271, 188, 114, 94, 84]
[995, 871, 859]
[995, 904]
[995, 803, 681, 621, 619]
[995, 791, 617, 472, 339, 225, 152, 122, 107, 105, 104]
[995, 733, 510, 308, 143, 121]
[995, 786, 646, 542, 498]
[995, 849, 802, 801]
[995, 816, 685, 623, 621]
[995, 898]
[995, 656, 420, 235, 126, 123]
[995, 811, 688, 653]
[995, 841, 784]
[995, 783, 636, 516, 410, 328, 270, 216, 180, 150, 119, 101, 77, 65, 50]
[995, 729, 580, 416, 286, 184, 127, 112, 110]
[995, 903]
[995, 816, 696, 666]
[995, 740, 566, 377, 208, 132, 122]
[995, 806, 677, 620, 618]
[995, 897]
[995, 655, 405, 167, 140, 134]
[995, 731, 550, 358, 181, 109, 108, 107]
[995, 815, 668, 545, 452, 408, 403]
[995, 770, 611, 470, 337, 222, 154, 126, 119]
[995, 838, 769]
[995, 762, 573, 387, 229, 107, 105]
[995, 655, 404, 182, 117]
[995, 878, 872]
[995, 818, 667, 548, 479, 473]
[995, 762, 585, 441, 298, 171, 121, 118]
[995, 718, 539, 361, 202, 114, 112, 109]
[995, 815, 683, 632, 631]
[995, 687, 489, 255, 120, 114, 113]
[995, 798, 692, 632, 623]
[995, 750, 516, 325, 160, 119]
[995, 771, 612, 485, 374, 264, 181, 137, 106, 79, 66, 64]
[995, 782, 648, 547, 509, 508]
[995, 777, 598, 450, 322, 192, 128, 124]
[995, 812, 687, 577, 521, 513, 512]
[995, 827, 688, 623, 621]
[995, 866, 860]
[995, 779, 611, 460, 327, 217, 154, 139, 136]
[995, 873, 860]
[995, 813, 718, 716]
[995, 815, 677, 596, 591]
[995, 752, 602, 432, 282, 134, 114]
[995, 893, 887]
[995, 852, 815, 814]
[995, 746, 603, 499, 455, 453]
[995, 817, 692, 648, 647]
[995, 857, 842]
[995, 833, 734, 728]
[995, 864, 841, 839]
[995, 608, 342, 128, 124]
[995, 753, 599, 445, 307, 208, 140, 121, 111, 104, 103]
[995, 755, 573, 381, 247, 162, 138, 135]
[995, 735, 553, 348, 198, 130, 123, 122]
[995, 812, 685, 628, 626]
[995, 816, 687, 642, 640]
[995, 739, 572, 390, 216, 145, 119, 116]
[995, 737, 539, 326, 164, 120, 115, 114]
[995, 796, 666, 577, 567, 565]
[995, 690, 446, 188, 108]
[995, 843, 748, 740, 739]
[995, 861, 848, 846]
[995, 821, 684, 569, 491, 478]
[995, 780, 627, 494, 370, 296, 217, 148, 97, 81, 80]
[995, 884, 882]
[995, 801, 678, 590, 575, 574]
[995, 790, 655, 537, 440, 404, 403]
[995, 766, 622, 495, 398, 322, 273, 254, 253]
[995, 862, 848]
[995, 783, 621, 474, 349, 229, 148, 104, 98, 96, 93]
[995, 740, 558, 351, 186, 137, 134]
[995, 787, 620, 489, 359, 243, 163, 122, 101, 96]
[995, 884, 881]
[995, 752, 583, 425, 286, 143, 112]
[995, 761, 613, 473, 352, 235, 162, 105, 96, 88, 83]
[995, 845, 810, 809]
[995, 831, 718, 713]
[995, 823, 698, 662]
[995, 871, 866]
[995, 948]
[995, 753, 569, 408, 241, 125, 114, 107]
[995, 786, 637, 519, 381, 282, 204, 142, 108, 85, 79, 73, 72]
[995, 889]
[995, 795, 657, 557, 529, 528]
[995, 731, 563, 389, 228, 147, 124, 118]
[995, 770, 589, 456, 321, 215, 133, 107, 98, 96]
[995, 836, 733, 719, 718]
[995, 894]
[995, 766, 596, 452, 310, 188, 114, 111]
[995, 730, 510, 323, 195, 127, 120]
[995, 751, 545, 358, 193, 116, 110]
[995, 755, 562, 361, 192, 131, 127]
[995, 823, 696, 654]
[995, 817, 674, 582, 578]
[995, 879, 877]
[995, 772, 628, 498, 373, 273, 195, 142, 116, 104, 100, 99]
[995, 845, 730, 712]
[995, 744, 607, 491, 375, 286, 223, 158, 114, 82, 58, 57]
[995, 761, 555, 378, 215, 132, 109, 108]
[995, 870, 862]
[995, 722, 534, 340, 195, 104]
[995, 831, 716, 665, 661]
[995, 881, 879]
[995, 783, 628, 511, 404, 329, 277, 247, 239]
[995, 821, 690, 627, 625]
[995, 762, 594, 447, 282, 141, 109, 105, 103]
[995, 795, 675, 614]
[995, 844, 787]
[995, 760, 583, 423, 287, 186, 154, 130, 123]
[995, 683, 473, 254, 138, 131, 129, 128]
[995, 786, 652, 526, 422, 336, 268, 201, 157, 123, 103, 88, 82, 77]
[995, 778, 582, 383, 183, 127, 123]
[995, 704, 505, 307, 160, 101]
[995, 743, 570, 414, 275, 168, 115, 107, 105]
[995, 782, 643, 517, 392, 313, 248, 199, 170, 155, 154]
[995, 884, 878, 876]
[995, 848, 767, 762]
[995, 795, 661, 543, 448, 400, 396]
[995, 797, 645, 523, 424, 335, 252, 191, 135, 99, 74, 71]
[995, 870, 851]
[995, 792, 638, 495, 364, 264, 199, 141, 114, 109, 108]
[995, 681, 470, 236, 123, 122]
[995, 815, 703, 669]
[995, 783, 617, 470, 338, 219, 141, 113, 97]
[995, 923, 922]
[995, 749, 562, 398, 250, 140, 127]
[995, 799, 671, 567, 541, 540]
[995, 764, 619, 492, 391, 321, 277, 260, 258, 257]
[995, 866, 850]
[995, 905, 904]
[995, 815, 689, 655]
[995, 807, 661, 563, 534]
[995, 764, 626, 500, 378, 288, 217, 173, 138, 112, 104, 93, 91]
[995, 664, 435, 267, 134, 127, 126]
[995, 863, 835, 834]
[995, 860, 845]
[995, 809, 681, 623, 622]
[995, 834, 763]
[995, 837, 731, 726]
[995, 773, 634, 523, 419, 343, 290, 279]
[995, 732, 544, 355, 182, 133, 130, 125]
[995, 802, 664, 540, 455, 384, 326, 303]
[995, 677, 451, 239, 133, 129]
[995, 770, 632, 522, 413, 346, 320]
[995, 903, 901]
[995, 848, 813, 812]
[995, 762, 589, 437, 309, 193, 140, 111, 109]
[995, 655, 381, 135, 128]
[995, 768, 600, 480, 309, 192, 134, 119, 116]
[995, 646, 382, 136, 124]
[995, 718, 540, 347, 195, 134, 121, 120]
[995, 803, 668, 562, 539]
[995, 646, 370, 142, 136]
[995, 814, 667, 558, 482, 467, 466]
[995, 801, 678, 590, 579, 578]
[995, 828, 710, 685, 682]
[995, 807, 685, 596, 580, 578]
[995, 741, 546, 362, 165, 127]
[995, 602, 307, 107]
[995, 838, 765, 762]
[995, 811, 689, 648, 645]
[995, 762, 595, 475, 345, 256, 180, 146, 124, 117, 116]
[995, 724, 508, 299, 108, 107]
[995, 845, 798]
[995, 849, 781, 779]
[995, 806, 667, 556, 510, 507, 506]
[995, 903, 902]
[995, 842, 806]
[995, 845, 759, 753, 752]
[995, 821, 696, 654]
[995, 803, 666, 565, 556, 553]
[995, 879, 878]
[995, 805, 679, 604, 599, 597]
[995, 709, 475, 249, 126, 125]
[995, 704, 457, 203, 108]
[995, 775, 601, 471, 309, 180, 122, 98, 94]
[995, 858, 848]
[995, 703, 489, 238, 109]
[995, 826, 696, 652]
[995, 692, 481, 198, 116, 115]
[995, 817, 697, 666, 665]
[995, 913, 912]
[995, 803, 672, 574, 556]
[995, 699, 521, 346, 174, 116, 115]
[995, 816, 675, 560, 483, 473, 471]
[995, 805, 658, 547, 525, 524]
[995, 829, 724, 717]
[995, 866, 857]
[995, 721, 529, 289, 132, 125]
[995, 930, 929]
[995, 838, 747, 746]
[995, 742, 581, 423, 276, 159, 112, 100, 99]
[995, 820, 707, 678]
[995, 847, 823]
[995, 814, 666, 566, 534, 532]
[995, 795, 674, 622, 617]
[995, 831, 718, 707]
[995, 911, 909]
[995, 885, 881]
[995, 806, 665, 541, 439, 356, 303, 277]
[995, 813, 700, 665]
[995, 841, 761, 758]
[995, 751, 574, 411, 283, 188, 130, 121, 119]
[995, 891]
[995, 830, 722, 712]
[995, 709, 477, 237, 92]
[995, 742, 544, 349, 192, 137, 127, 125]
[995, 727, 577, 407, 263, 150, 108, 101, 98]
[995, 748, 549, 362, 215, 122, 109, 108, 107]
[995, 887, 885, 884, 883]
[995, 824, 714, 710]
[995, 854, 833]
[995, 848, 827, 825]
[995, 810, 676, 565, 525, 522]
[995, 839, 773, 772]
[995, 786, 658, 548, 501, 499]
[995, 814, 686, 608, 606]
[995, 717, 533, 364, 187, 115, 104]
[995, 775, 593, 433, 247, 116, 113]
[995, 864, 855]
[995, 803, 660, 580, 567]
[995, 839, 769, 768]
[995, 835, 738, 733]
[995, 811, 697, 655, 652, 651]
[995, 698, 489, 250, 123, 122]
[995, 773, 625, 512, 407, 324, 251, 196, 159, 123, 110, 107]
[995, 875, 869]
[995, 801, 691, 656]
[995, 767, 591, 437, 300, 218, 164, 138, 128, 127]
[995, 833, 742, 736]
[995, 720, 505, 270, 161, 126, 125]
[995, 814, 686, 607, 596]
[995, 886, 876, 875]
[995, 747, 547, 320, 158, 117]
[995, 885, 884]
[995, 630, 348, 129, 128]
[995, 901, 898]
[995, 852, 832]
[995, 740, 531, 326, 151, 120]
[995, 814, 678, 582, 567, 562, 560]
[995, 767, 635, 511, 432, 415]
[995, 835, 742, 739]
[995, 769, 571, 384, 196, 114, 109, 108]
[995, 808, 664, 551, 468, 441]
[995, 858, 845]
[995, 749, 545, 360, 216, 128, 124]
[995, 809, 673, 542, 434, 359, 304, 272, 253, 249]
[995, 817, 687, 616]
[995, 875, 871]
[995, 796, 635, 537, 458, 427, 423]
[995, 751, 573, 399, 238, 125, 124]
[995, 750, 545, 363, 170, 114, 112]
[995, 931]
[995, 785, 647, 524, 414, 313, 243, 185, 152, 137, 122, 117]
[995, 911]
[995, 806, 684, 650]
[995, 690, 415, 175, 130, 128]
[995, 747, 589, 460, 361, 269, 212, 135, 91, 80, 77, 76]
[995, 837, 725, 714, 712]
[995, 846, 798, 797]
[995, 865, 853]
[995, 765, 596, 453, 287, 169, 125, 115, 113]
[995, 657, 420, 150, 124, 123]
[995, 849, 818]
[995, 757, 601, 454, 316, 198, 129, 103, 99]
[995, 784, 653, 554, 480, 461, 456]
[995, 797, 672, 624, 622, 620]
[995, 843, 814]
[995, 812, 684, 618]
[995, 751, 555, 394, 269, 163, 111, 99, 98]
[995, 907]
[995, 756, 588, 394, 209, 128, 119, 118]
[995, 806, 692, 673]
[995, 859, 834, 833]
[995, 737, 513, 287, 131, 130]
[995, 762, 601, 459, 295, 206, 143, 116, 110, 109]
[995, 746, 597, 466, 334, 227, 141, 92, 82, 76]
[995, 798, 647, 506, 380, 292, 224, 166, 132, 107, 91, 90]
[995, 814, 691, 663]
[995, 845, 803, 798, 797]
[995, 796, 672, 579, 558]
[995, 740, 551, 353, 185, 97, 96]
[995, 722, 506, 302, 163, 122]
[995, 778, 627, 512, 412, 341, 295, 284]
[995, 781, 662, 562, 513, 512]
[995, 738, 534, 366, 186, 109, 107]
[995, 790, 661, 587, 582]
[995, 751, 583, 435, 301, 171, 117, 110, 109]
[995, 770, 540, 262, 113, 112]
[995, 772, 600, 459, 310, 194, 149, 136, 134]
[995, 758, 585, 422, 285, 186, 143, 118, 115, 112]
[995, 833, 715, 665, 663, 661]
[995, 768, 608, 476, 343, 242, 189, 141, 120, 109]
[995, 792, 686, 679]
[995, 722, 487, 268, 142, 123]
[995, 789, 650, 524, 426, 337, 283, 259, 258]
[995, 849, 791]
[995, 811, 690, 635, 634]
[995, 934, 930]
[995, 876, 874]
[995, 807, 675, 585, 546, 540]
[995, 891, 886, 885]
[995, 768, 601, 462, 340, 212, 118, 106]
[995, 695, 506, 328, 172, 122, 121]
[995, 778, 620, 502, 391, 307, 250, 210, 183, 173]
[995, 812, 659, 559, 530, 527]
[995, 834, 734, 729]
[995, 828, 708, 683]
[995, 822, 695, 661, 660]
[995, 733, 551, 389, 245, 129, 101, 100, 96]
[995, 673, 448, 232, 123]
[995, 877, 867]
[995, 939, 937]
[995, 852, 836, 835]
[995, 793, 690, 667]
[995, 736, 520, 330, 157, 117]
[995, 862, 856]
[995, 781, 610, 448, 329, 197, 138, 123, 122]
[995, 856, 828]
[995, 707, 504, 321, 144, 119, 118]
[995, 769, 603, 460, 313, 204, 132, 115, 109]
[995, 787, 660, 573, 564, 563]
[995, 761, 579, 443, 298, 195, 132, 110, 106, 103]
[995, 762, 597, 422, 264, 146, 121, 120]
[995, 822, 726, 718]
[995, 774, 630, 516, 410, 324, 246, 190, 146, 115, 92, 68, 66, 65]
[995, 744, 553, 377, 222, 106, 103, 102]
[995, 790, 623, 480, 331, 227, 148, 118, 107, 104]
[995, 806, 667, 569, 540, 536, 535]
[995, 844, 779, 775]
[995, 702, 528, 308, 164, 116, 112]
[995, 837, 721, 706]
[995, 818, 692, 616, 614]
[995, 857, 815, 814]
[995, 842, 791]
[995, 820, 702, 667]
[995, 732, 530, 324, 145, 118, 117, 115, 112]
[995, 722, 497, 321, 177, 133, 122]
[995, 868, 862]
[995, 834, 742, 738]
[995, 725, 523, 325, 154, 110, 108]
[995, 854, 829, 826]
[995, 922]
[995, 780, 670, 622, 621]
[995, 869, 861]
[995, 813, 664, 530, 439, 385, 375, 373]
[995, 863, 836, 831]
[995, 902, 901]
[995, 755, 586, 427, 297, 180, 137, 121, 119]
[995, 839, 747, 744]
[995, 733, 554, 407, 254, 166, 131, 119, 115]
[995, 822, 676, 568, 526, 522]
[995, 865, 856, 853]
[995, 881, 879]
[995, 773, 598, 441, 253, 121, 112]
[995, 816, 680, 575, 532, 526, 525]
[995, 921]
[995, 824, 703, 674]
[995, 683, 470, 261, 115]
[995, 733, 524, 334, 167, 113, 112]
[995, 798, 653, 529, 432, 352, 299, 259, 240, 237, 236]
[995, 766, 593, 460, 306, 204, 138, 109, 98, 97]
[995, 761, 594, 455, 330, 247, 176, 142, 129, 128]
[995, 789, 660, 538, 464, 450]
[995, 869, 862]
[995, 726, 525, 332, 157, 122, 120]
[995, 728, 556, 365, 209, 127, 116, 115]
[995, 863, 834, 833]
[995, 856, 840]
[995, 898, 889]
[995, 781, 655, 570, 561, 559, 558]
[995, 686, 483, 245, 136, 134]
[995, 903, 902]
[995, 809, 645, 526, 429, 366, 344]
[995, 890, 885]
[995, 735, 510, 269, 155, 133]
[995, 829, 712, 677, 676]
[995, 857, 829, 827]
[995, 785, 650, 550, 497, 492]
[995, 820, 689, 624, 618, 616]
[995, 781, 642, 514, 409, 339, 319]
[995, 759, 564, 383, 203, 132, 129]
[995, 752, 565, 403, 235, 153, 135, 132]
[995, 761, 593, 439, 333, 244, 173, 133, 116, 111]
[995, 888, 885]
[995, 764, 614, 499, 368, 271, 201, 146, 122, 105, 100]
[995, 812, 692, 632, 630]
[995, 854, 845]
[995, 837, 736, 727, 726]
[995, 777, 606, 467, 342, 227, 166, 109, 94, 92]
[995, 767, 635, 511, 395, 302, 233, 178, 137, 91, 64, 55]
[995, 807, 673, 572, 547, 544]
[995, 848, 805, 802]
[995, 869, 858]
[995, 865, 856, 854, 853]
[995, 808, 663, 533, 440, 406, 404]
[995, 677, 401, 160, 140]
[995, 712, 464, 199, 108]
[995, 797, 656, 521, 433, 408]
[995, 896, 894]
[995, 689, 487, 287, 149, 125, 124]
[995, 872, 867]
[995, 807, 670, 564, 537]
[995, 743, 551, 344, 191, 110]
[995, 816, 678, 598, 591, 588, 587]
[995, 925]
[995, 851, 813, 812]
[995, 854, 817, 815]
[995, 741, 574, 422, 307, 224, 160, 127, 116, 112, 105]
[995, 797, 684, 646, 645]
[995, 795, 667, 557, 453, 354, 280, 217, 156, 130, 101, 92, 78, 77]
[995, 686, 473, 232, 127, 125]
[995, 808, 676, 573, 555, 553]
[995, 746, 565, 413, 256, 155, 122, 109, 106, 105]
[995, 857, 842]
[995, 805, 677, 608, 606]
[995, 767, 621, 497, 380, 277, 220, 177, 148, 131, 121, 120]
[995, 869, 861]
[995, 747, 557, 392, 215, 105, 104]
[995, 809, 668, 563, 537, 535]
[995, 726, 549, 347, 175, 113]
[995, 777, 606, 460, 310, 180, 128, 118, 113]
[995, 822, 711, 699, 698]
[995, 818, 685, 596, 593]
[995, 874, 869]
[995, 734, 517, 289, 138, 112]
[995, 854, 820, 818]
[995, 881, 873, 872]
[995, 857, 834, 832]
[995, 745, 543, 373, 225, 127, 104, 102]
[995, 862, 852]
[995, 775, 643, 538, 494, 491]
[995, 808, 670, 570, 555, 553]
[995, 777, 571, 356, 198, 124, 116, 115, 113]
[995, 695, 459, 258, 148, 115, 114]
[995, 810, 676, 570, 545, 542, 541]
[995, 822, 693, 628, 621, 618]
[995, 823, 723, 719]
[995, 827, 691, 598, 596]
[995, 832, 778, 777]
[995, 807, 664, 532, 404, 309, 199, 145, 105, 91, 85, 84]
[995, 814, 697, 673]
[995, 893, 889]
[995, 798, 659, 532, 433, 347, 282, 236, 222]
[995, 736, 545, 342, 179, 134]
[995, 842, 743, 739]
[995, 807, 666, 560, 529]
[995, 747, 549, 350, 154, 111, 110]
[995, 707, 485, 253, 137]
[995, 875, 872]
[995, 772, 634, 520, 419, 336, 281, 259, 258]
[995, 884, 877, 875]
[995, 825, 707, 689]
[995, 830, 736, 733]
[995, 813, 655, 549, 480, 473, 471]
[995, 861, 839]
[995, 593, 345, 148, 144]
[995, 794, 643, 508, 402, 313, 229, 172, 131, 110, 103, 101]
[995, 704, 520, 308, 152, 118, 117]
[995, 783, 631, 523, 443, 414, 413]
[995, 782, 606, 468, 329, 224, 149, 119, 116]
[995, 820, 697, 684, 683]
[995, 646, 447, 221, 109]
[995, 790, 645, 509, 406, 311, 235, 167, 123, 97, 81, 75]
[995, 773, 619, 491, 390, 292, 226, 176, 138, 124, 121]
[995, 842, 792]
[995, 871, 863]
[995, 884, 882]
[995, 867, 862]
[995, 734, 548, 356, 179, 104, 100, 99]
[995, 810, 679, 599, 597]
[995, 812, 680, 582, 565, 564]
[995, 859, 849]
[995, 954]
[995, 875, 869]
[995, 903, 900, 899]
[995, 772, 624, 508, 416, 357, 352]
[995, 775, 626, 490, 379, 284, 216, 164, 127, 114, 109, 107]
[995, 810, 681, 616]
[995, 758, 616, 459, 331, 212, 146, 109, 104]
[995, 771, 615, 495, 383, 281, 202, 143, 109, 87, 73, 69]
[995, 857, 827, 826]
[995, 799, 675, 603, 596, 595]
[995, 799, 662, 520, 427, 328, 254, 185, 150, 123, 115]
[995, 677, 427, 183, 126]
[995, 744, 560, 382, 222, 107, 105]
[995, 779, 613, 458, 352, 258, 193, 143, 102, 87, 81, 80]
[995, 896]
[995, 849, 805, 801, 800]
[995, 888, 884]
[995, 838, 749]
[995, 862, 847]
[995, 845, 793, 792]
[995, 779, 627, 509, 400, 320, 260, 237, 236]
[995, 819, 708, 685, 683]
[995, 686, 473, 260, 149, 145]
[995, 871, 862]
[995, 844, 804]
[995, 905]
[995, 796, 665, 543, 419, 329, 263, 221, 199, 195]
[995, 821, 693, 661]
[995, 780, 630, 494, 370, 259, 177, 131, 112, 108, 106]
[995, 842, 797]
[995, 743, 558, 416, 272, 161, 121, 117]
[995, 831, 742]
[995, 875, 869, 867]
[995, 840, 726, 691, 688]
[995, 787, 658, 531, 422, 340, 276, 216, 174, 144, 118, 103, 88, 74, 67, 65]
[995, 720, 508, 316, 146, 123]
[995, 896, 892, 891]
[995, 862, 848, 847]
[995, 760, 595, 440, 312, 195, 104, 99]
[995, 834, 717, 709]
[995, 688, 510, 314, 139, 126]
[995, 675, 477, 257, 122, 121]
[995, 745, 569, 419, 283, 180, 133, 107, 104]
[995, 722, 517, 319, 138, 116, 114]
[995, 808, 664, 537, 432, 367, 349]
[995, 805, 681, 610, 606]
[995, 762, 581, 423, 270, 160, 120, 114, 113]
[995, 723, 534, 326, 144, 106, 105]
[995, 723, 511, 309, 139, 118, 116]
[995, 660, 407, 160, 127, 126]
[995, 789, 638, 515, 413, 331, 286, 281]
[995, 806, 671, 575, 562, 560]
[995, 756, 556, 355, 214, 121, 102]
[995, 774, 602, 455, 353, 258, 184, 136, 109, 102]
[995, 746, 554, 368, 192, 125, 120, 117]
[995, 832, 716, 688]
[995, 764, 624, 499, 387, 310, 252, 218, 197, 191, 187]
[995, 815, 679, 611, 607]
[995, 786, 660, 568, 560]
[995, 837, 751, 750]
[995, 798, 649, 521, 386, 305, 245, 183, 145, 111, 91, 77, 69]
[995, 923]
[995, 668, 401, 176, 121]
[995, 706, 515, 322, 158, 123, 122]
[995, 816, 689, 583, 553, 551]
[995, 814, 687, 626]
[995, 680, 499, 325, 155, 112]
[995, 759, 599, 454, 314, 221, 167, 138, 127]
[995, 824, 688, 638, 637]
[995, 841, 751, 740]
[995, 779, 659, 579, 566]
[995, 822, 708, 684]
[995, 806, 676, 584, 562, 561]
[995, 836, 790, 786]
[995, 870, 864]
[995, 760, 610, 464, 316, 206, 129, 106, 99, 97]
[995, 702, 496, 270, 116]
[995, 870, 865]
[995, 695, 519, 315, 181, 120, 116, 112]
[995, 662, 398, 141, 124]
[995, 769, 538, 329, 168, 116, 115]
[995, 774, 581, 428, 298, 178, 128, 106, 103]
[995, 691, 486, 273, 134, 120]
[995, 791, 664, 579, 566]
[995, 820, 690, 610, 607]
[995, 879, 876]
[995, 896, 893]
[995, 855, 829]
[995, 736, 565, 410, 277, 171, 135, 128, 126]
[995, 804, 686, 616, 614]
[995, 779, 626, 510, 415, 343, 314]
[995, 764, 594, 444, 316, 201, 130, 116, 115]
[995, 821, 710, 690]
[995, 860, 842]
[995, 720, 547, 321, 153, 122, 120]
[995, 888, 884]
[995, 850, 772, 771]
[995, 755, 566, 401, 240, 151, 122, 118]
[995, 767, 584, 432, 298, 203, 155, 125, 112, 105]
[995, 722, 527, 333, 182, 114, 112]
[995, 813, 691, 637]
[995, 739, 560, 389, 222, 132, 120]
[995, 839, 763, 762, 761]
[995, 753, 580, 438, 305, 196, 125, 109, 106]
[995, 846, 790, 789]
[995, 858, 831]
[995, 855, 841]
[995, 798, 656, 525, 392, 298, 233, 190, 156, 124, 101, 94, 87, 82, 81, 77]
[995, 784, 639, 521, 413, 333, 276, 222, 170, 131, 112, 90, 75, 55, 48]
[995, 769, 586, 435, 306, 135, 99, 92]
[995, 852, 822]
[995, 789, 652, 561, 525, 524]
[995, 885, 864, 862, 861]
[995, 851, 826]
[995, 771, 621, 477, 347, 259, 187, 139, 104, 86, 84]
[995, 829, 709, 699]
[995, 832, 744, 743]
[995, 733, 560, 377, 244, 127, 118, 116]
[995, 833, 716, 697, 696, 695]
[995, 847, 808, 806, 804]
[995, 757, 590, 466, 336, 186, 115, 101, 99]
[995, 730, 574, 439, 325, 225, 178, 139, 115, 96, 89, 88]
[995, 807, 686, 661]
[995, 844, 785, 779]
[995, 817, 693, 652]
[995, 823, 706, 672, 670]
[995, 859, 846]
[995, 805, 679, 589, 570, 569]
[995, 836, 753, 749]
[995, 879, 874, 873]
[995, 809, 678, 566, 489, 469]
[995, 732, 516, 301, 153, 120, 117]
[995, 746, 550, 349, 178, 126, 125]
[995, 882, 875, 874]
[995, 667, 474, 259, 145, 141]
[995, 807, 662, 517, 410, 332, 264, 198, 159, 136, 122, 119]
[995, 783, 663, 596, 589]
[995, 727, 515, 317, 130]
[995, 809, 677, 583, 570]
[995, 667, 435, 186, 117]
[995, 833, 758, 757]
[995, 763, 621, 504, 417, 356, 343]
[995, 821, 681, 582, 575]
[995, 813, 691, 670]
[995, 830, 702, 668, 667]
[995, 771, 620, 498, 391, 309, 236, 193, 155, 121, 100, 92, 89]
[995, 840, 783, 780, 778]
[995, 871, 864]
[995, 780, 633, 515, 404, 294, 219, 152, 120, 84, 69, 67]
[995, 819, 707, 680]
[995, 715, 453, 230, 123]
[995, 783, 650, 530, 429, 363, 336, 335]
[995, 824, 711, 688, 685]
[995, 861, 847]
[995, 805, 684, 637, 636, 634]
[995, 745, 540, 374, 219, 123, 106, 103]
[995, 797, 647, 536, 460, 434, 432]
[995, 766, 598, 479, 362, 259, 179, 118, 104, 99, 98]
[995, 793, 645, 518, 420, 338, 273, 231, 199, 195, 194]
[995, 787, 600, 422, 266, 155, 127, 121]
[995, 841, 732, 716]
[995, 662, 357, 103]
[995, 800, 691, 667, 665]
[995, 723, 524, 290, 143, 124]
[995, 795, 621, 479, 322, 201, 139, 118, 114]
[995, 851, 805]
[995, 893]
[995, 857, 828, 826]
[995, 848, 823]
[995, 849, 804, 802]
[995, 801, 669, 564, 532, 530]
[995, 652, 414, 169, 136, 131]
[995, 695, 465, 202, 137, 135]
[995, 794, 651, 539, 456, 414, 412]
[995, 842, 788]
[995, 624, 364, 142, 130]
[995, 775, 631, 520, 435, 409, 407]
[995, 770, 595, 454, 318, 191, 124, 117, 115]
[995, 896, 893]
[995, 736, 562, 391, 232, 122, 117]
[995, 767, 605, 477, 335, 221, 148, 118, 99, 95, 94]
[995, 789, 632, 487, 362, 251, 192, 147, 132, 125]
[995, 885, 884]
[995, 802, 674, 609]
[995, 879, 874]
[995, 691, 482, 280, 131, 130]
[995, 845, 806]
[995, 895, 894]
[995, 743, 535, 321, 129, 97, 96]
[995, 815, 702, 678]
[995, 847, 800, 798]
[995, 815, 679, 584, 560, 559]
[995, 812, 665, 528, 408, 322, 269, 235, 233, 232]
[995, 776, 594, 456, 340, 266, 199, 144, 114, 100, 85, 84, 82]
[995, 891, 890]
[995, 843, 757, 754]
[995, 731, 520, 290, 160, 124, 123, 122]
[995, 812, 681, 619, 617]
[995, 868, 854, 853]
[995, 889, 886, 885]
[995, 761, 609, 495, 369, 273, 212, 179, 169, 166]
[995, 782, 662, 586, 584, 583]
[995, 801, 680, 605, 600]
[995, 790, 624, 508, 413, 344, 308, 295, 291]
[995, 775, 635, 516, 420, 374, 372]
[995, 838, 754, 747]
[995, 735, 580, 447, 304, 190, 134, 103, 97, 96]
[995, 864, 852, 849]
[995, 720, 532, 374, 209, 110, 107]
[995, 812, 672, 580, 570]
[995, 841, 819]
[995, 766, 600, 442, 302, 209, 145, 119, 105, 97, 95, 94]
[995, 625, 343, 109]
[995, 766, 636, 495, 371, 265, 179, 135, 119, 113]
[995, 873, 869]
[995, 775, 607, 469, 335, 229, 159, 118, 110, 106]
[995, 830, 752, 749, 747]
[995, 759, 589, 441, 286, 177, 122, 111, 110]
[995, 801, 677, 624, 623]
[995, 850, 817]
[995, 847, 779]
[995, 750, 546, 340, 157, 121, 118]
[995, 824, 716, 713]
[995, 867, 863]
[995, 678, 431, 221, 110]
[995, 762, 580, 413, 227, 113, 107]
[995, 792, 658, 553, 523, 522]
[995, 682, 424, 208, 135, 129]
[995, 876]
[995, 786, 630, 507, 391, 308, 247, 218, 212, 210, 208]
[995, 876, 865]
[995, 881, 879]
[995, 707, 476, 269, 137, 131, 129]
[995, 776, 610, 467, 345, 234, 165, 127, 111, 107]
[995, 783, 648, 534, 435, 365, 326, 325]
[995, 705, 477, 238, 135, 128, 127, 126]
[995, 905, 899, 897]
[995, 666, 441, 224, 102]
[995, 867, 861]
