[995, 332, 312]
[995, 288]
[995, 281]
[995, 281]
[995, 291, 262, 261]
[995, 328, 297]
[995, 328, 301]
[995, 318, 300]
[995, 290]
[995, 273, 272]
[995, 259]
[995, 277]
[995, 274, 273]
[995, 300, 292]
[995, 270, 262]
[995, 298]
[995, 276]
[995, 275, 274]
[995, 259, 258]
[995, 286, 249]
[995, 313, 292]
[995, 309]
[995, 309]
[995, 291, 280]
[995, 298, 294]
[995, 268]
[995, 281]
[995, 293]
[995, 344, 274, 250]
[995, 275]
[995, 271]
[995, 265]
[995, 266]
[995, 269, 268]
[995, 278, 275]
[995, 262]
[995, 287]
[995, 268]
[995, 281]
[995, 275]
[995, 268]
[995, 285, 278]
[995, 267]
[995, 300, 299]
[995, 311, 301]
[995, 289]
[995, 282]
[995, 265, 261]
[995, 303]
[995, 273]
[995, 282]
[995, 331, 329]
[995, 274]
[995, 295]
[995, 284]
[995, 249]
[995, 289]
[995, 284, 281]
[995, 288, 285]
[995, 297]
[995, 268, 267]
[995, 273]
[995, 290, 284]
[995, 283]
[995, 299]
[995, 279, 278]
[995, 282, 281]
[995, 259]
[995, 296]
[995, 278]
[995, 267, 265]
[995, 306]
[995, 274]
[995, 304, 302]
[995, 308, 307]
[995, 278, 275]
[995, 286]
[995, 267]
[995, 299]
[995, 311, 307]
[995, 260]
[995, 302, 296]
[995, 267, 266]
[995, 289, 286]
[995, 292, 285]
[995, 289]
[995, 291, 290]
[995, 270]
[995, 301, 292]
[995, 302, 298]
[995, 303, 288]
[995, 287]
[995, 276]
[995, 279]
[995, 274, 273]
[995, 276]
[995, 307, 293]
[995, 284]
[995, 305, 304]
[995, 288]
[995, 279]
[995, 285]
[995, 281]
[995, 291, 290]
[995, 268]
[995, 274, 269]
[995, 268]
[995, 278]
[995, 276]
[995, 268, 267]
[995, 280]
[995, 292]
[995, 292, 284]
[995, 287]
[995, 287]
[995, 298]
[995, 290, 280]
[995, 272, 271]
[995, 364, 280, 256]
[995, 269]
[995, 291]
[995, 289]
[995, 269]
[995, 266]
[995, 282, 279]
[995, 287]
[995, 274]
[995, 291, 290]
[995, 280]
[995, 269]
[995, 266]
[995, 272]
[995, 285]
[995, 270]
[995, 281]
[995, 271]
[995, 280, 278]
[995, 291]
[995, 298]
[995, 246]
[995, 284]
[995, 282]
[995, 284]
[995, 301]
[995, 293, 286]
[995, 266]
[995, 304, 300]
[995, 275]
[995, 298]
[995, 285]
[995, 278]
[995, 272]
[995, 287]
[995, 275, 274]
[995, 280, 279, 277]
[995, 280]
[995, 286, 273, 270]
[995, 286]
[995, 283]
[995, 265, 263]
[995, 285, 283]
[995, 269]
[995, 324, 288]
[995, 261]
[995, 308]
[995, 288, 287]
[995, 292, 290]
[995, 256]
[995, 305]
[995, 313, 295, 293]
[995, 277]
[995, 276]
[995, 333, 328]
[995, 267]
[995, 323, 303]
[995, 270]
[995, 291]
[995, 294, 293]
[995, 322, 307]
[995, 293]
[995, 290, 265]
[995, 291, 281]
[995, 289]
[995, 280]
[995, 275]
[995, 270]
[995, 298, 296]
[995, 283]
[995, 264]
[995, 364, 320]
[995, 284]
[995, 298, 297]
[995, 314, 300]
[995, 295]
[995, 306, 303]
[995, 275, 273]
[995, 281]
[995, 299, 298]
[995, 331, 308]
[995, 277]
[995, 292, 291]
[995, 292, 283]
[995, 283]
[995, 302, 280]
[995, 271]
[995, 281, 279]
[995, 282, 281]
[995, 298, 297]
[995, 271]
[995, 295, 293]
[995, 283, 269]
[995, 301]
[995, 274]
[995, 278]
[995, 297, 293]
[995, 292]
[995, 273, 271]
[995, 258]
[995, 327, 322]
[995, 293, 291]
[995, 284]
[995, 277, 275]
[995, 287, 283]
[995, 278]
[995, 266, 265]
[995, 276]
[995, 267]
[995, 289]
[995, 297, 296]
[995, 348, 305]
[995, 265]
[995, 277, 270]
[995, 287]
[995, 281]
[995, 291, 290]
[995, 274]
[995, 289]
[995, 279, 278]
[995, 280]
[995, 279, 261]
[995, 284, 281]
[995, 297, 292]
[995, 285, 282]
[995, 297]
[995, 309, 308]
[995, 275, 273]
[995, 290, 285]
[995, 279, 274]
[995, 311]
[995, 282]
[995, 289]
[995, 291, 290]
[995, 294, 293]
[995, 300]
[995, 276, 275]
[995, 290, 289]
[995, 269]
[995, 285, 284]
[995, 261]
[995, 269]
[995, 310, 290]
[995, 284, 282]
[995, 283, 282]
[995, 277]
[995, 252]
[995, 293]
[995, 296]
[995, 337, 321]
[995, 267]
[995, 277]
[995, 286, 284]
[995, 283]
[995, 289, 288]
[995, 296]
[995, 270]
[995, 283]
[995, 279]
[995, 290]
[995, 294]
[995, 298, 293]
[995, 261]
[995, 301]
[995, 294, 292]
[995, 277]
[995, 290]
[995, 366, 317, 316]
[995, 286, 285]
[995, 275, 274]
[995, 283, 282]
[995, 293]
[995, 284]
[995, 361, 348]
[995, 289]
[995, 296]
[995, 287]
[995, 271]
[995, 304]
[995, 293]
[995, 277, 276]
[995, 359, 278, 269]
[995, 271, 269]
[995, 269]
[995, 299, 297]
[995, 296, 293]
[995, 266]
[995, 299]
[995, 280, 279]
[995, 282]
[995, 295]
[995, 271]
[995, 265]
[995, 305]
[995, 283]
[995, 294, 291]
[995, 292]
[995, 297, 296]
[995, 285]
[995, 285, 284]
[995, 284]
[995, 278, 277]
[995, 306, 302]
[995, 302, 297]
[995, 335, 262, 253]
[995, 283]
[995, 332, 289]
[995, 273, 271]
[995, 306, 305]
[995, 318]
[995, 277]
[995, 301]
[995, 281, 280]
[995, 330, 314]
[995, 293, 292]
[995, 282]
[995, 297]
[995, 320, 301]
[995, 266]
[995, 283]
[995, 296]
[995, 291, 290]
[995, 262]
[995, 308, 291]
[995, 278, 273]
[995, 285]
[995, 287]
[995, 331, 275, 258]
[995, 270]
[995, 286]
[995, 283, 282]
[995, 286, 273]
[995, 282, 279]
[995, 302]
[995, 317, 315]
[995, 316, 296]
[995, 286]
[995, 283, 280]
[995, 262]
[995, 273]
[995, 269]
[995, 323, 319]
[995, 274]
[995, 273]
[995, 307, 306]
[995, 302]
[995, 283, 282]
[995, 273]
[995, 258]
[995, 267]
[995, 254]
[995, 295, 294]
[995, 301, 290]
[995, 266]
[995, 286]
[995, 273, 259]
[995, 285]
[995, 280]
[995, 272]
[995, 356, 299, 279]
[995, 276]
[995, 296]
[995, 273]
[995, 276]
[995, 282]
[995, 255]
[995, 278]
[995, 276, 266]
[995, 295]
[995, 284, 280]
[995, 300, 299]
[995, 274]
[995, 279, 278]
[995, 288]
[995, 330, 322]
[995, 297]
[995, 283]
[995, 291]
[995, 287]
[995, 272, 266]
[995, 304, 288]
[995, 290, 286]
[995, 274]
[995, 265]
[995, 299, 298]
[995, 313]
[995, 291, 265]
[995, 297]
[995, 268]
[995, 280, 279]
[995, 261, 254]
[995, 287, 286]
[995, 279]
[995, 289]
[995, 273]
[995, 273]
[995, 311, 305]
[995, 276]
[995, 319, 287]
[995, 257, 256]
[995, 288, 287]
[995, 286]
[995, 275, 273]
[995, 291]
[995, 287, 286]
[995, 291, 283]
[995, 301]
[995, 289, 285, 281]
[995, 252]
[995, 373, 272, 258]
[995, 333, 280, 260]
[995, 275]
[995, 295, 293]
[995, 270]
[995, 303, 291]
[995, 275]
[995, 283]
[995, 320, 289]
[995, 290, 288]
[995, 248]
[995, 297, 295]
[995, 292]
[995, 284]
[995, 304]
[995, 306, 303]
[995, 293, 292]
[995, 271]
[995, 339, 279, 263]
[995, 287, 276]
[995, 268]
[995, 309, 303]
[995, 302]
[995, 315, 300]
[995, 292]
[995, 294, 287]
[995, 277]
[995, 271]
[995, 290]
[995, 311, 305, 302]
[995, 281, 280]
[995, 280]
[995, 316, 313]
[995, 271, 270]
[995, 275]
[995, 300, 248, 235]
[995, 314, 305]
[995, 271]
[995, 307, 288]
[995, 279, 278]
[995, 292]
[995, 285, 276]
[995, 287, 286]
[995, 294]
[995, 262]
[995, 303, 302]
[995, 257]
[995, 289, 288]
[995, 276]
[995, 274]
[995, 271]
[995, 296]
[995, 278]
[995, 334, 331]
[995, 268, 265]
[995, 305, 298]
[995, 311, 306]
[995, 291]
[995, 261]
[995, 264]
[995, 284]
[995, 280, 273]
[995, 290, 286]
[995, 275, 274]
[995, 289, 288]
[995, 267, 266]
[995, 293, 292]
[995, 274]
[995, 269, 268]
[995, 324, 312]
[995, 289, 288]
[995, 288]
[995, 293, 292]
[995, 320, 310]
[995, 272]
[995, 288, 285]
[995, 302]
[995, 263]
[995, 287, 259]
[995, 289, 288]
[995, 279]
[995, 295]
[995, 261]
[995, 276]
[995, 268]
[995, 283, 278]
[995, 267]
[995, 273]
[995, 290]
[995, 280]
[995, 283]
[995, 280]
[995, 316, 315]
[995, 298]
[995, 274, 273]
[995, 287]
[995, 262]
[995, 342, 306]
[995, 252]
[995, 302, 278]
[995, 284]
[995, 303]
[995, 285, 284]
[995, 290, 289]
[995, 272]
[995, 308, 307]
[995, 273]
[995, 286, 284]
[995, 290, 279]
[995, 298, 284]
[995, 289, 285]
[995, 276, 275]
[995, 284]
[995, 280]
[995, 278, 275]
[995, 352, 301]
[995, 291]
[995, 300]
[995, 304, 260]
[995, 276]
[995, 300, 280]
[995, 279, 277]
[995, 279]
[995, 286, 284]
[995, 291]
[995, 262]
[995, 289]
[995, 332, 310]
[995, 288]
[995, 277]
[995, 292, 279]
[995, 277]
[995, 287, 272]
[995, 282]
[995, 284]
[995, 277]
[995, 359, 280, 263]
[995, 286]
[995, 302, 301]
[995, 272]
[995, 270]
[995, 264, 263]
[995, 271]
[995, 280]
[995, 296, 288]
[995, 266]
[995, 302]
[995, 269]
[995, 278]
[995, 281, 276]
[995, 290]
[995, 281, 278]
[995, 309, 308]
[995, 262]
[995, 284, 283]
[995, 299, 297]
[995, 302, 301]
[995, 296, 295]
[995, 277]
[995, 278, 275, 273]
[995, 303]
[995, 293, 288]
[995, 300]
[995, 284, 274]
[995, 301, 300]
[995, 307]
[995, 299]
[995, 301, 298]
[995, 349, 326]
[995, 277]
[995, 266]
[995, 283]
[995, 300]
[995, 277]
[995, 262, 261]
[995, 281, 278]
[995, 277]
[995, 277]
[995, 336, 312]
[995, 300]
[995, 285]
[995, 289, 288]
[995, 331, 312]
[995, 296]
[995, 267]
[995, 284]
[995, 276]
[995, 256]
[995, 277, 276]
[995, 294]
[995, 270]
[995, 264]
[995, 260]
[995, 247]
[995, 301, 300]
[995, 270]
[995, 281, 276]
[995, 308, 307]
[995, 292, 278]
[995, 274]
[995, 352, 296, 265]
[995, 283, 281]
[995, 295]
[995, 239]
[995, 272]
[995, 298]
[995, 286, 285]
[995, 280, 278]
[995, 291, 288]
[995, 291]
[995, 292, 291]
[995, 297, 290]
[995, 312, 309]
[995, 277, 276]
[995, 284]
[995, 295, 293]
[995, 314]
[995, 279]
[995, 286]
[995, 277, 276]
[995, 277]
[995, 258]
[995, 299, 298]
[995, 293, 291, 288]
[995, 285, 277]
[995, 285]
[995, 304, 301]
[995, 276]
[995, 284, 283]
[995, 288]
[995, 400, 324, 295]
[995, 277]
[995, 284]
[995, 300, 299]
[995, 276]
[995, 279, 278]
[995, 295]
[995, 301]
[995, 279]
[995, 313]
[995, 274]
[995, 294, 289]
[995, 281, 280]
[995, 280]
[995, 296]
[995, 291, 288]
[995, 294, 287]
[995, 292]
[995, 291]
[995, 292]
[995, 282, 280]
[995, 279]
[995, 289, 288]
[995, 280, 279]
[995, 293, 272, 270]
[995, 277]
[995, 253]
[995, 320, 281, 280]
[995, 275]
[995, 255, 254]
[995, 269, 267]
[995, 328, 304]
[995, 256]
[995, 298, 295]
[995, 284]
[995, 284]
[995, 295]
[995, 273]
[995, 278, 277]
[995, 284, 277]
[995, 300, 274]
[995, 280]
[995, 299, 295]
[995, 272]
[995, 265]
[995, 267]
[995, 304, 303]
[995, 298, 294]
[995, 293]
[995, 330, 317]
[995, 267]
[995, 282, 275]
[995, 285]
[995, 322, 311]
[995, 307]
[995, 287, 276]
[995, 267]
[995, 302, 287]
[995, 277]
[995, 294]
[995, 303, 292]
[995, 289, 279]
[995, 292, 290]
[995, 267]
[995, 302, 301]
[995, 266]
[995, 285]
[995, 285, 282]
[995, 319, 300]
[995, 292]
[995, 284, 283]
[995, 276]
[995, 332, 321, 320]
[995, 271]
[995, 280]
[995, 299]
[995, 355, 291, 279]
[995, 319, 316]
[995, 287]
[995, 277]
[995, 276]
[995, 262, 260]
[995, 299, 284]
[995, 270]
[995, 287, 278]
[995, 301]
[995, 283]
[995, 309, 295, 293]
[995, 271]
[995, 277]
[995, 282]
[995, 284]
[995, 264]
[995, 302, 291]
[995, 295]
[995, 276, 275]
[995, 271]
[995, 257, 254]
[995, 303]
[995, 291]
[995, 283]
[995, 275, 274]
[995, 283]
[995, 289]
[995, 289, 288]
[995, 317]
[995, 309, 308]
[995, 275, 274]
[995, 291]
[995, 302]
[995, 279]
[995, 282]
[995, 329, 328]
[995, 265]
[995, 284]
[995, 273]
[995, 270]
[995, 300, 297]
[995, 289]
[995, 289, 288]
[995, 302, 297]
[995, 308]
[995, 289]
[995, 271]
[995, 264, 263]
[995, 278]
[995, 283]
[995, 293, 291]
[995, 294, 292]
[995, 269]
[995, 269]
[995, 285, 263]
[995, 284]
[995, 288]
[995, 274, 273]
[995, 291]
[995, 280, 279]
[995, 273]
[995, 288]
[995, 284]
[995, 310, 308]
[995, 280, 279]
[995, 297, 296]
[995, 286]
[995, 254]
[995, 331, 311]
[995, 292]
[995, 320, 295]
[995, 286]
[995, 293, 288]
[995, 285]
[995, 285, 278]
[995, 287, 282]
[995, 266, 262]
[995, 255]
[995, 281]
[995, 379, 285, 274]
[995, 302]
[995, 294]
[995, 275]
[995, 282]
[995, 297]
[995, 294, 293]
[995, 277]
[995, 296]
[995, 326, 293]
[995, 288]
[995, 273, 271]
[995, 276, 275]
[995, 257, 256]
[995, 283, 282]
[995, 307, 303]
[995, 280, 274]
[995, 290]
[995, 286]
[995, 320, 314]
[995, 276]
[995, 273, 272]
[995, 304, 302]
[995, 250]
[995, 275]
[995, 296, 285]
[995, 270]
[995, 307]
[995, 275, 274]
[995, 275]
[995, 273, 269]
[995, 277]
[995, 292]
[995, 253, 252]
[995, 280]
[995, 283]
[995, 311]
[995, 285]
[995, 299]
[995, 289, 282, 281, 279]
[995, 298]
[995, 315, 311, 307]
[995, 275]
[995, 263]
[995, 283]
[995, 267]
[995, 299]
[995, 316, 309]
[995, 297, 294]
[995, 277]
[995, 300, 299]
[995, 293]
[995, 298, 296]
[995, 298, 291]
[995, 310, 297]
[995, 284]
[995, 301, 299]
[995, 275]
[995, 303, 290]
[995, 286]
[995, 273, 272]
[995, 282]
[995, 298, 297]
[995, 265]
[995, 278]
[995, 304, 288]
[995, 296, 279]
[995, 286, 274]
[995, 281, 280]
[995, 279]
[995, 272]
[995, 277]
[995, 303, 288]
[995, 300, 288]
[995, 285]
[995, 314, 276]
[995, 275, 272]
[995, 328, 315, 312]
[995, 273]
[995, 277, 275]
[995, 317]
[995, 297, 295]
[995, 275]
[995, 263]
[995, 287, 286]
[995, 277]
[995, 310]
[995, 299, 298]
[995, 273]
[995, 290, 289]
[995, 262]
[995, 280, 279]
[995, 296]
[995, 276]
[995, 281, 278]
[995, 279]
[995, 278, 274]
[995, 285]
[995, 294]
[995, 299, 298]
[995, 301]
[995, 291, 290]
[995, 286]
[995, 291]
[995, 289]
[995, 306, 301]
[995, 274, 272]
[995, 310]
[995, 278]
[995, 289]
[995, 281, 280]
[995, 268]
[995, 287]
[995, 292]
[995, 306]
[995, 281, 264]
[995, 290]
[995, 325, 275]
[995, 284, 283]
[995, 261]
[995, 294, 290]
[995, 284]
[995, 313]
[995, 273]
[995, 301]
[995, 292]
[995, 289]
[995, 281, 280]
[995, 303, 301]
[995, 264]
[995, 316, 311]
[995, 299]
[995, 279]
[995, 298]
[995, 311, 310]
[995, 294]
[995, 294, 292]
[995, 300, 290]
[995, 276]
[995, 276]
[995, 304, 301]
[995, 266]
[995, 269]
[995, 280]
[995, 278]
[995, 278, 271]
[995, 275]
[995, 279, 277]
[995, 280, 279]
[995, 297]
[995, 262]
[995, 284]
[995, 292, 291]
[995, 278, 277]
[995, 283, 282]
[995, 267]
[995, 264]
[995, 301, 300]
[995, 282]
[995, 291]
[995, 262]
[995, 290]
[995, 283]
[995, 290]
[995, 295, 270]
[995, 272]
[995, 285]
[995, 300, 299]
[995, 301]
[995, 275]
[995, 261, 259]
[995, 291, 278]
[995, 295]
[995, 292, 288]
[995, 293]
[995, 272]
[995, 293, 291]
[995, 288, 280]
[995, 291]
[995, 269]
[995, 260]
[995, 296, 286, 283]
[995, 265]
[995, 260]
[995, 286]
[995, 255]
[995, 295]
