[33.76, 29.37, 2.68, 0.6]
[33.61, 28.13, 3.94, 0.55]
[33.78, 30.18, 11.69, 0.83, 0.77, 0.6]
[33.7, 29.51, 3.48, 0.44]
[33.53, 28.52, 0.96, 0.62]
[33.57, 30.5, 9.5, 0.3, 0.26]
[33.73, 27.99, 2.04, 1.02]
[33.62, 22.63, 0.14, 0.12]
[33.45, 26.85, 0.3]
[33.55, 22.17, 0.17]
[33.08, 11.27, 0.19, 0.05]
[33.6, 28.66, 1.82, 0.43]
[33.63, 30.42, 6.56, 0.23, 0.22]
[33.85, 28.21, 2.66, 1.06]
[33.5, 21.4, 0.1]
[33.42, 20.46, 0.06, 0.04]
[33.73, 27.15, 0.48, 0.32]
[33.69, 25.15, 0.62, 0.36]
[33.65, 28.66, 0.87, 0.51]
[33.69, 26.64, 1.39, 0.72]
[33.64, 25.6, 0.44, 0.35]
[33.66, 26.37, 0.95, 0.79]
[33.66, 30.58, 5.13, 0.37]
[33.59, 28.18, 0.49]
[33.56, 25.57, 0.29]
[33.53, 23.63, 0.16]
[33.59, 29.45, 5.57, 0.49, 0.42]
[33.6, 25.56, 0.48, 0.4]
[33.4, 18.65, 0.17, 0.14]
[33.08, 16.89, 0.1, 0.07]
[33.13, 16.25, 0.08, 0.06]
[33.41, 23.74, 0.52]
[33.51, 26.08, 1.11, 0.76]
[33.38, 20.77, 0.09]
[33.56, 23.85, 0.28, 0.26]
[33.55, 27.78, 1.64, 0.52]
[33.79, 31.3, 9.56, 0.34]
[33.78, 29.91, 4.57, 0.81, 0.74]
[33.31, 20.24, 0.05]
[33.58, 27.07, 0.44]
[33.56, 26.64, 0.51, 0.46]
[33.53, 26.99, 1.74, 0.34]
[33.58, 21.96, 0.14]
[33.62, 23.1, 0.33]
[33.61, 26.3, 0.61]
[33.42, 19.96, 0.04]
[33.71, 26.44, 1.29, 0.68]
[33.28, 18.91, 0.08]
[33.95, 26.91, 0.4]
[33.67, 25.26, 0.47, 0.31]
[35.01, 35.0, 34.96]
[35.11, 34.99, 34.88]
[34.66, 34.5, 34.28, 34.21]
[34.83, 34.8, 34.72, 34.68]
[34.73, 34.66, 34.61]
[33.76, 28.86, 3.02, 0.35]
[33.41, 26.46, 0.49, 0.29]
[33.43, 26.79, 0.65, 0.59]
[32.78, 10.25, 0.09, 0.03]
[33.39, 24.93, 0.29]
[33.72, 27.89, 3.77, 0.93]
[33.66, 28.24, 2.78, 0.84]
[33.87, 30.89, 9.86, 1.4, 1.32]
[33.54, 26.34, 0.34, 0.3]
[33.25, 18.11, 0.16]
[33.19, 15.68, 0.09]
[33.44, 21.75, 0.18]
[995, 367, 151]
[995, 516, 232, 179, 176]
[995, 398, 177]
[995, 441, 195]
[995, 349, 153, 152]
[995, 588, 332, 177]
[995, 420, 189, 182]
[995, 468, 220, 195]
[995, 483, 223, 192]
[995, 466, 192, 185]
[995, 414, 175, 174]
[995, 389, 173, 170]
[995, 426, 166]
[995, 359, 157, 156]
[995, 386, 176, 170]
[995, 434, 218, 189]
[995, 468, 219, 188]
[995, 373, 162, 161]
[995, 356, 154, 152]
[995, 368, 150, 149]
[995, 435, 184, 183]
[995, 513, 227, 204]
[995, 579, 309, 189]
[995, 447, 185, 179]
[995, 420, 171, 170]
[995, 453, 205, 185, 183]
[995, 413, 196, 187]
[995, 411, 173]
[995, 387, 156]
[995, 335, 164, 163]
[995, 411, 165]
[995, 371, 167]
[995, 520, 236, 177, 174]
[995, 400, 170]
[995, 465, 197, 193]
[995, 431, 203, 201, 199]
[995, 375, 174, 173]
[995, 514, 245, 195, 192]
[995, 536, 266, 199]
[995, 365, 156]
[995, 338, 152]
[995, 426, 177, 176]
[995, 389, 173, 171]
[995, 387, 170, 166]
[995, 451, 167]
[995, 419, 164, 161]
[995, 451, 212, 174, 173]
[995, 364, 161]
[995, 457, 199, 186]
[995, 361, 148]
[995, 343, 167]
[995, 416, 175, 174]
[995, 339, 143, 142]
[995, 375, 144]
[995, 489, 207, 203]
[995, 451, 232, 207]
[995, 346, 147, 145]
[995, 382, 149]
[995, 411, 158]
[995, 437, 216, 213]
[995, 347, 136]
[995, 574, 262, 202, 200]
[995, 465, 211, 203]
[995, 443, 195, 194]
[995, 392, 158]
[995, 369, 167, 166]
[995, 405, 165, 162]
[995, 384, 145]
[995, 447, 193, 177]
[995, 370, 158, 156]
[995, 544, 240, 191, 189]
[995, 490, 204, 193]
[995, 423, 178]
[995, 441, 186, 174]
[995, 405, 169, 168]
[995, 456, 215, 186]
[995, 424, 169, 168]
[995, 405, 146, 145]
[995, 429, 175, 174]
[995, 354, 159]
[995, 370, 173, 171, 170]
[995, 375, 151]
[995, 420, 190, 183]
[995, 457, 213, 194]
[995, 432, 185, 178]
[995, 352, 169, 165]
[995, 401, 181, 171]
[995, 365, 151, 150]
[995, 472, 192, 190]
[995, 391, 156]
[995, 514, 223, 191, 190]
[995, 368, 149]
[995, 432, 163]
[995, 391, 168]
[995, 413, 166]
[995, 371, 133]
[995, 410, 177, 172]
[995, 359, 160, 159]
[995, 413, 176, 175]
[995, 417, 169]
[995, 495, 240, 191, 189]
[995, 418, 159, 158]
[995, 352, 160, 158]
[995, 352, 140]
[995, 361, 138]
[995, 380, 164, 163]
[995, 388, 129]
[995, 387, 166, 165]
[995, 368, 172, 169]
[995, 361, 148]
[995, 346, 167, 165]
[995, 542, 263, 171, 169]
[995, 435, 166, 165]
[995, 411, 177, 174]
[995, 501, 249, 167, 163]
[995, 510, 205, 177]
[995, 398, 160]
[995, 473, 204, 199]
[995, 447, 195, 177]
[995, 363, 142, 141]
[995, 347, 160]
[995, 351, 154, 153]
[995, 350, 134]
[995, 390, 159, 158]
[995, 589, 262, 197, 188]
[995, 425, 182, 181]
[995, 344, 178, 177]
[995, 396, 186]
[995, 393, 169]
[995, 376, 167, 166]
[995, 443, 206, 194, 192]
[995, 571, 283, 184, 182]
[995, 430, 174, 173]
[995, 441, 178, 174]
[995, 397, 169]
[995, 394, 180, 174]
[995, 401, 181]
[995, 420, 181, 172]
[995, 355, 145]
[995, 359, 150, 149]
[995, 384, 164]
[995, 363, 145]
[995, 413, 148]
[995, 391, 184, 178]
[995, 339, 147, 145]
[995, 348, 158]
[995, 494, 246, 206, 196]
[995, 546, 254, 208, 201]
[995, 432, 163, 162]
[995, 365, 162, 161]
[995, 347, 152, 151]
[995, 504, 214, 194]
[995, 367, 169]
[995, 426, 186, 185]
[995, 342, 158]
[995, 410, 172, 167]
[995, 374, 163, 162]
[995, 450, 206, 202]
[995, 389, 169]
[995, 442, 172, 170]
[995, 400, 148, 147]
[995, 380, 162, 161]
[995, 376, 162]
[995, 379, 149, 148]
[995, 411, 144]
[995, 423, 178]
[995, 356, 165, 163]
[995, 442, 187, 183]
[995, 418, 182]
[995, 385, 165]
[995, 599, 317, 210, 203, 202]
[995, 610, 302, 188, 181]
[995, 428, 183]
[995, 429, 179, 178]
[995, 460, 201, 197]
[995, 453, 207, 188]
[995, 501, 256, 189, 187]
[995, 412, 188, 185]
[995, 369, 152]
[995, 640, 357, 216, 190]
[995, 409, 160]
[995, 355, 183]
[995, 447, 175, 162]
[995, 460, 175, 173]
[995, 389, 162]
[995, 442, 186, 185]
[995, 406, 167, 163]
[995, 421, 183, 165]
[995, 412, 192, 182]
[995, 463, 181, 177]
[995, 449, 188, 180]
[995, 405, 186, 180, 178]
[995, 364, 163, 162]
[995, 414, 189, 182]
[995, 440, 225, 208]
[995, 339, 127, 126]
[995, 344, 146]
[995, 382, 140]
[995, 458, 226, 192]
[995, 330, 145, 144]
[995, 411, 176, 174]
[995, 432, 177, 174]
[995, 462, 178, 172]
[995, 388, 148]
[995, 355, 149, 148]
[995, 364, 140]
[995, 373, 174]
[995, 365, 163]
[995, 376, 156]
[995, 433, 215, 188, 186]
[995, 408, 192]
[995, 418, 198, 194]
[995, 382, 172, 169]
[995, 504, 231, 193, 191]
[995, 411, 171]
[995, 644, 350, 183, 172]
[995, 374, 157, 156]
[995, 399, 167, 166]
[995, 582, 264, 180, 179]
[995, 395, 168, 165]
[995, 400, 165, 155, 153]
[995, 415, 209, 199]
[995, 356, 149]
[995, 512, 206, 182, 180]
[995, 422, 189]
[995, 395, 155, 154]
[995, 428, 155, 154]
[995, 465, 218, 194]
[995, 469, 185, 180]
[995, 434, 180]
[995, 486, 206, 182]
[995, 420, 179, 173]
[995, 471, 220, 188]
[995, 395, 169, 167]
[995, 429, 167]
[995, 324, 141, 140]
[995, 414, 209, 196, 195]
[995, 402, 168, 165]
[995, 382, 181, 178]
[995, 494, 213, 202, 201]
[995, 563, 268, 187, 185]
[995, 407, 169]
[995, 352, 164]
[995, 376, 168, 167]
[995, 344, 141]
[995, 498, 237, 204, 203]
[995, 375, 138]
[995, 466, 198, 183]
[995, 474, 201, 173]
[995, 454, 184, 183]
[995, 441, 190, 189]
[995, 400, 173]
[995, 386, 161]
[995, 468, 188, 187]
[995, 407, 173, 172]
[995, 454, 156]
[995, 427, 159]
[995, 397, 168, 161]
[995, 455, 203, 179]
[995, 466, 206, 203]
[995, 414, 182]
[995, 421, 173, 169]
[995, 391, 154]
[995, 378, 150, 149]
[995, 421, 164, 163]
[995, 380, 150]
[995, 431, 188, 185]
[995, 419, 181, 178]
[995, 402, 200, 186]
[995, 464, 221, 181, 177]
[995, 448, 218, 187]
[995, 408, 163]
[995, 447, 201, 200]
[995, 410, 166]
[995, 375, 156]
[995, 492, 234, 188, 184]
[995, 369, 155, 154]
[995, 408, 168, 167]
[995, 383, 146]
[995, 513, 233, 175, 172]
[995, 346, 156]
[995, 370, 152]
[995, 358, 148, 144]
[995, 420, 179, 168]
[995, 449, 198, 197]
[995, 339, 145]
[995, 367, 152]
[995, 345, 158]
[995, 354, 157]
[995, 352, 143]
[995, 403, 195, 191]
[995, 559, 253, 174]
[995, 460, 206, 200]
[995, 378, 154]
[995, 510, 257, 214, 209]
[995, 384, 147]
[995, 515, 213, 181]
[995, 439, 189, 186]
[995, 325, 127, 126]
[995, 476, 179, 178]
[995, 414, 166, 165]
[995, 339, 158, 156]
[995, 382, 150]
[995, 358, 157, 156]
[995, 452, 203, 192, 190]
[995, 416, 153]
[995, 448, 220, 201]
[995, 445, 200, 194]
[995, 391, 181, 170]
[995, 599, 314, 197, 188]
[995, 396, 157, 156]
[995, 391, 182]
[995, 399, 153]
[995, 385, 168]
[995, 442, 190, 185]
[995, 438, 186, 182, 181]
[995, 347, 145, 144]
[995, 468, 231, 176]
[995, 348, 146]
[995, 408, 164]
[995, 391, 158]
[995, 341, 136, 135]
[995, 379, 175]
[995, 353, 187, 185]
[995, 345, 145, 144]
[995, 347, 134, 133]
[995, 380, 147, 146]
[995, 458, 211, 197]
[995, 331, 153]
[995, 391, 170, 169]
[995, 539, 233, 177, 175]
[995, 346, 144]
[995, 514, 216, 180, 175]
[995, 369, 172, 169]
[995, 407, 170, 169]
[995, 391, 149]
[995, 385, 161]
[995, 371, 175, 174]
[995, 384, 178, 175]
[995, 362, 151]
[995, 371, 163]
[995, 378, 167]
[995, 358, 159]
[995, 609, 294, 190, 188]
[995, 420, 176]
[995, 405, 172]
[995, 376, 169]
[995, 574, 273, 193, 191]
[995, 411, 157]
[995, 377, 162, 161]
[995, 409, 181, 179]
[995, 342, 144]
[995, 455, 204, 178]
[995, 403, 155]
[995, 446, 218, 197]
[995, 391, 177, 174]
[995, 453, 184, 182]
[995, 388, 152]
[995, 486, 217, 165, 161]
[995, 500, 241, 199, 194]
[995, 355, 151]
[995, 445, 203, 199]
[995, 378, 178, 175]
[995, 367, 132, 131]
[995, 339, 148, 147]
[995, 402, 170]
[995, 346, 163, 162]
[995, 443, 182, 180]
[995, 457, 201, 185]
[995, 370, 179, 178]
[995, 387, 148, 147]
[995, 373, 152, 151]
[995, 341, 161, 159]
[995, 443, 189, 175, 174]
[995, 433, 195, 193]
[995, 401, 181, 177]
[995, 388, 160, 158]
[995, 444, 187]
[995, 444, 203, 169]
[995, 428, 177, 168]
[995, 454, 215, 183, 182]
[995, 389, 180, 173]
[995, 370, 135]
[995, 505, 229, 197, 195]
[995, 352, 163, 162]
[995, 398, 169]
[995, 404, 185]
[995, 503, 195, 182]
[995, 392, 162]
[995, 607, 328, 191, 189]
[995, 381, 166]
[995, 431, 199, 177]
[995, 442, 180, 168]
[995, 477, 183, 178]
[995, 374, 151]
[995, 378, 162]
[995, 368, 169, 165]
[995, 325, 136]
[995, 349, 138, 137]
[995, 391, 190, 174]
[995, 502, 234, 176, 173]
[995, 495, 241, 189, 187]
[995, 378, 168, 166]
[995, 339, 147]
[995, 378, 163, 162]
[995, 415, 190]
[995, 379, 165]
[995, 350, 174, 166]
[995, 394, 190]
[995, 385, 165]
[995, 350, 169]
[995, 412, 191, 183]
[995, 392, 162]
[995, 387, 132]
[995, 337, 145]
[995, 340, 134, 133]
[995, 346, 145, 144]
[995, 442, 212, 174, 173]
[995, 350, 138]
[995, 364, 153]
[995, 429, 190]
[995, 364, 154]
[995, 383, 157]
[995, 365, 161]
[995, 473, 209, 195]
[995, 398, 178, 176]
[995, 428, 192, 189]
[995, 364, 163]
[995, 381, 157, 156]
[995, 511, 229, 167, 164]
[995, 520, 237, 193, 187]
[995, 420, 169, 168]
[995, 386, 148]
[995, 479, 230, 193, 191]
[995, 496, 213, 190]
[995, 449, 187, 164]
[995, 472, 200, 180]
[995, 526, 250, 159]
[995, 372, 143, 142]
[995, 639, 328, 174, 173]
[995, 369, 149, 148]
[995, 467, 233, 211]
[995, 436, 178, 177]
[995, 398, 162]
[995, 414, 161, 159]
[995, 510, 235, 192, 189]
[995, 467, 217, 181, 175]
[995, 368, 155]
[995, 330, 163]
[995, 373, 158]
[995, 351, 155]
[995, 367, 158]
[995, 357, 162]
[995, 372, 156]
[995, 530, 233, 175, 173]
[995, 370, 196, 191]
[995, 334, 135]
[995, 413, 179]
[995, 483, 201, 194]
[995, 348, 145]
[995, 407, 171, 169]
[995, 403, 168, 167]
[995, 419, 182, 175]
[995, 342, 127, 126]
[995, 383, 177, 176]
[995, 362, 162]
[995, 561, 289, 165, 164]
[995, 360, 136]
[995, 425, 170, 169]
[995, 407, 170]
[995, 385, 165]
[995, 462, 216, 190]
[995, 374, 163, 161]
[995, 310, 159]
[995, 389, 149]
[995, 442, 184, 164]
[995, 513, 248, 220]
[995, 392, 174]
[995, 375, 161]
[995, 413, 187, 184, 183]
[995, 494, 213, 165]
[995, 587, 323, 183, 178]
[995, 420, 174]
[995, 443, 167, 159]
[995, 432, 169]
[995, 472, 219, 189]
[995, 406, 161]
[995, 476, 212, 196]
[995, 423, 183, 176]
[995, 482, 216, 182, 175]
[995, 445, 178, 177]
[995, 424, 173, 171]
[995, 418, 175, 159]
[995, 356, 141]
[995, 525, 247, 196, 190]
[995, 368, 170]
[995, 396, 177]
[995, 384, 146]
[995, 449, 230, 209]
[995, 398, 182, 180]
[995, 388, 180]
[995, 380, 156]
[995, 544, 256, 205, 202]
[995, 401, 158, 155]
[995, 373, 136, 135]
[995, 447, 194, 183]
[995, 443, 206, 195]
[995, 329, 147, 143]
[995, 328, 125, 124]
[995, 493, 231, 196]
[995, 356, 146]
[995, 379, 140]
[995, 388, 181, 172]
[995, 418, 186, 177]
[995, 408, 175, 173]
[995, 339, 144, 143]
[995, 449, 190]
[995, 340, 139, 138]
[995, 337, 158, 157]
[995, 456, 188, 177]
[995, 323, 162, 159]
[995, 412, 179, 167]
[995, 502, 235, 205, 203]
[995, 399, 141, 140]
[995, 365, 157]
[995, 381, 159]
[995, 327, 147]
[995, 483, 207, 180]
[995, 476, 199, 189]
[995, 444, 187, 180]
[995, 367, 153]
[995, 343, 126]
[995, 535, 244, 189, 186]
[995, 487, 212, 186]
[995, 532, 238, 188, 187]
[995, 376, 154, 153]
[995, 399, 179, 178]
[995, 381, 168, 166]
[995, 431, 207, 185]
[995, 438, 205, 183]
[995, 517, 243, 197, 191]
[995, 547, 232, 193, 192]
[995, 470, 169, 168]
[995, 396, 177, 175]
[995, 416, 192, 191]
[995, 401, 178, 173]
[995, 392, 153, 152]
[995, 379, 148]
[995, 349, 141, 140]
[995, 378, 135]
[995, 505, 195, 193]
[995, 380, 159]
[995, 415, 153]
[995, 424, 195, 185]
[995, 342, 161]
[995, 407, 172, 171]
[995, 427, 181, 180]
[995, 383, 176, 175]
[995, 354, 154]
[995, 352, 174, 173]
[995, 510, 226, 185, 183]
[995, 386, 160]
[995, 334, 140]
[995, 396, 143]
[995, 397, 157]
[995, 449, 209, 183]
[995, 491, 217, 193]
[995, 389, 155]
[995, 423, 183, 177]
[995, 422, 185, 165]
[995, 356, 167, 166]
[995, 396, 174, 172]
[995, 391, 148]
[995, 423, 184, 168]
[995, 388, 171, 168, 165]
[995, 476, 221, 201]
[995, 432, 152]
[995, 456, 207, 178]
[995, 427, 195, 192]
[995, 393, 172, 171]
[995, 514, 230, 190, 189]
[995, 340, 134]
[995, 511, 247, 183, 175]
[995, 352, 145]
[995, 393, 151, 149]
[995, 493, 216, 180, 175]
[995, 374, 131, 130]
[995, 376, 165]
[995, 469, 208, 191]
[995, 347, 155, 154]
[995, 344, 124]
[995, 454, 184, 172]
[995, 374, 161]
[995, 352, 153, 152]
[995, 498, 258, 167]
[995, 402, 178, 177]
[995, 393, 146, 145]
[995, 359, 147]
[995, 584, 285, 168]
[995, 369, 146]
[995, 437, 195, 194]
[995, 480, 199, 166, 164]
[995, 434, 191, 184]
[995, 448, 198, 187]
[995, 350, 152]
[995, 364, 156, 155, 153]
[995, 328, 155, 152]
[995, 389, 152]
[995, 366, 162, 161]
[995, 355, 139]
[995, 348, 146]
[995, 441, 180, 167]
[995, 380, 148]
[995, 359, 157]
[995, 379, 153]
[995, 351, 153, 152]
[995, 373, 167, 166]
[995, 452, 189, 185, 183, 181]
[995, 570, 265, 177, 176]
[995, 566, 308, 182, 181]
[995, 415, 178, 176]
[995, 367, 121]
[995, 464, 221, 167, 166]
[995, 504, 196, 180]
[995, 343, 134, 133]
[995, 470, 207, 189, 188]
[995, 399, 186, 185]
[995, 369, 157, 156]
[995, 324, 174, 171]
[995, 452, 184, 172]
[995, 539, 265, 192, 191]
[995, 404, 169, 167]
[995, 370, 169, 168]
[995, 351, 159, 157]
[995, 460, 213, 198]
[995, 382, 169]
[995, 392, 189, 188]
[995, 390, 156]
[995, 440, 161, 157, 155]
[995, 398, 168]
[995, 414, 189, 187]
[995, 369, 136]
[995, 379, 151]
[995, 446, 197, 191]
[995, 383, 174, 168]
[995, 385, 160]
[995, 384, 159]
[995, 350, 138]
[995, 441, 199, 159, 157]
[995, 416, 181, 173]
[995, 365, 165, 164]
[995, 325, 155]
[995, 365, 148, 145]
[995, 468, 227, 197]
[995, 331, 167, 166]
[995, 425, 187]
[995, 356, 135]
[995, 439, 167, 165]
[995, 425, 165, 164]
[995, 449, 219, 204]
[995, 336, 141]
[995, 408, 174, 173]
[995, 357, 169]
[995, 356, 128]
[995, 483, 203, 180]
[995, 383, 140, 139]
[995, 406, 167]
[995, 479, 199, 186]
[995, 346, 160]
[995, 454, 212, 203]
[995, 369, 158, 156]
[995, 395, 163]
[995, 461, 201, 196]
[995, 378, 159]
[995, 421, 176, 175]
[995, 418, 205, 200]
[995, 383, 140]
[995, 470, 217, 165]
[995, 334, 139]
[995, 406, 161, 160]
[995, 359, 163]
[995, 453, 189]
[995, 392, 150, 149]
[995, 363, 151]
[995, 412, 196, 187]
[995, 449, 217, 186]
[995, 535, 247, 169]
[995, 353, 145]
[995, 360, 141, 140]
[995, 508, 241, 206]
[995, 425, 208, 197]
[995, 425, 204, 182]
[995, 474, 189]
[995, 483, 244, 190]
[995, 428, 165]
[995, 385, 177, 175]
[995, 381, 149]
[995, 407, 180, 176]
[995, 341, 160, 158]
[995, 340, 146, 144]
[995, 434, 215, 185]
[995, 336, 154, 152]
[995, 363, 159]
[995, 494, 251, 189, 188]
[995, 510, 248, 187]
[995, 450, 169]
[995, 390, 147]
[995, 330, 140]
[995, 385, 131]
[995, 392, 153, 152]
[995, 375, 169, 168]
[995, 435, 187, 183, 182]
[995, 522, 241, 166, 165]
[995, 531, 248, 184]
[995, 396, 178, 170]
[995, 529, 243, 218]
[995, 462, 193, 182]
[995, 430, 186, 180, 179]
[995, 412, 187, 179]
[995, 332, 149, 147]
[995, 357, 153]
[995, 466, 199, 171]
[995, 504, 218, 184, 181]
[995, 378, 173, 169, 168]
[995, 471, 213, 209]
[995, 350, 147]
[995, 428, 194, 187]
[995, 429, 182, 179]
[995, 435, 165, 164]
[995, 465, 196, 186, 185]
[995, 392, 158]
[995, 472, 226, 191, 182]
[995, 380, 147, 145]
[995, 357, 150]
[995, 411, 171, 168]
[995, 445, 206, 171, 168]
[995, 370, 157]
[995, 525, 228, 180, 179]
[995, 362, 147]
[995, 380, 150]
[995, 326, 156, 153]
[995, 380, 144, 142]
[995, 600, 316, 197, 194]
[995, 347, 141]
[995, 508, 220, 201]
[995, 346, 139]
[995, 362, 134]
[995, 447, 204, 201]
[995, 374, 140]
[995, 452, 215, 171, 170]
[995, 478, 191, 180]
[995, 426, 182, 178]
[995, 456, 190, 186]
[995, 364, 162, 161]
[995, 378, 152]
[995, 343, 155, 153]
[995, 441, 175, 174]
[995, 424, 194, 190]
[995, 542, 250, 185, 184]
[995, 363, 138]
[995, 392, 161, 160]
[995, 367, 163, 161]
[995, 519, 248, 169, 167]
[995, 337, 161, 159]
[995, 415, 179, 171]
[995, 626, 331, 199, 196]
[995, 505, 231, 171, 170]
[995, 523, 242, 188, 187]
[995, 332, 146]
[995, 448, 196, 177]
[995, 374, 147, 145]
[995, 428, 185, 184]
[995, 391, 168, 165]
[995, 348, 155]
[995, 351, 143, 142]
[995, 359, 157]
[995, 433, 180]
[995, 396, 155, 154]
[995, 458, 198, 197]
[995, 427, 202, 194]
[995, 409, 173]
[995, 367, 141]
[995, 472, 213, 184]
[995, 403, 163]
[995, 315, 157, 156]
[995, 398, 163]
[995, 575, 323, 177, 168]
[995, 394, 177, 165]
[995, 378, 152]
[995, 517, 254, 185, 182]
[995, 380, 172, 166]
[995, 365, 144]
[995, 414, 177, 175]
[995, 389, 172]
[995, 376, 154, 152]
[995, 420, 169]
[995, 323, 136, 135]
[995, 377, 172, 170]
[995, 449, 194, 174]
[995, 369, 171, 169]
[995, 499, 242, 212, 210]
[995, 495, 217, 216]
[995, 357, 145]
[995, 437, 205, 193]
[995, 431, 192]
[995, 447, 202, 201]
[995, 388, 162]
[995, 413, 183]
[995, 518, 207, 190]
[995, 523, 245, 177, 176]
[995, 448, 185, 183]
[995, 388, 156]
[995, 348, 155]
[995, 349, 158, 155]
[995, 363, 166, 164]
[995, 632, 328, 212, 210]
[995, 365, 152]
[995, 335, 149, 148]
[995, 508, 262, 180, 179]
[995, 480, 214, 205]
[995, 373, 150]
[995, 346, 134, 132]
[995, 418, 176]
[995, 399, 161, 159]
[995, 394, 141]
[995, 372, 161]
[995, 494, 207, 197]
[995, 481, 228, 191]
[995, 376, 162]
[995, 494, 227, 199, 194]
[995, 424, 170, 168]
[995, 420, 184, 183]
[995, 451, 172, 171]
[995, 346, 149, 148]
[995, 344, 158]
[995, 591, 306, 165, 164]
[995, 364, 172, 170]
[995, 352, 136, 135]
[995, 438, 212, 183]
[995, 424, 201, 189]
[995, 543, 242, 186]
[995, 362, 145]
[995, 544, 232, 193, 188]
[995, 418, 175, 167]
[995, 430, 182, 177]
[995, 395, 166, 165]
[995, 385, 155]
[995, 362, 154, 152]
[995, 459, 205, 177]
[995, 364, 154]
[995, 401, 182, 179]
[995, 452, 188, 182]
[995, 372, 161]
[995, 432, 193, 187]
[995, 440, 195, 190]
[995, 421, 180, 170]
[995, 376, 175, 172]
[995, 344, 148]
[995, 482, 240, 200, 191]
[995, 599, 314, 165]
[995, 456, 216, 169, 165]
[995, 389, 158]
[995, 557, 263, 188, 187]
[995, 404, 191, 188]
[995, 424, 180, 160]
[995, 461, 212, 172, 168]
[995, 406, 166]
[995, 524, 233, 163]
[995, 343, 154]
[995, 352, 150]
[995, 538, 279, 160, 157, 154]
[995, 381, 165, 163]
[995, 488, 196, 187]
[995, 482, 202, 179]
[995, 602, 345, 184, 173]
[995, 392, 170]
[995, 412, 171, 169]
[995, 384, 131]
[995, 474, 197, 193]
[995, 365, 149]
[995, 451, 183, 169]
[995, 379, 154]
[995, 457, 227, 209]
[995, 355, 145]
[995, 395, 169, 164]
[995, 386, 153]
[995, 406, 174]
[995, 551, 248, 204, 197]
[995, 417, 167]
[995, 361, 167, 166]
[995, 423, 181, 180]
[995, 459, 206, 194]
[995, 364, 170]
[995, 323, 155, 154]
[995, 367, 150, 148]
[995, 394, 185, 182]
[995, 492, 199, 191]
[995, 393, 184, 182]
[995, 478, 214, 195]
[995, 346, 137, 136]
[995, 495, 195, 194]
[995, 411, 196, 193]
[995, 393, 170, 169]
[995, 394, 163]
[995, 401, 170]
[995, 401, 160]
[995, 382, 160]
[995, 561, 270, 171, 170]
[995, 415, 210, 198]
[995, 395, 173, 172]
[995, 394, 166]
[995, 389, 156, 154]
[995, 348, 155, 154]
[995, 345, 152]
[995, 366, 173]
[995, 415, 160, 159]
[995, 459, 200, 189]
[995, 480, 221, 191]
[995, 362, 172]
[995, 316, 158]
[995, 342, 145]
[995, 365, 154]
[995, 392, 184, 183]
[995, 412, 173]
[995, 583, 279, 183, 182]
[995, 372, 170]
[995, 474, 194, 180]
[995, 482, 197, 165, 163]
[995, 351, 144]
[995, 469, 213, 211]
[995, 333, 152, 150]
[995, 368, 173, 172]
[995, 413, 187, 184]
[995, 322, 155, 154]
[995, 352, 127]
[995, 393, 150]
[995, 425, 159, 158]
[995, 573, 317, 183, 181]
[995, 381, 165]
[995, 337, 126]
[995, 401, 170, 169]
[995, 400, 182]
[995, 366, 136]
[995, 378, 167]
[995, 553, 249, 189]
[995, 345, 163]
[995, 352, 153, 152]
[995, 410, 157]
[995, 394, 170, 169]
[995, 399, 178, 174]
[995, 399, 181]
[995, 392, 171, 170]
[995, 362, 135]
[995, 484, 214, 187]
[995, 410, 166]
[995, 407, 168]
[995, 380, 155]
[995, 421, 179]
[995, 423, 154]
[995, 485, 219, 186]
[995, 322, 151, 150]
[995, 358, 160]
[995, 357, 163, 160]
[995, 388, 154, 152]
[995, 344, 140]
[995, 364, 159, 158]
[995, 547, 279, 178, 174]
[995, 465, 225, 196]
[995, 438, 194, 185]
[995, 495, 240, 193, 192]
[995, 349, 160, 159]
[995, 391, 164]
[995, 348, 147, 146]
[995, 448, 213, 208]
[995, 459, 203, 194, 192]
[995, 378, 139]
[995, 346, 137]
[995, 347, 160]
[995, 439, 198, 197]
[995, 424, 175, 174]
[995, 367, 146]
[995, 386, 163]
[995, 587, 278, 178, 177]
[995, 379, 151]
[995, 356, 134, 132]
[995, 328, 169, 168]
[995, 377, 167]
[995, 379, 153, 152]
[995, 364, 135]
[995, 370, 139]
[995, 425, 167]
[995, 361, 153, 152]
[995, 390, 162, 161]
[995, 358, 136]
[995, 410, 156]
[995, 341, 144, 143]
[995, 426, 187, 184]
[995, 400, 151]
[995, 456, 206, 191]
[995, 347, 147, 143]
