[28.83, 23.8, 0.63, 0.09]
[28.71, 24.48, 3.16, 0.18, 0.17]
[4995, 1813, 779, 738]
[4995, 2845, 1360, 829, 805, 800]
[4995, 2902, 1411, 823, 789]
[4995, 3198, 1840, 1064, 863, 836, 835]
[4995, 2189, 1007, 843, 838]
[4995, 3279, 1726, 1047, 913, 910]
[4995, 2727, 1329, 800, 788, 787]
[4995, 3231, 1844, 1151, 905, 890]
[4995, 3826, 2561, 1786, 1211, 959, 916, 912]
[4995, 2127, 940, 822]
[4995, 2761, 1327, 857, 832]
[4995, 2947, 1553, 924, 854, 849]
[4995, 3064, 1566, 937, 875, 873]
[4995, 2679, 1289, 787, 773]
[4995, 3216, 1721, 1038, 895, 880, 879]
[4995, 3938, 2741, 1998, 1323, 1001, 929, 927, 926]
[4995, 3535, 2147, 1313, 1004, 949, 946]
[4995, 3181, 1799, 1012, 846, 834]
[4995, 2195, 975, 802, 792]
[4995, 3112, 1644, 974, 846, 843]
[4995, 3475, 2176, 1371, 1020, 969, 967, 966]
[4995, 2675, 1308, 868, 852, 846]
[4995, 3652, 2436, 1588, 1050, 935, 924]
[4995, 2119, 933, 790]
[4995, 2220, 977, 844, 843]
[4995, 3424, 2053, 1227, 952, 925, 924]
[4995, 2889, 1497, 856, 781, 779, 778]
[4995, 2219, 992, 825, 808]
[4995, 3356, 1876, 1173, 964, 952]
[4995, 2003, 893, 763]
[4995, 2291, 1056, 780, 768]
[4995, 2240, 944, 855]
[4995, 2391, 1088, 798, 794]
[4995, 3546, 2223, 1353, 1015, 970, 968]
[4995, 3029, 1489, 962, 910]
[4995, 3398, 1982, 1188, 950, 934]
[4995, 2406, 1069, 856, 850]
[4995, 2849, 1478, 906, 845]
[4995, 3744, 2565, 1751, 1190, 1006, 976, 975]
[4995, 3534, 2237, 1359, 973, 932, 930, 927]
[4995, 3410, 2108, 1371, 975, 943, 942]
[4995, 2576, 1249, 821, 811, 810]
[4995, 2672, 1297, 860, 847]
[4995, 3532, 2195, 1428, 983, 931]
[4995, 3584, 2280, 1404, 1042, 987, 984]
[4995, 3295, 1904, 1137, 939, 927, 924]
[4995, 2445, 1046, 787, 777]
[4995, 3474, 2092, 1315, 928, 888, 887]
[4995, 3204, 1788, 1065, 884, 878]
[4995, 2467, 1182, 806, 795]
[4995, 3465, 2075, 1256, 983, 963, 962]
[4995, 3960, 2762, 1950, 1298, 1008, 933, 928]
[4995, 3029, 1553, 926, 865, 864]
[4995, 3122, 1670, 1048, 917, 911]
[4995, 2780, 1384, 874, 844, 842]
[4995, 1565, 706, 697]
[4995, 3383, 2049, 1204, 967, 930]
[4995, 2657, 1198, 813, 808]
[4995, 2773, 1360, 863, 815, 814]
[4995, 2862, 1442, 945, 898, 896]
[4995, 2078, 894, 822]
[4995, 3231, 1811, 1043, 901, 890]
[4995, 2246, 967, 801, 792]
[4995, 2395, 995, 849]
[4995, 2534, 1231, 789, 786]
[4995, 1467, 667, 660, 657]
[4995, 3386, 2036, 1291, 1024, 1000, 999]
[4995, 3094, 1720, 973, 853, 850, 848]
[4995, 2885, 1378, 837, 793, 791]
[4995, 2805, 1340, 863, 847]
[4995, 3005, 1457, 904, 831, 828]
[4995, 2292, 1050, 858, 840]
[4995, 2368, 1081, 864, 844]
[4995, 2356, 1063, 810, 801]
[4995, 2172, 959, 833]
[4995, 3985, 2917, 2161, 1465, 1116, 986, 967, 964]
[4995, 3312, 1878, 1161, 947, 930]
[4995, 3435, 2019, 1248, 970, 937, 936]
[4995, 2233, 1015, 814, 804]
[4995, 3514, 2194, 1340, 970, 936, 935]
[4995, 2136, 893, 825]
[4995, 3034, 1641, 992, 877, 872]
[4995, 3007, 1550, 953, 873, 865]
[4995, 2628, 1295, 820, 815]
[4995, 2755, 1394, 856, 838, 834]
[4995, 2588, 1125, 858, 852]
[4995, 2969, 1497, 927, 887, 886]
[4995, 2432, 1156, 851, 842]
[4995, 3507, 2180, 1296, 986, 961, 960]
[4995, 2335, 946, 785, 773]
[4995, 2656, 1321, 849, 829]
[4995, 1801, 735, 709]
[4995, 3852, 2601, 1791, 1216, 996, 973, 971]
[4995, 3635, 2332, 1555, 1067, 922, 916, 912]
[4995, 3593, 2311, 1502, 1066, 964, 961]
[4995, 2957, 1428, 812, 783]
[4995, 3263, 1927, 1147, 949, 932]
[4995, 1964, 919, 847]
[4995, 2141, 885, 804]
[4995, 3306, 1884, 1206, 889, 862, 861]
