[495, 139, 92, 87]
[495, 167, 107, 103]
[495, 148, 91, 88]
[495, 144, 96, 91]
[495, 161, 94, 93]
[495, 141, 104, 100]
[495, 148, 102, 96]
[495, 141, 128]
[495, 145, 93, 90]
[495, 159, 84]
[495, 175, 82, 81]
[495, 146, 80, 79]
[495, 152, 73, 72]
[495, 161, 67]
[495, 153, 93, 87]
[495, 153, 101, 97]
[495, 152, 106, 101]
[495, 146, 96, 92]
[495, 163, 112, 108]
[495, 163, 105, 101]
[495, 154, 99, 97]
[495, 178, 95]
[495, 151, 85]
[495, 165, 74]
[495, 151, 106, 100]
[495, 150, 95, 94]
[495, 176, 73]
[495, 165, 106, 102]
[495, 183, 94, 91]
[495, 148, 100, 94]
[495, 176, 96, 94]
[495, 173, 113]
[495, 153, 106, 103]
[495, 133, 90, 87]
[495, 190, 78]
[495, 166, 78, 77]
[495, 167, 98, 97]
[495, 166, 88]
[495, 159, 92, 89]
[495, 158, 105, 104]
[495, 151, 96, 87]
[495, 167, 119, 116]
[495, 186, 71]
[495, 169, 64]
[495, 125, 100, 95]
[495, 153, 126, 121]
[495, 152, 103, 102]
[495, 151, 90, 86]
[495, 177, 91, 88]
[495, 145, 98, 90]
[495, 174, 76]
[495, 143, 112, 106]
[495, 150, 120, 113]
[495, 165, 103, 91]
[495, 191, 72]
[495, 159, 114, 110]
[495, 160, 74]
[495, 162, 88, 86]
[495, 150, 105, 98]
[495, 173, 89, 88]
[495, 159, 94, 92]
[495, 155, 105, 98]
[495, 166, 79, 78]
[495, 150, 135]
[495, 167, 91]
[495, 167, 143, 126]
[495, 163, 130, 122]
[495, 159, 121, 109]
[495, 188, 77]
[495, 164, 101, 98]
[495, 173, 92, 88]
[495, 166, 66]
[495, 193, 83]
[495, 153, 92]
[495, 144, 102, 93]
[495, 160, 89]
[495, 153, 107, 102]
[495, 166, 114, 103]
[495, 150, 95]
[495, 162, 99, 95]
[495, 171, 99, 97]
[495, 152, 104, 100]
[495, 165, 88, 86]
[495, 151, 91]
[495, 163, 103, 97]
[495, 170, 85]
[495, 152, 117, 112]
[495, 164, 99, 95]
[495, 157, 97, 96]
[495, 147, 93, 92]
[495, 192, 88]
[495, 139, 103, 96]
[495, 164, 84]
[495, 148, 110, 100]
[495, 150, 89, 85]
[495, 159, 88]
[495, 156, 117, 112]
[495, 172, 82, 81]
[495, 186, 86]
[495, 160, 102, 95]
[495, 166, 77, 76]
[495, 165, 83, 81]
[495, 146, 98]
[495, 146, 103, 100]
[495, 151, 90, 86]
[495, 162, 111, 104]
[495, 158, 106, 96]
[495, 173, 88, 86]
[495, 153, 99, 92]
[495, 172, 86]
[495, 179, 93, 91]
[495, 143, 125, 111]
[495, 172, 82, 80]
[495, 157, 102, 100]
[495, 155, 94, 93]
[495, 159, 105, 103]
[495, 151, 117, 109]
[495, 155, 101, 98]
[495, 138, 85, 84]
[495, 152, 89, 84]
[495, 198, 81]
[495, 147, 99, 96]
[495, 183, 76]
[495, 159, 101, 97]
[495, 142, 137]
[495, 165, 112, 110]
[495, 139, 91, 89]
[495, 181, 79]
[495, 175, 75]
[495, 143, 120, 117]
[495, 148, 104, 99]
[495, 157, 99]
[495, 155, 89]
[495, 150, 106, 99]
[495, 179, 84]
[495, 132, 123]
[495, 162, 116, 114]
[495, 167, 117, 111]
[495, 161, 91, 90]
[495, 140, 99, 98]
[495, 132, 99, 92]
[495, 163, 85, 82]
[495, 155, 95]
[495, 162, 92]
[495, 158, 99, 96]
[495, 170, 99, 97]
[495, 157, 95, 91]
[495, 154, 130, 116]
[495, 147, 98, 94]
[495, 285, 108, 88, 86]
[495, 159, 88, 85]
[495, 142, 98, 94]
[495, 174, 85]
[495, 142, 102, 94]
[495, 159, 87]
[495, 150, 102, 101]
[495, 164, 81, 79]
[495, 162, 111, 110]
[495, 178, 113, 109]
[495, 153, 105, 102]
[495, 153, 99, 97]
[495, 156, 96, 93]
[495, 174, 76]
[495, 160, 95]
[495, 151, 113, 107]
[495, 153, 97, 96]
[495, 179, 90]
[495, 185, 83]
[495, 147, 122, 118]
[495, 185, 78]
[495, 153, 83, 79]
[495, 147, 110, 105]
[495, 153, 80, 79]
[495, 164, 84]
[495, 170, 90]
[495, 156, 89]
[495, 142, 100, 95]
[495, 151, 74, 72]
[495, 155, 143]
[495, 152, 85, 83]
[495, 172, 89, 88]
[495, 147, 138]
[495, 143, 105, 99]
[495, 150, 89, 87]
[495, 168, 85, 84]
[495, 172, 67]
[495, 143, 90, 83]
[495, 141, 121, 112]
[495, 160, 92, 90]
[495, 169, 86]
[495, 160, 82, 80]
[495, 160, 106, 96]
[495, 150, 117, 101, 100]
[495, 172, 104, 97]
[495, 145, 97, 94]
[495, 172, 86, 85]
[495, 152, 102, 93]
[495, 147, 96, 91]
[495, 146, 115, 108]
[495, 154, 104, 97]
[495, 161, 102, 100]
[495, 154, 84, 81]
[495, 151, 80, 78]
[495, 146, 87, 84]
[495, 156, 88, 87]
[495, 181, 95, 94]
[495, 154, 109, 103]
[495, 168, 100, 95]
[495, 161, 80]
[495, 144, 126, 121]
[495, 160, 80]
[495, 170, 84]
[495, 152, 103, 99]
[495, 171, 95, 94]
[495, 147, 93]
[495, 173, 87]
[495, 168, 77]
[495, 141, 106, 100]
[495, 158, 97, 93]
[495, 181, 80, 78]
[495, 152, 115, 105]
[495, 160, 86, 85]
[495, 164, 94, 91]
[495, 158, 100, 96]
[495, 172, 106, 104]
[495, 166, 83]
[495, 139, 105, 101]
[495, 143, 115, 103]
[495, 165, 94, 92]
[495, 170, 94, 93]
[495, 154, 88]
[495, 168, 79, 77]
[495, 154, 105, 103]
[495, 143, 100, 90]
[495, 169, 94, 93]
[495, 160, 78]
[495, 164, 71, 70]
[495, 145, 94]
[495, 147, 105, 98]
[495, 161, 94, 93]
[495, 170, 90]
[495, 151, 93, 88]
[495, 140, 96, 91]
[495, 181, 97, 96]
[495, 132, 127]
[495, 167, 78, 77]
[495, 147, 91, 90]
[495, 180, 93, 92]
[495, 153, 110, 105]
[495, 150, 115, 108]
[495, 158, 74]
[495, 147, 105, 98]
[495, 156, 102, 97]
[495, 163, 107, 106]
[495, 166, 85, 83]
[495, 162, 88, 86]
[495, 146, 114, 109]
[495, 165, 102, 97]
[495, 143, 104, 101]
[495, 163, 91, 88]
[495, 156, 100, 96]
[495, 160, 128, 123]
[495, 137, 135]
[495, 164, 98, 94]
[495, 160, 100]
[495, 185, 97]
[495, 179, 82]
[495, 160, 99, 98]
[495, 148, 90, 87]
[495, 193, 69]
[495, 143, 110, 105]
[495, 159, 91, 90]
[495, 159, 99, 93]
[495, 166, 103, 99]
[495, 164, 79]
[495, 147, 101, 98]
[495, 154, 101, 100]
[495, 163, 94, 92]
[495, 150, 85, 84]
[495, 159, 95, 90]
[495, 154, 93, 89]
[495, 163, 81]
[495, 139, 109, 102]
[495, 164, 91]
[495, 180, 78]
[495, 151, 94]
[495, 161, 102, 100]
[495, 164, 96, 93]
[495, 160, 85, 80]
[495, 153, 89, 88]
[495, 168, 98, 94]
[495, 167, 95, 91]
[495, 166, 106]
[495, 163, 98, 94]
[495, 186, 90, 88]
[495, 133, 107, 102]
[495, 156, 119, 114]
[495, 160, 82, 81]
[495, 146, 101, 89]
[495, 162, 90, 89]
[495, 146, 139, 136]
[495, 153, 97, 92]
[495, 152, 100, 97]
[495, 159, 104, 101]
[495, 169, 95, 90]
[495, 158, 78, 76]
[495, 169, 79, 78]
[495, 163, 94]
[495, 169, 76, 75]
[495, 163, 79]
[495, 137, 109, 103]
[495, 169, 91, 90]
[495, 162, 123, 114]
[495, 170, 110, 105]
[495, 173, 91, 90]
[495, 161, 87]
[495, 153, 114, 105]
[495, 140, 89, 85]
[495, 163, 97, 95]
[495, 159, 87]
[495, 157, 104, 97]
[495, 176, 98, 96]
[495, 156, 77, 76]
[495, 157, 93, 92]
[495, 154, 83, 82]
[495, 151, 72, 69]
[495, 162, 81]
[495, 151, 146]
[495, 164, 83, 82]
[495, 174, 91]
[495, 203, 84]
[495, 155, 89]
[495, 164, 93, 88]
[495, 163, 103, 102]
[495, 148, 112, 106]
[495, 153, 88, 83]
[495, 156, 99, 93]
[495, 171, 73, 72]
[495, 142, 87]
[495, 147, 108, 105]
[495, 138, 112, 102]
[495, 216, 97, 94]
[495, 159, 92, 90]
[495, 153, 109, 105]
[495, 166, 97, 95]
[495, 171, 95]
[495, 135, 90, 88]
[495, 164, 84]
[495, 187, 81, 80]
[495, 183, 86, 85]
[495, 163, 93]
[495, 150, 138]
[495, 154, 76, 73]
[495, 141, 95, 86]
[495, 152, 117, 105]
[495, 175, 111, 108]
[495, 147, 108, 102]
[495, 174, 77]
[495, 174, 97, 96]
[495, 142, 105, 98]
[495, 161, 97, 91]
[495, 157, 90]
[495, 172, 69]
[495, 170, 89, 88]
[495, 174, 91, 88]
[495, 155, 108, 101]
[495, 150, 108, 101]
[495, 172, 94]
[495, 149, 118, 113]
[495, 160, 103, 98]
[495, 148, 135]
[495, 153, 101, 94]
[495, 157, 84, 83]
[495, 160, 80, 79]
[495, 166, 83]
[495, 134, 133]
[495, 158, 92, 91]
[495, 146, 106, 104]
[495, 159, 88, 86]
[495, 157, 96, 93]
[495, 145, 83]
[495, 144, 92, 85]
[495, 164, 83, 82]
[495, 160, 98]
[495, 159, 78]
[495, 152, 98, 96]
[495, 151, 108, 104]
[495, 185, 81]
[495, 141, 99, 93]
[495, 187, 78]
[495, 167, 77, 75]
[495, 163, 118, 111]
[495, 122, 111]
[495, 152, 89, 87]
[495, 187, 88]
[495, 168, 107, 105]
[495, 174, 77]
[495, 160, 147]
[495, 145, 97, 96]
[495, 145, 119, 116]
[495, 185, 89, 87]
[495, 167, 85, 81]
[495, 161, 80]
[495, 169, 98, 97]
[495, 169, 80]
[495, 154, 91, 89]
[495, 144, 93, 91]
[495, 161, 76, 73]
[495, 149, 90, 87]
[495, 170, 78]
[495, 159, 111, 106]
[495, 169, 96]
[495, 158, 114, 108]
[495, 130, 125]
[495, 143, 91, 85]
[495, 172, 67]
[495, 167, 114, 106]
[495, 178, 89]
[495, 166, 93, 90]
[495, 163, 104, 98]
[495, 181, 73]
[495, 156, 105, 100]
[495, 165, 94, 93]
[495, 165, 84, 82]
[495, 153, 106, 98]
[495, 133, 126]
[495, 157, 104, 100]
[495, 164, 92, 90]
[495, 156, 115, 108]
[495, 153, 133, 118]
[495, 162, 109, 103]
[495, 154, 103, 96]
[495, 189, 80]
[495, 170, 83, 80]
[495, 166, 81]
[495, 159, 98, 97]
[495, 149, 106, 96]
[495, 186, 71]
[495, 167, 92, 89]
[495, 199, 77]
[495, 153, 112, 103]
[495, 166, 86, 85]
[495, 160, 103, 100]
[495, 163, 78]
[495, 154, 86, 83]
[495, 148, 113, 107]
[495, 149, 91, 86]
[495, 170, 96, 92]
[495, 158, 84, 83]
[495, 140, 109, 107]
[495, 162, 93, 92]
[495, 146, 98, 96]
[495, 156, 105, 101]
[495, 146, 108, 102]
[495, 178, 81]
[495, 164, 87, 86]
[495, 159, 104, 99]
[495, 152, 95, 93]
[495, 160, 95, 94]
[495, 146, 104, 96]
[495, 174, 91, 90]
[495, 136, 126]
[495, 155, 90, 88]
[495, 167, 93]
[495, 156, 87, 82]
[495, 161, 86]
[495, 165, 78]
[495, 165, 71]
[495, 197, 82]
[495, 132, 121]
[495, 157, 98, 93]
[495, 168, 103, 101]
[495, 157, 113, 107]
[495, 142, 109, 100]
[495, 164, 85, 84]
[495, 180, 92]
[495, 167, 115, 110]
[495, 159, 100, 94]
[495, 130, 121]
[495, 145, 122, 116]
[495, 167, 88, 87]
[495, 149, 105, 100]
[495, 198, 84]
[495, 160, 102, 100]
[495, 166, 92, 90]
[495, 149, 84, 81]
[495, 168, 94, 88]
[495, 144, 117, 103]
[495, 131, 100, 87]
[495, 159, 118, 114]
[495, 150, 98, 97]
[495, 162, 106, 104]
[495, 157, 87, 85]
[495, 163, 104, 100]
[495, 196, 83, 82]
[495, 161, 92, 89]
[495, 145, 96, 95]
[495, 155, 118, 104]
[495, 183, 87, 86]
[495, 169, 74]
[495, 153, 96, 93]
[495, 160, 118, 116]
[495, 171, 78]
[495, 156, 81, 79]
[495, 178, 82]
[495, 167, 91]
[495, 151, 103, 96]
[495, 168, 95, 92]
[495, 175, 94, 92]
[495, 166, 112]
[495, 165, 91, 90]
[495, 137, 119, 109]
[495, 159, 80]
[495, 154, 96, 93]
[495, 142, 114, 108]
[495, 162, 111, 108]
[495, 161, 118, 104]
[495, 158, 90, 85]
[495, 160, 76]
[495, 166, 92, 84]
[495, 161, 144]
[495, 168, 88, 87]
[495, 140, 115, 106]
[495, 165, 95, 94]
[495, 152, 79, 77]
[495, 136, 125]
[495, 172, 86]
[495, 159, 90, 89]
[495, 156, 113, 110]
[495, 188, 88]
[495, 159, 85]
[495, 158, 102, 98]
[495, 178, 91]
[495, 146, 87, 84]
[495, 154, 88, 86]
[495, 158, 70]
[495, 152, 85, 83]
[495, 164, 85, 84]
[495, 131, 94, 90]
[495, 166, 80]
[495, 171, 81]
[495, 161, 95, 92]
[495, 155, 108, 96]
[495, 149, 109, 103]
[495, 153, 95, 92]
[495, 158, 87]
[495, 173, 74]
[495, 151, 102, 98]
[495, 158, 88, 85]
[495, 162, 123, 120]
[495, 156, 92, 90]
[495, 175, 88, 87]
[495, 182, 89, 88]
[495, 146, 109, 105]
[495, 144, 119, 110]
[495, 188, 80, 78]
[495, 156, 90, 86]
[495, 159, 78, 77]
[495, 170, 89, 88]
[495, 166, 85]
[495, 168, 82, 81]
[495, 153, 90, 87]
[495, 156, 74, 72]
[495, 147, 102, 94]
[495, 149, 92, 91]
[495, 160, 79]
[495, 154, 97, 92]
[495, 137, 109, 97]
[495, 162, 83, 82]
[495, 153, 94]
[495, 168, 92, 91]
[495, 194, 87, 86]
[495, 168, 81, 78]
[495, 159, 103, 96]
[495, 166, 115, 112]
[495, 159, 104, 102]
[495, 168, 98, 94]
[495, 152, 106, 104]
[495, 156, 85, 84]
[495, 145, 87, 86]
[495, 147, 91]
[495, 150, 121, 117]
[495, 168, 73]
[495, 151, 97, 96]
[495, 167, 114, 109]
[495, 145, 92, 91]
[495, 157, 94]
[495, 163, 70]
[495, 171, 80, 79]
[495, 176, 79, 77]
[495, 147, 86, 84]
[495, 168, 87, 86]
[495, 158, 103, 97]
[495, 157, 115, 107]
[495, 142, 109, 103]
[495, 163, 92, 90]
[495, 159, 90, 87]
[495, 143, 90, 88]
[495, 151, 100, 96]
[495, 160, 86, 81]
[495, 177, 80]
[495, 172, 107, 105]
[495, 151, 86, 85]
[495, 151, 117, 102]
[495, 142, 121, 117]
[495, 163, 80, 78]
[495, 153, 97]
[495, 164, 76]
[495, 149, 92, 87]
[495, 176, 89, 88]
[495, 177, 89, 88]
[495, 150, 104, 99]
[495, 166, 91]
[495, 150, 94, 91]
[495, 156, 89]
[495, 157, 84]
[495, 149, 75]
[495, 168, 75]
[495, 187, 89]
[495, 161, 95, 93]
[495, 152, 70]
[495, 154, 104, 102]
[495, 159, 101, 99]
[495, 175, 91]
[495, 171, 95, 93]
[495, 168, 83]
[495, 159, 104, 102]
[495, 160, 81, 77]
[495, 149, 104, 101]
[495, 146, 105, 99]
[495, 180, 100]
[495, 136, 135]
[495, 160, 99, 94]
[495, 171, 79]
[495, 137, 115, 104]
[495, 166, 114, 106]
[495, 184, 103]
[495, 240, 90]
[495, 160, 104, 98]
[495, 148, 114, 106]
[495, 145, 86]
[495, 153, 95, 94]
[495, 164, 89, 88]
[495, 160, 104, 97]
[495, 149, 102, 98]
[495, 158, 95, 93]
[495, 168, 87]
[495, 165, 90, 88]
[495, 148, 107, 100]
[495, 149, 93, 91]
[495, 173, 86, 85]
[495, 162, 80]
[495, 158, 88, 85]
[495, 176, 91]
[495, 154, 82, 80]
[495, 130, 117]
[495, 153, 117, 107]
[495, 159, 92, 88]
[495, 152, 97, 96]
[495, 199, 80]
[495, 163, 115, 108]
[495, 158, 104, 102]
[495, 168, 86, 83]
[495, 136, 120]
[495, 156, 83, 82]
[495, 153, 87, 83]
[495, 133, 108, 103]
[495, 171, 91]
[495, 177, 74]
[495, 161, 93, 89]
[495, 160, 95, 93]
[495, 151, 75]
[495, 176, 75]
[495, 155, 109, 103]
[495, 174, 69]
[495, 142, 102, 95]
[495, 143, 93, 90]
[495, 151, 105, 102]
[495, 150, 99, 95]
[495, 199, 92, 91]
[495, 175, 82, 81]
[495, 169, 87]
[495, 188, 86, 84]
[495, 162, 111, 106]
[495, 167, 92, 91]
[495, 151, 105, 98]
[495, 169, 83]
[495, 160, 84, 83]
[495, 159, 94, 92]
[495, 151, 104, 102]
[495, 152, 101, 95]
[495, 199, 73]
[495, 171, 85]
[495, 169, 99, 95]
[495, 164, 110, 100]
[495, 155, 90, 88]
[495, 161, 97]
[495, 168, 82, 81]
[495, 140, 100, 96]
[495, 173, 93, 92]
[495, 139, 104, 99]
[495, 185, 72]
[495, 146, 75]
[495, 156, 101, 99]
[495, 171, 75]
[495, 175, 77]
[495, 166, 96]
[495, 157, 93, 90]
[495, 164, 113, 108]
[495, 165, 85]
[495, 146, 112, 109]
[495, 171, 104, 102]
[495, 179, 102, 101]
[495, 132, 112, 104]
[495, 177, 78]
[495, 160, 82]
[495, 178, 84]
[495, 155, 97, 94]
[495, 164, 117, 109]
[495, 180, 82]
[495, 151, 103, 99]
[495, 152, 85]
[495, 147, 92, 89]
[495, 144, 102, 98]
[495, 180, 78]
[495, 150, 80, 79]
[495, 148, 121, 113]
[495, 165, 92, 90]
[495, 168, 80, 79]
[495, 139, 123]
[495, 143, 95, 92]
[495, 148, 73]
[495, 173, 68]
[495, 145, 105, 101]
[495, 169, 78]
[495, 158, 80, 78]
[495, 146, 139]
[495, 171, 85, 84]
[495, 170, 89]
[495, 161, 113, 107]
[495, 159, 91]
[495, 177, 90]
[495, 152, 115, 111]
[495, 167, 103, 99]
[495, 159, 92, 89]
[495, 171, 74]
[495, 178, 100, 99]
[495, 145, 89, 87]
[495, 142, 84, 82]
[495, 156, 92, 88]
[495, 143, 100, 96]
[495, 218, 91]
[495, 169, 79, 78]
[495, 162, 85]
[495, 166, 95, 94]
[495, 150, 101, 90]
[495, 175, 116, 109]
[495, 173, 98, 94]
[495, 162, 116, 109]
[495, 172, 60]
[495, 165, 81]
[495, 156, 88, 86]
[495, 171, 87]
[495, 162, 88, 84]
[495, 150, 84]
[495, 175, 80, 77]
[495, 169, 88]
[495, 135, 134]
[495, 167, 79]
[495, 186, 82]
[495, 142, 95, 92]
[495, 204, 88]
[495, 160, 89]
[495, 167, 84]
[495, 154, 84]
[495, 164, 93]
[495, 180, 98, 97]
[495, 177, 75]
[495, 173, 79, 78]
[495, 154, 88, 87]
[495, 147, 109, 100]
[495, 148, 116, 109]
[495, 135, 129]
[495, 153, 85]
[495, 150, 86, 85]
[495, 144, 111, 102]
[495, 151, 116, 111]
[495, 156, 96, 95]
[495, 160, 81, 80]
[495, 170, 100, 91]
[495, 167, 103, 97]
[495, 198, 88]
[495, 158, 107]
[495, 162, 104]
[495, 156, 88]
[495, 156, 111, 110]
[495, 131, 111, 107]
[495, 166, 77]
[495, 153, 108, 104]
[495, 162, 98, 91]
[495, 167, 91, 87]
[495, 156, 108, 98]
[495, 142, 113, 105]
[495, 164, 91, 90]
[495, 171, 85, 84]
[495, 151, 107, 93, 92]
[495, 137, 118, 112]
[495, 188, 96]
[495, 162, 81]
[495, 149, 93, 88]
[495, 152, 125, 121]
[495, 193, 85, 84]
[495, 125, 86]
[495, 174, 89, 86]
[495, 163, 107, 104]
[495, 169, 120, 114]
[495, 153, 98, 94]
[495, 164, 84]
[495, 149, 87]
[495, 140, 102, 97]
[495, 182, 98]
[495, 172, 102]
[495, 147, 89]
[495, 157, 122, 121]
[495, 166, 94, 92]
[495, 142, 105, 96]
[495, 164, 100, 98]
[495, 162, 103, 101]
[495, 134, 84, 83]
[495, 183, 82]
[495, 164, 95, 83]
[495, 150, 107, 105]
[495, 160, 89, 86]
[495, 161, 87, 84]
[495, 169, 104, 102]
[495, 159, 108]
[495, 167, 100, 97]
[495, 195, 87, 86]
[495, 159, 97, 92]
[495, 156, 105, 104]
[495, 140, 100, 98]
[495, 180, 91]
[495, 156, 98, 96]
[495, 140, 99, 90]
[495, 159, 89]
[495, 161, 111, 107]
[495, 149, 133]
[495, 170, 102, 100]
[495, 158, 102]
[495, 161, 89, 86]
[495, 146, 94, 93]
[495, 145, 100, 98]
[495, 178, 80, 79]
[495, 155, 87, 83]
[495, 165, 86]
[495, 163, 108, 105]
[495, 158, 80, 79]
[495, 155, 117, 114]
[495, 162, 103, 96]
[495, 161, 100, 99]
[495, 163, 99, 98]
[495, 155, 87]
[495, 155, 93, 89]
[495, 137, 92, 85]
[495, 167, 115, 109]
[495, 177, 94, 91]
[495, 173, 87, 86]
[495, 190, 85]
[495, 162, 115, 111]
[495, 149, 129, 115]
[495, 158, 155]
[495, 141, 103, 97]
[495, 171, 105, 102]
[495, 160, 90]
[495, 153, 109, 104]
[495, 170, 99]
[495, 157, 87, 85]
[495, 151, 86, 83]
[495, 172, 87]
[495, 169, 80, 77]
[495, 147, 98, 96]
[495, 153, 73, 72]
[495, 159, 99, 96]
[495, 152, 107, 105]
[495, 176, 84, 83]
[495, 192, 92]
[495, 131, 108, 100]
[495, 156, 88, 87]
[495, 146, 101, 92]
[495, 142, 125]
[495, 168, 83, 81]
[495, 174, 82]
[495, 169, 105]
[495, 167, 85, 83]
[495, 137, 110, 103]
[495, 153, 85, 84]
[495, 155, 81, 80]
[495, 168, 80]
[495, 156, 100, 98]
[495, 153, 76, 75]
[495, 159, 87, 83]
[495, 159, 101, 96]
[495, 160, 119, 112]
[495, 187, 77, 76]
[495, 150, 103, 98]
[495, 171, 84]
[495, 140, 86, 83]
[495, 149, 89, 83]
[495, 182, 87]
[495, 161, 101, 98]
[495, 169, 91, 90]
[495, 177, 83]
[495, 141, 109, 102]
[495, 174, 104, 101]
[495, 144, 90, 88]
[495, 165, 110, 106]
[495, 171, 91, 90]
[495, 158, 84]
[495, 161, 92, 86]
[495, 172, 81]
[495, 183, 97, 94]
[495, 134, 108, 103]
[495, 157, 104, 98]
[495, 165, 104, 102]
[495, 181, 85]
[495, 145, 108, 106]
[495, 146, 91, 88]
[495, 158, 102, 100]
[495, 142, 105, 98]
[495, 175, 83]
[495, 170, 128, 123]
[495, 174, 84]
[495, 152, 102, 95]
[495, 152, 122, 108]
[495, 154, 77, 76]
[495, 163, 104, 95]
[495, 154, 113, 107]
[495, 171, 82]
[495, 161, 99, 96]
[495, 158, 122, 116]
[495, 147, 122, 120]
[495, 151, 80]
[495, 156, 94, 90]
[495, 165, 90, 87]
[495, 152, 97, 96]
[495, 165, 84]
[495, 124, 115]
[495, 179, 83]
[495, 164, 90]
[495, 207, 95, 93]
[495, 147, 102, 97]
[495, 154, 82]
[495, 151, 110, 104]
[495, 145, 104, 102]
[495, 150, 97, 96]
[495, 156, 109, 104]
[495, 166, 110, 103]
[495, 149, 94, 93]
[495, 181, 94, 93]
[495, 171, 86]
[495, 148, 98, 91]
[495, 157, 91, 86]
[495, 153, 101, 99]
[495, 149, 115, 104]
[495, 170, 66]
[495, 155, 115, 110]
[495, 159, 129, 122]
[495, 150, 99, 95]
[495, 195, 77]
[495, 164, 98, 96]
[495, 153, 96, 88]
[495, 190, 79]
[495, 145, 93, 88]
[495, 152, 100, 95]
[495, 181, 80]
[495, 154, 116, 112]
[495, 151, 90, 88]
[495, 142, 93, 86]
[495, 187, 85]
[495, 156, 89]
[495, 177, 96, 90]
[495, 134, 123]
[495, 155, 100, 98]
[495, 188, 86, 83]
[495, 155, 109, 108]
[495, 153, 90, 86]
[495, 189, 85, 84]
[495, 182, 75]
[495, 162, 101]
[495, 160, 112, 110]
[495, 152, 88]
[495, 159, 119, 112]
[495, 178, 82, 81]
[495, 149, 96, 90]
[495, 154, 98, 95]
[495, 173, 76, 75]
[495, 147, 106, 99]
[495, 160, 78]
[495, 148, 110, 104]
[495, 140, 97, 93]
