[58]
[152]
[115]
[147]
[98]
[108]
[99]
[86]
[127]
[265]
[86]
[114]
[111]
[116]
[217]
[84]
[158]
[58]
[79]
[92]
[89]
[97]
[107]
[78]
[109]
[208]
[149]
[150]
[362]
[173]
[142]
[81]
[145]
[355]
[106]
[191]
[120]
[148]
[97]
[99]
[117]
[103]
[85]
[181]
[89]
[87]
[144]
[213]
[183]
[194]
[119]
[131]
[311]
[83]
[101]
[85]
[58]
[62]
[88]
[154]
[148]
[150]
[99]
[80]
[173]
[113]
[254]
[67]
[123]
[93]
[144]
[152]
[107]
[95]
[195]
[97]
[127]
[73]
[170]
[72]
[116]
[106]
[170]
[212]
[142]
[128]
[176]
[226]
[166]
[137]
[156]
[128]
[213]
[77]
[108]
[119]
[90]
[98]
[140]
[154]
[80]
[108]
[123]
[107]
[134]
[115]
[341]
[113]
[115]
[114]
[70]
[129]
[73]
[180]
[108]
[105]
[104]
[146]
[87]
[81]
[192]
[339]
[136]
[112]
[200]
[124]
[188]
[99]
[97]
[185]
[71]
[156]
[107]
[81]
[269]
[131]
[327]
[60]
[138]
[116]
[103]
[107]
[63]
[110]
[192]
[228]
[97]
[91]
[165]
[234]
[167]
[64]
[104]
[81]
[117]
[121]
[169]
[108]
[124]
[95]
[122]
[122]
[112]
[120]
[264]
[156]
[103]
[137]
[154]
[75]
[215]
[135]
[125]
[98]
[153]
[332]
[127]
[61]
[230]
[126]
[177]
[312]
[211]
[94]
[116]
[142]
[90]
[246]
[82]
[141]
[119]
[147]
[104]
[75]
[162]
[122]
[147]
[115]
[150]
[146]
[86]
[88]
[209]
[170]
[207]
[109]
[113]
[189]
[88]
[195]
[60]
[112]
[198]
[98]
[133]
[103]
[164]
[122]
[208]
[53]
[78]
[67]
[123]
[140]
[80]
[264]
[106]
[163]
[130]
[173]
[120]
[115]
[289]
[97]
[225]
[76]
[77]
[77]
[125]
[216]
[92]
[121]
[108]
[126]
[57]
[125]
[104]
[101]
[76]
[94]
[198]
[337]
[163]
[104]
[173]
[76]
[174]
[121]
[84]
[102]
[137]
[78]
[135]
[101]
[105]
[109]
[114]
[113]
[99]
[113]
[226]
[265]
[140]
[142]
[93]
[145]
[124]
[127]
[89]
[180]
[157]
[234]
[269]
[176]
[153]
[151]
[149]
[159]
[176]
[83]
[73]
[346]
[137]
[120]
[79]
[70]
[71]
[119]
[219]
[113]
[65]
[71]
[110]
[74]
[121]
[257]
[481]
[116]
[140]
[211]
[69]
[395]
[90]
[143]
[150]
[104]
[158]
[114]
[94]
[240]
[101]
[81]
[88]
[134]
[52]
[186]
[106]
[206]
[172]
[108]
[97]
[106]
[81]
[150]
[220]
[97]
[301]
[55]
[164]
[123]
[162]
[129]
[218]
[128]
[65]
[104]
[178]
[117]
[231]
[142]
[96]
[123]
[108]
[88]
[271]
[136]
[141]
[115]
[199]
[119]
[108]
[244]
[76]
[151]
[68]
[81]
[69]
[149]
[116]
[134]
[203]
[84]
[158]
[273]
[103]
[122]
[101]
[62]
[166]
[96]
[93]
[105]
[118]
[104]
[123]
[84]
[150]
[67]
[144]
[90]
[71]
[72]
[146]
[136]
[95]
[282]
[96]
[105]
[153]
[117]
[144]
[138]
[129]
[92]
[110]
[95]
[131]
[142]
[180]
[232]
[109]
[296]
[176]
[192]
[90]
[165]
[235]
[288]
[91]
[210]
[105]
[117]
[223]
[303]
[117]
[154]
[133]
[82]
[121]
[223]
[92]
[129]
[149]
[109]
[88]
[148]
[287]
[97]
[221]
[119]
[222]
[164]
[134]
[72]
[81]
[102]
[154]
[148]
[165]
[127]
[122]
[58]
[79]
[233]
[116]
[100]
[93]
[237]
[88]
[160]
[74]
[115]
[105]
[196]
[163]
[441]
[82]
[115]
[80]
[219]
[116]
[156]
[154]
[125]
[92]
[89]
[71]
[110]
[169]
[208]
[95]
[110]
[175]
[177]
[85]
[71]
[485]
[228]
[88]
[113]
[257]
[113]
[133]
[89]
[240]
[68]
[97]
[102]
[372]
[90]
[100]
[113]
[128]
[143]
[60]
[110]
[76]
[89]
[300]
[75]
[227]
[101]
[291]
[142]
[106]
[78]
[80]
[87]
[93]
[189]
[139]
[147]
[85]
[70]
[58]
[81]
[89]
[116]
[73]
[124]
[80]
[149]
[99]
[358]
[170]
[148]
[141]
[143]
[111]
[165]
[185]
[89]
[97]
[146]
[161]
[119]
[91]
[74]
[84]
[88]
[305]
[180]
[116]
[143]
[190]
[131]
[186]
[118]
[234]
[112]
[107]
[75]
[176]
[140]
[186]
[314]
[143]
[136]
[106]
[101]
[161]
[417]
[180]
[61]
[159]
[121]
[129]
[97]
[56]
[135]
[75]
[62]
[114]
[208]
[116]
[141]
[105]
[105]
[343]
[170]
[166]
[161]
[126]
[157]
[84]
[117]
[125]
[132]
[120]
[166]
[89]
[225]
[71]
[425]
[115]
[272]
[117]
[135]
[119]
[128]
[97]
[168]
[129]
[55]
[95]
[107]
[117]
[141]
[158]
[191]
[119]
[75]
[171]
[119]
[68]
[72]
[107]
[102]
[140]
[134]
[73]
[96]
[86]
[160]
[176]
[85]
[93]
[219]
[209]
[217]
[147]
[94]
[71]
[169]
[111]
[98]
[132]
[121]
[209]
[80]
[235]
[182]
[72]
[68]
[149]
[95]
[122]
[252]
[97]
[87]
[65]
[112]
[158]
[79]
[60]
[95]
[109]
[90]
[263]
[86]
[291]
[118]
[191]
[103]
[143]
[77]
[181]
[138]
[136]
[150]
[127]
[211]
[109]
[54]
[91]
[231]
[148]
[388]
[419]
[95]
[164]
[185]
[139]
[194]
[119]
[41]
[88]
[152]
[156]
[294]
[120]
[121]
[97]
[186]
[120]
[73]
[96]
[179]
[88]
[92]
[91]
[118]
[167]
[184]
[172]
[121]
[151]
[97]
[106]
[225]
[76]
[259]
[86]
[235]
[171]
[97]
[172]
[186]
[256]
[126]
[190]
[124]
[132]
[168]
[180]
[108]
[203]
[89]
[118]
[101]
[184]
[137]
[124]
[105]
[236]
[131]
[103]
[137]
[82]
[125]
[242]
[101]
[141]
[179]
[125]
[155]
[117]
[87]
[119]
[84]
[105]
[99]
[213]
[99]
[51]
[94]
[168]
[125]
[55]
[276]
[138]
[97]
[95]
[183]
[133]
[158]
[197]
[95]
[155]
[119]
[117]
[161]
[101]
[161]
[107]
[158]
[156]
[87]
[70]
[71]
[121]
[76]
[230]
[67]
[198]
[96]
[209]
[74]
[231]
[61]
[250]
[111]
[172]
[143]
[140]
[153]
[72]
[149]
[106]
[313]
[172]
[186]
[148]
[118]
[242]
[103]
[135]
[115]
[99]
[127]
[132]
[148]
[109]
[121]
[197]
[68]
[132]
[187]
[151]
[156]
[96]
[153]
[144]
[251]
[161]
[93]
[222]
[80]
[81]
[115]
[215]
[86]
[118]
[80]
[67]
[158]
[83]
[111]
[70]
[137]
[97]
[78]
[147]
[113]
[101]
[184]
[67]
[124]
[175]
[158]
[88]
[181]
[177]
[93]
[119]
[78]
[340]
[183]
[95]
[139]
[143]
[133]
[129]
[175]
[170]
[170]
[102]
[69]
[69]
[177]
[82]
[157]
[68]
[87]
[95]
[83]
[263]
[66]
[80]
[131]
[84]
[154]
[82]
[170]
[154]
[84]
[205]
[188]
[314]
[96]
[177]
[141]
[126]
[116]
[149]
[135]
[138]
[140]
[60]
[159]
[46]
[187]
[119]
[48]
[77]
[136]
[201]
[101]
[233]
[105]
[179]
[88]
[145]
[159]
[95]
[105]
[122]
[79]
[147]
[173]
[77]
[272]
[174]
[98]
[124]
[121]
[119]
[113]
[85]
[103]
[144]
[126]
[109]
[342]
[122]
[116]
[113]
[68]
[181]
[90]
[260]
[143]
[150]
[88]
[125]
[103]
[141]
[140]
[290]
[109]
[123]
[197]
[161]
[125]
[114]
[172]
[77]
[304]
[206]
[132]
[177]
[178]
[93]
[90]
[84]
[139]
[99]
[119]
[201]
[80]
[86]
[111]
[79]
[250]
[114]
[174]
[136]
[275]
[73]
[88]
[211]
[113]
[88]
[183]
[142]
[158]
[120]
[172]
[178]
[108]
