[995, 31, 8, 8, 2]
[995, 25, 16, 16]
[995, 24, 8]
[994, 23, 9]
[994, 71, 7, 3, 2]
[994, 101, 7, 2]
[995, 69, 10, 10, 2]
[995, 31, 7, 4, 2]
[995, 29, 12, 8, 2]
[995, 93, 10, 2]
[995, 87, 9, 9]
[995, 112, 5, 5, 2]
[995, 25, 12]
[995, 28, 9]
[995, 12, 6]
[995, 64, 8, 2]
[995, 127, 5, 2]
[995, 83, 8, 2]
[995, 24, 8]
[995, 22, 11]
[995, 115, 6, 2]
[995, 29, 12, 12, 7, 3]
[995, 21, 12]
[995, 82, 9, 3, 2]
[995, 21, 12, 5, 2]
[995, 43, 10, 8, 2]
[995, 98, 6, 6, 2]
[995, 54, 7, 6, 2]
[995, 26, 8, 8, 2]
[995, 59, 6, 5, 2]
[995, 88, 5, 2]
[995, 80, 9, 5, 2]
[995, 94, 9, 2]
[995, 15, 8]
[995, 18, 8]
[995, 29, 8]
[995, 51, 7, 5, 2]
[995, 42, 6, 3, 2]
[995, 63, 8, 8]
[995, 27, 9, 5, 2]
[995, 81, 4, 2]
[995, 34, 7, 7, 3]
[995, 97, 5, 4]
[995, 44, 7, 4, 2]
[995, 44, 7, 7, 2]
[995, 28, 11]
[995, 59, 8, 8, 2]
[995, 101, 8, 8, 2]
[995, 45, 8, 4, 2]
[995, 38, 10, 10, 2]
[995, 62, 7, 3, 2]
[995, 14, 9]
[995, 10, 7]
[995, 25, 11]
[995, 77, 10, 4, 2]
[995, 132, 5, 3]
[995, 63, 8, 6, 2]
[995, 79, 5, 4, 2]
[995, 18, 8]
[995, 30, 6, 6, 2]
[995, 79, 5, 2]
[995, 49, 13, 13, 2]
[995, 60, 8, 3, 2]
[995, 47, 6, 5, 2]
[995, 90, 4, 2]
[994, 55, 6, 6, 2]
[995, 26, 10, 6, 2]
[995, 11, 5]
[995, 11]
[995, 78, 6, 2]
[995, 12, 10]
[995, 28, 7, 6, 2]
[995, 19, 10]
[995, 83, 8, 3, 2]
[994, 19, 8, 8]
[995, 39, 11, 5, 3]
[995, 38, 12, 5, 2]
[995, 17, 9]
[995, 26, 9]
[995, 10, 10]
[995, 110, 7, 2]
[995, 63, 8, 8]
[995, 61, 6, 5, 2]
[995, 32, 10, 10, 2]
[995, 34, 9, 4, 2]
[995, 97, 10, 5]
[995, 50, 8, 2]
[995, 54, 8, 6, 2]
[995, 35, 9, 6, 2]
[995, 72, 5, 4]
[995, 57, 5, 5]
[995, 40, 12, 2]
[995, 100, 6, 6, 2]
[995, 87, 6, 3, 2]
[995, 71, 5, 3, 2]
[995, 35, 13, 13, 2]
[995, 51, 10, 7, 2]
[995, 39, 12, 12, 2]
[995, 42, 10, 7, 2]
[995, 61, 7, 5, 2]
[995, 52, 9, 9, 2]
[995, 23, 9, 6, 2]
[995, 79, 7, 7, 2]
[994, 37, 9, 9, 2]
[995, 25, 14]
[995, 17, 8]
[995, 61, 10, 10, 2]
[995, 72, 9, 9, 2]
[995, 26, 7, 4, 2]
[995, 12, 11]
[995, 35, 14, 11]
[995, 73, 5, 2]
[995, 48, 12, 4, 2]
[995, 56, 10, 7]
[995, 19, 9]
[995, 18, 12]
[995, 22, 8, 7, 2]
[995, 81, 16, 7]
[995, 33, 8, 8, 2]
[995, 13]
[995, 36, 6, 6]
[995, 52, 6, 5, 2]
[995, 88, 7, 3, 2]
[995, 32, 18]
[995, 67, 6, 6, 3]
[995, 25, 10]
[995, 93, 6, 4]
[995, 22, 9, 9, 2]
[995, 80, 12, 8, 2]
[995, 17, 8]
[995, 12, 12]
[995, 13, 8]
[995, 18, 9]
[995, 33, 11]
[995, 19, 8, 5, 2]
[995, 40, 11, 6, 2]
[995, 125, 5, 4]
[995, 35, 11, 11, 2]
[995, 50, 5, 5]
[995, 38, 8, 6, 2]
[995, 21, 9]
[995, 12, 9]
[995, 17, 8]
[995, 50, 9, 9, 2]
[995, 24, 11]
[995, 68, 7, 2]
[995, 76, 6, 3, 2]
[995, 46, 6, 4, 2]
[995, 55, 6, 6]
[995, 73, 9, 2]
[995, 63, 5, 4, 2]
[995, 73, 6, 2]
[995, 82, 7, 2]
[995, 85, 11, 3, 2]
[995, 54, 7, 7, 2]
[995, 27, 7, 7, 2]
[995, 49, 9, 9, 2]
[995, 31, 12, 12, 2]
[995, 33, 5, 5, 2]
[995, 39, 8, 8, 2]
[995, 16, 11]
[995, 49, 8, 3, 2]
[995, 48, 8, 2]
[995, 71, 7, 3, 3]
[995, 50, 10, 6, 2]
[995, 19, 7]
[995, 21, 7, 7, 2]
[995, 66, 5, 4, 2]
[995, 62, 8, 4, 2]
[995, 27, 11, 4, 2]
[995, 14, 8]
[995, 23, 8]
[995, 25, 6, 6, 2]
[995, 13, 13]
[995, 45, 10, 5, 2]
[995, 41, 6, 3, 2]
[995, 56, 8, 2]
[995, 22, 8, 7]
[995, 83, 7, 4, 2]
[995, 25, 8, 8, 3]
[995, 21, 9]
[995, 64, 5, 4, 2]
[995, 23, 10]
[995, 19, 7, 3, 2]
[995, 73, 11, 3, 2]
[995, 82, 8, 2]
[995, 21, 10]
[995, 20, 7]
[995, 64, 6, 4, 2]
[995, 31, 10, 9, 2]
[995, 34, 10, 10, 2]
[995, 17, 16]
[995, 47, 10, 5, 2]
[995, 41, 8, 3]
[995, 37, 8, 8, 2]
[995, 29, 5, 4, 2]
[995, 73, 11, 7, 2]
[995, 27, 10, 10, 2]
[995, 28, 8, 8, 2]
[995, 29, 10, 9, 2]
[995, 125, 6, 2]
[995, 46, 8, 8, 2]
[995, 16, 12]
[995, 13, 7]
[995, 33, 7, 7, 2]
[995, 35, 12, 12]
[995, 53, 9, 2]
[995, 22, 10]
[995, 86, 10, 7, 3]
[995, 71, 6, 6, 2]
[995, 26, 7, 6, 2]
[995, 63, 9, 9, 2]
[995, 51, 12, 12, 2]
[995, 100, 6, 6]
[995, 35, 7, 3, 2]
[995, 40, 15, 7, 7]
[995, 41, 11, 4, 2]
[995, 33, 10, 10, 2]
[995, 60, 7, 2]
[995, 27, 7, 7]
[995, 17, 11]
[995, 25, 8, 6, 2]
[995, 75, 7, 2]
[995, 88, 8, 6, 2]
[995, 65, 10, 10, 2]
[995, 25, 8]
[995, 27, 15, 4, 2]
[995, 48, 7, 7, 2]
[995, 93, 5, 2]
[995, 26, 9, 9, 2]
[995, 52, 7, 7, 2]
[995, 42, 10, 3, 2]
[995, 14, 12]
[995, 23, 9]
[995, 23, 7]
[995, 111, 8, 2]
[995, 85, 5, 5]
[994, 47, 9, 4, 2]
[995, 14, 14]
[995, 70, 7, 7]
[995, 12, 10]
[995, 25, 8, 5, 2]
[995, 63, 9, 5, 2]
[995, 37, 13, 13, 4, 2]
[995, 60, 10, 6, 2]
[995, 19, 10, 6, 2]
[995, 34, 10, 9, 2]
[995, 99, 6, 3, 2]
[995, 6]
[995, 18, 8]
[995, 71, 6, 3, 2]
[995, 99, 10, 6, 2]
[995, 39, 8, 8, 2]
[995, 50, 7, 5, 2]
[995, 13, 13]
[995, 82, 7, 7, 2]
[995, 30, 8, 4, 4]
[995, 36, 8, 8, 2]
[995, 9]
[995, 21, 9, 4, 2]
[995, 62, 12, 3, 3]
[995, 90, 8, 5, 2]
[995, 41, 8, 5, 2]
[995, 23, 11]
[995, 26, 9]
[995, 52, 10, 10, 2]
[995, 84, 5, 3, 2]
[995, 33, 9, 2]
[995, 84, 7, 3, 2]
[995, 53, 12, 12, 2]
[995, 21, 9]
[995, 32, 10, 6, 2]
[995, 21, 13, 13, 2]
[995, 33, 8, 4, 2]
[995, 27, 10, 7, 2]
[995, 51, 7, 3, 2]
[995, 43, 9, 4, 2]
[995, 62, 9, 9, 2]
[995, 17, 9]
[995, 23, 8]
[995, 15, 12]
[995, 39, 16, 4, 2]
[995, 39, 12, 9, 2]
[995, 29, 11, 5, 2]
[995, 15, 11]
[995, 13, 9]
[995, 29, 8, 8, 2]
[995, 59, 5, 4, 2]
[995, 51, 10, 4, 2]
[995, 37, 15, 7, 2]
[995, 124, 5, 2]
[995, 9]
[995, 31, 11, 11, 2]
[995, 81, 14, 2]
[995, 30, 8, 6, 2]
[994, 23, 8]
[995, 32, 10, 10, 2]
[995, 44, 9, 9, 2]
[995, 17, 12]
[995, 11, 11]
[995, 35, 7, 7, 2]
[995, 17, 12]
[995, 37, 6, 6, 3, 2]
[995, 49, 9, 8, 2]
[995, 168, 3, 2]
[995, 28, 8, 8, 2]
[995, 22, 12]
[995, 52, 9, 9, 2]
[995, 71, 7, 2]
[995, 49, 10, 10, 2]
[995, 116, 5, 2]
[995, 57, 9, 5, 2]
[995, 17, 16, 13]
[995, 96, 7, 7, 2]
[995, 39, 13, 9]
[995, 51, 5, 5, 2]
[995, 33, 8, 8, 2]
[995, 16, 9]
[995, 40, 7, 7]
[995, 19, 6, 6, 2]
[995, 115, 6, 4]
[995, 48, 12, 7, 2]
[995, 11, 11]
[995, 32, 7, 7, 2]
[995, 21, 14]
[995, 33, 16, 7, 7]
[995, 34, 8, 7, 2]
[995, 22, 10]
[995, 8, 8]
[995, 27, 9, 9, 2]
[995, 34, 8, 8]
[995, 75, 6, 3, 2]
[995, 25, 22]
[995, 47, 9, 9, 2]
[995, 98, 6, 4]
[995, 17, 8]
[995, 25, 9]
[995, 48, 7, 5, 2]
[995, 75, 7, 4, 2]
[995, 40, 5, 3, 2]
[995, 41, 9, 5, 2]
[995, 7]
[995, 12, 8]
[995, 79, 8, 4, 2]
[995, 21, 9]
[995, 9]
[995, 29, 10]
[995, 19, 14]
[995, 100, 9, 2]
[995, 67, 11, 11, 2]
[995, 45, 14, 3, 2]
[995, 35, 9, 9, 2]
[995, 10, 10]
[994, 13]
[995, 37, 7, 6, 2]
[995, 21, 10]
[995, 11, 6]
[995, 57, 8, 2]
[995, 19, 12]
[995, 114, 4, 3, 2]
[995, 64, 5, 5, 2]
[995, 32, 9, 9, 2]
[995, 121, 5, 3]
[995, 67, 10, 2]
[995, 38, 10, 10, 2]
[995, 60, 11, 10, 2]
[995, 50, 9, 5, 2]
[995, 40, 8, 8, 2]
[994, 32, 10, 10, 2]
[995, 27, 12, 12, 2]
[995, 34, 8, 5, 2]
[995, 30, 7, 7, 2]
[994, 24, 9, 7, 2]
[995, 60, 6, 2]
[995, 67, 8, 2]
[995, 31, 18, 10, 10, 2]
[995, 10]
[995, 28, 9, 9]
[995, 44, 8, 8, 2]
[995, 24, 7]
[995, 35, 6, 6, 2]
[995, 65, 7, 7]
[995, 28, 8]
[995, 31, 7]
[995, 11, 10]
[995, 29, 8, 8, 2]
[995, 45, 7, 7, 2]
[995, 17, 10]
[995, 44, 9, 9, 2]
[995, 90, 5, 2]
[995, 13, 7]
[995, 19, 14, 9, 2]
[995, 27, 5]
[995, 12, 8]
[995, 17, 10]
[995, 103, 5, 2]
[995, 42, 6, 6, 2]
[995, 16, 10, 10]
[995, 78, 7, 4, 2]
[995, 16, 9]
[995, 13, 11]
[995, 27, 8, 7, 2]
[995, 61, 7, 3, 2]
[995, 76, 6, 3, 2]
[995, 79, 7, 3, 2]
[995, 39, 12, 12, 2]
[995, 113, 6, 4, 2]
[995, 36, 7, 5, 2]
[995, 10, 8]
[995, 95, 4, 2]
[995, 16, 16]
[995, 37, 10, 9]
[995, 94, 8, 2]
[995, 76, 9, 4, 2]
[995, 11, 5]
[995, 13]
[995, 73, 11, 7, 2]
[995, 31, 7, 7, 2]
[995, 44, 13, 7, 2]
[995, 57, 9, 5, 2]
[995, 56, 7, 7, 2]
[995, 64, 6, 6, 2]
[995, 16, 14]
[995, 77, 9, 5, 2]
[995, 93, 8, 5, 2]
[995, 91, 6, 2]
[995, 43, 7, 7, 2]
[995, 37, 11, 5, 2]
[995, 20, 11]
[995, 68, 8, 3, 2]
[995, 31, 9, 7, 2]
[995, 21, 9]
[995, 63, 5, 5, 2]
[995, 28, 10, 7, 2]
[995, 18, 10]
[995, 34, 6, 3, 2]
[995, 28, 11]
[995, 34, 14, 7, 2]
[995, 61, 9, 4, 2]
[995, 17, 13]
[995, 49, 6, 5, 2]
[995, 15, 8]
[994, 87, 4, 2]
[995, 27, 15, 15]
[995, 38, 9, 9, 2]
[995, 38, 10, 6, 2]
[995, 36, 9, 8, 2]
[995, 75, 6, 2]
[995, 135, 4, 2]
[995, 9, 7]
[995, 112, 6, 3, 2]
[995, 32, 11]
[995, 14, 9]
[995, 51, 10, 3, 2]
[995, 33, 7, 7, 2]
[995, 12, 9]
[995, 88, 6, 4, 2]
[995, 24, 10, 10, 2]
[995, 21, 10]
[995, 73, 10, 2]
[995, 56, 7, 3, 2]
[995, 29, 9, 4, 2]
[995, 59, 9, 3, 2]
[995, 29, 16, 16, 2]
[995, 32, 7, 5, 2]
[995, 51, 11, 2]
[995, 17, 9]
[995, 109, 5, 2]
[995, 22, 11]
[994, 15, 13]
[995, 22, 8]
[995, 50, 11, 7, 2]
[995, 71, 9, 5, 2]
[995, 110, 5, 2]
[995, 93, 8, 3, 2]
[995, 37, 7, 7, 2]
[995, 109, 5, 3, 2]
[995, 24, 9, 9, 2]
[995, 62, 8, 6, 2]
[995, 38, 10, 7, 2]
[995, 73, 6, 5, 2]
[995, 30, 10, 10, 2]
[995, 21, 7]
[995, 52, 8, 8]
[995, 72, 6, 6]
[995, 35, 11, 8, 8]
[995, 25, 7, 5, 2]
[995, 92, 8, 2]
[995, 117, 6, 6]
[995, 28, 10, 10, 2]
[995, 88, 11, 3, 2]
[995, 58, 9, 9, 2]
[995, 20, 13]
[995, 36, 8, 8, 2]
[995, 84, 6, 4, 2]
[995, 16, 10]
[995, 82, 8, 8]
[995, 28, 9, 5, 3]
[995, 16, 7]
[995, 56, 10, 3, 2]
[995, 89, 7, 2]
[995, 65, 11, 2]
[995, 35, 9, 7, 2]
[995, 11]
[995, 74, 5, 5, 2]
[995, 19, 11]
[995, 42, 13, 13, 2]
[995, 30, 9, 9, 2]
[995, 51, 6, 6, 2]
[995, 50, 7, 7, 2]
[995, 32, 8, 6, 2]
[995, 87, 7, 3, 2]
[995, 26, 11, 6, 2]
[995, 55, 6, 6, 2]
[995, 66, 6, 4]
[995, 6]
[995, 25, 7, 7, 2]
[995, 46, 11, 11]
[995, 60, 4, 2]
[995, 100, 8, 2]
[995, 39, 7, 3, 2]
[995, 15, 9]
[995, 95, 5, 2]
[995, 66, 11, 4, 2]
[995, 26, 8, 6, 2]
[995, 99, 4, 3]
[995, 57, 7, 7, 2]
[995, 26, 12, 10, 2]
[995, 66, 7, 5, 2]
[995, 25, 8]
[995, 55, 9, 9, 2]
[995, 83, 7, 4, 2]
[995, 37, 11, 11, 2]
[995, 31, 11, 6, 2]
[995, 27, 7, 7, 2]
[995, 44, 9, 4, 2]
[995, 47, 10, 5, 2]
[995, 46, 7, 5, 2]
[995, 61, 8, 8, 2]
[995, 26, 14]
[995, 56, 8, 5, 5]
[995, 96, 5, 2]
[995, 46, 6, 4, 2]
[995, 27, 13, 13, 2]
[995, 46, 12, 12, 2]
[995, 35, 7, 5, 2]
[995, 31, 10, 8, 2]
[995, 35, 10, 4, 2]
[995, 23, 9, 9, 2]
[995, 14, 8]
[995, 41, 10, 10, 2]
[995, 37, 7, 5, 2]
[995, 64, 6, 5]
[995, 15, 9]
[995, 20, 9]
[995, 69, 8, 8]
[995, 66, 7, 4, 2]
[995, 10, 10]
[995, 100, 5, 5]
[995, 23, 8, 6, 2]
[995, 28, 7, 7, 2]
[995, 73, 7, 6, 2]
[995, 24, 19]
[995, 42, 7, 5, 2]
[995, 19, 13]
[995, 29, 9, 6, 2]
[995, 26, 9]
[995, 72, 4, 4]
[995, 42, 9, 9, 2]
[995, 23, 15]
[995, 51, 8, 5, 2]
[995, 21, 9, 9, 2]
[995, 30, 6, 6]
[995, 113, 8, 2]
[995, 16, 8]
[995, 57, 8, 5, 2]
[995, 54, 7, 7, 2]
[995, 61, 8, 5, 2]
[995, 84, 5, 2]
[995, 13, 10]
[995, 77, 9, 9, 2]
[995, 19, 9]
[995, 13, 7]
[995, 50, 6, 6, 2]
[995, 84, 5, 5, 2]
[995, 83, 4, 3, 2]
[995, 27, 13, 5, 2]
[995, 58, 6, 6, 2]
[995, 55, 13, 4, 2]
[995, 118, 7, 2]
[995, 84, 7, 5, 2]
[995, 40, 10, 5, 2]
[995, 70, 6, 4, 2]
[995, 47, 8, 8, 2]
[995, 81, 6, 6]
[995, 56, 7, 3, 2]
[995, 84, 8, 3, 2]
[995, 26, 11, 11, 2]
[995, 55, 8, 5, 3]
[995, 14, 7]
[995, 57, 8, 5, 2]
[995, 19, 8]
[995, 38, 8, 8, 2]
[995, 50, 10, 4, 2]
[995, 16, 5]
[995, 31, 10, 10, 2]
[995, 55, 7, 7, 2]
[995, 56, 5, 3, 2]
[995, 70, 8, 4, 2]
[995, 23, 11, 3, 2]
[995, 39, 5, 5, 2]
[995, 96, 6, 2]
[995, 41, 10, 3, 2]
[995, 31, 8, 8, 2]
[995, 10]
[995, 91, 6, 2]
[995, 82, 5, 3, 2]
[995, 44, 7, 4, 2]
[995, 34, 11, 11, 2]
[995, 62, 5, 3, 2]
[995, 14, 8]
[995, 114, 5, 2]
[995, 27, 11, 6, 2]
[995, 65, 5, 2]
[995, 23, 9]
[995, 35, 9, 8, 2]
[995, 33, 7]
[995, 93, 6, 4]
[995, 39, 7, 3, 2]
[995, 55, 10, 6, 2]
[994, 56, 7, 7, 2]
[995, 23, 14]
[995, 32, 9, 9]
[995, 86, 7, 2]
[995, 86, 8, 2]
[995, 122, 3, 2]
[995, 57, 7, 4, 2]
[995, 61, 6, 4, 2]
[995, 101, 7, 5]
[995, 32, 10]
[995, 16, 7]
[995, 18, 7]
[995, 43, 11, 6, 6]
[995, 83, 6, 2]
[995, 64, 8, 8, 2]
[995, 33, 7, 7, 2]
[995, 18, 13]
[995, 45, 8, 3, 2]
[995, 28, 10, 5, 2]
[995, 92, 9, 7, 2]
[995, 45, 12, 3, 2]
[995, 34, 7, 7, 2]
[995, 63, 9, 4, 3]
[995, 82, 8, 8]
[995, 14, 6]
[995, 79, 6, 3, 2]
[995, 67, 7, 7, 2]
[995, 27, 12, 12, 2]
[995, 32, 10, 6, 2]
[995, 28, 10, 7, 2]
[995, 56, 12, 12, 2]
[995, 17, 14]
[995, 116, 3, 3]
[995, 31, 13, 13, 2]
[995, 19, 9]
[995, 27, 8, 5, 2]
[995, 46, 9, 2]
[995, 40, 10, 7, 2]
[995, 103, 7, 4]
[995, 32, 8, 8, 2]
[995, 69, 9, 3, 2]
[995, 47, 7, 6, 2]
[995, 57, 7, 6, 2]
[995, 34, 7, 7, 2]
[995, 68, 8, 8, 2]
[995, 21, 9]
[995, 91, 6, 5, 2]
[995, 11, 10]
[995, 40, 8, 3, 2]
[995, 28, 9, 9, 2]
[995, 97, 6, 2]
[995, 8, 7]
[995, 47, 11, 11]
[995, 93, 6, 2]
[995, 52, 6, 6, 2]
[995, 34, 10, 10, 2]
[995, 45, 9, 9, 2]
[995, 64, 7, 7, 2]
[995, 58, 8, 5, 2]
[995, 12, 8]
[995, 115, 4, 3, 2]
[995, 30, 6, 5, 2]
[995, 14, 10]
[995, 19, 11]
[995, 16, 9]
[995, 49, 10, 5, 2]
[995, 136, 2]
[995, 39, 10, 3, 2]
[995, 68, 12, 3, 2]
[995, 16, 12]
[995, 36, 6, 6, 2]
[995, 28, 9, 9, 2]
[995, 14, 7]
[995, 28, 10, 8, 2]
[995, 28, 9, 6, 2]
[995, 52, 8, 3, 2]
[995, 23, 8]
[995, 53, 10, 2]
[995, 81, 10, 3, 2]
[995, 19, 10]
[995, 72, 7, 5, 2]
[995, 79, 6, 6]
[995, 13, 11]
[995, 27, 7, 6, 2]
[995, 54, 5, 5, 2]
[995, 42, 7, 6, 2]
[995, 29, 13, 7, 2]
[995, 43, 6, 5, 2]
[995, 15, 6]
[995, 24, 7, 7, 2]
[995, 16, 6]
[995, 14, 11]
[995, 72, 7, 5, 2]
[995, 38, 9, 5, 2]
[995, 37, 6, 5, 2]
[995, 20, 10]
[995, 30, 10, 5, 2]
[995, 7]
[995, 98, 6, 3]
[995, 62, 8, 5, 2]
[995, 21, 12]
[995, 16, 9]
[995, 16, 10]
[995, 69, 8, 3, 2]
[995, 16, 10]
[995, 46, 9, 9, 2]
[995, 14, 9]
[995, 38, 10, 8, 2]
[995, 22, 12, 12, 2]
[995, 22, 10]
[995, 38, 8, 4, 2]
[995, 121, 4, 2]
[995, 29, 5, 5, 2]
[995, 54, 10, 4, 2]
[995, 16, 9]
[995, 8, 7]
[995, 34, 14, 6, 2]
[995, 34, 14, 3, 2]
[995, 47, 6, 6, 2]
[995, 20, 14]
[995, 23, 9, 9, 2]
[995, 28, 7, 7, 2]
[995, 27, 9, 8, 3, 3]
[995, 19, 13]
[995, 42, 12, 12, 2]
[995, 16, 16]
[995, 29, 7, 7, 2]
[995, 14, 10]
[995, 36, 8, 3, 2]
[995, 118, 8, 2]
[995, 39, 6, 5, 2]
[995, 97, 8, 3]
[995, 35, 10, 10]
[995, 82, 10, 2]
[995, 18, 11]
[995, 22, 9, 6, 2]
[995, 96, 7, 2]
[995, 70, 9, 9, 2]
[995, 34, 10, 6, 2]
[995, 38, 9, 7, 2]
[995, 25, 14, 9, 2]
[995, 126, 5, 2]
[995, 41, 8, 4, 2]
[995, 87, 4, 4]
[995, 16, 15, 7]
[995, 83, 6, 3]
[995, 53, 10, 9, 2]
[995, 42, 8, 5, 2]
[995, 31, 14, 14, 2]
[995, 25, 8, 8]
[995, 27, 8, 4, 2]
[995, 57, 8, 8, 2]
[995, 76, 5, 2]
[995, 33, 15]
[995, 13, 10]
[995, 34, 11, 11]
[995, 29, 7, 6, 2]
[995, 14, 10]
[995, 14, 7]
[995, 10, 9]
[995, 51, 9, 5, 2]
[995, 68, 8, 4, 2]
[995, 81, 8, 3, 2]
[994, 35, 9, 5, 2]
[995, 82, 8, 5, 2]
[995, 60, 8, 8, 2]
[995, 45, 8, 8, 2]
[995, 41, 12, 6, 2]
[995, 29, 9]
[995, 28, 10, 10, 2]
[995, 39, 15, 15, 2]
[995, 23, 8]
[995, 7, 5]
[995, 11, 11]
[995, 66, 8, 2]
[995, 22, 8, 8, 2]
[995, 86, 5, 4, 2]
[995, 15, 11]
[995, 96, 4, 4]
[995, 25, 17]
[995, 38, 9, 8, 2]
[995, 20, 9, 9, 5, 2]
[995, 79, 5, 4, 2]
[995, 21, 9, 9, 2]
[995, 20, 8, 7]
[995, 31, 9, 7, 2]
[995, 108, 7, 2]
[995, 57, 9, 9, 2]
[995, 18, 16]
[995, 98, 5, 3]
[995, 79, 5, 4, 2]
[995, 9]
[995, 29, 6, 6, 2]
[995, 17, 13]
[995, 150, 4, 3]
[995, 124, 5, 2]
[995, 8, 6]
[995, 100, 6, 6]
[995, 33, 5, 5, 2]
[995, 40, 11, 3, 2]
[994, 32, 8, 7, 2]
[995, 35, 11]
[995, 80, 8, 8, 2]
[995, 89, 8, 8]
[995, 95, 8, 5, 2]
[995, 15, 7]
[995, 26, 9]
[995, 21, 5]
[995, 65, 7, 2]
[995, 17, 9]
[995, 15, 7]
[995, 16, 12]
[995, 95, 9, 2]
[995, 80, 7, 7]
[995, 60, 8, 5, 2]
[995, 80, 7, 2]
[995, 42, 7, 4, 2]
[995, 26, 8, 5, 2]
[995, 29, 7, 7, 2]
[995, 82, 6, 3]
[995, 45, 8, 5, 2]
[995, 53, 5, 5]
[995, 33, 9, 3, 2]
[994, 23, 10]
[995, 41, 7, 7, 2]
[995, 47, 6, 2]
[995, 51, 13, 13, 2]
[995, 29, 6, 6, 2]
[995, 45, 6, 5, 2]
[995, 30, 9, 9, 2]
[995, 89, 6, 3, 2]
[995, 21, 6, 4, 2]
[995, 89, 10, 7, 7]
[995, 24, 8, 4, 2]
[995, 44, 10, 10, 2]
[995, 46, 9, 9, 2]
[995, 31, 10, 10, 2]
[995, 13, 8]
[995, 110, 5, 3, 2]
[995, 34, 10, 10, 2]
[995, 24, 12, 12, 2]
[995, 21, 11]
[995, 16, 11]
[995, 81, 8, 8, 2]
[995, 86, 7, 5]
[995, 57, 11, 11, 2]
[995, 55, 7, 4, 2]
[995, 31, 7, 7, 2]
[995, 21, 9]
[995, 133, 6, 2]
[995, 31, 7, 7]
[995, 42, 11, 4, 2]
[995, 89, 7, 2]
[995, 29, 6, 6, 2]
[995, 26, 9]
[995, 130, 10, 2]
[995, 14, 10]
[995, 9]
[995, 72, 6, 4, 2]
[995, 84, 9, 3]
[995, 12, 11]
[995, 96, 4, 4]
[995, 31, 8, 6, 2]
[995, 28, 9]
[995, 51, 11, 6, 2]
[995, 30, 11, 8, 3]
[995, 90, 12, 2]
[995, 31, 10, 6, 2]
[995, 70, 8, 3, 2]
[995, 100, 6, 4, 2]
[995, 97, 4, 3, 2]
[995, 81, 5, 5, 2]
[995, 28, 7, 5, 2]
[995, 36, 9, 7, 2]
[995, 13, 11]
[995, 52, 13, 7, 7]
[995, 49, 9, 7, 2]
[995, 18, 7]
[995, 48, 8, 5, 2]
[995, 80, 5, 5]
[995, 55, 6, 6]
[995, 12, 12]
[995, 10, 9]
[995, 21, 13]
[995, 46, 9, 9, 2]
[995, 47, 8, 8, 2]
[995, 35, 8, 8, 2]
[995, 11, 11]
[995, 25, 8, 8, 2]
[995, 15, 11]
[995, 36, 8, 7, 2]
[995, 33, 6, 6, 2]
[995, 27, 7]
[995, 26, 8, 6, 2]
[995, 11, 8]
[995, 41, 8, 2]
[995, 38, 9, 7, 2]
[995, 43, 9, 9, 2]
[995, 35, 8, 6, 2]
[995, 21, 11, 11, 6, 2]
[995, 33, 12, 11, 7]
[995, 19, 11, 11, 2]
[995, 39, 10, 5, 2]
[995, 42, 9, 9, 2]
[994, 14, 9]
[995, 82, 10, 10, 2]
[995, 30, 7, 7, 2]
[995, 22, 8]
[995, 53, 12, 6, 2]
[995, 97, 10, 2]
[995, 75, 8, 6, 2]
[995, 31, 13]
[995, 105, 4, 3]
[995, 46, 6, 5, 2]
[995, 33, 6, 5, 2]
[995, 16, 16]
[995, 140, 5, 2]
[995, 118, 4, 2]
[995, 30, 5, 3, 2]
[995, 80, 7, 5]
[995, 19, 7]
[995, 90, 6, 6, 2]
[995, 63, 7, 6, 2]
[995, 39, 7, 3, 2]
[995, 123, 6, 2]
[995, 87, 7, 2]
[995, 29, 13, 13, 2]
[995, 33, 8, 8, 2]
[995, 34, 8, 4, 2]
[995, 48, 7, 3, 2]
[995, 28, 12, 7, 6]
[995, 14, 12]
[995, 9, 9]
[995, 22, 6, 6, 2]
[995, 26, 8, 7, 2]
[995, 37, 8, 4, 2]
[995, 25, 8, 4, 2]
[995, 30, 11]
[995, 74, 6, 6, 2]
[995, 58, 7, 7, 2]
[995, 108, 5, 2]
[995, 73, 5, 5, 2]
[995, 59, 8, 8]
[995, 45, 11, 8, 2]
[995, 28, 13]
[995, 44, 6, 5, 2]
[995, 92, 12, 3, 2]
[995, 23, 9, 9, 2]
[995, 54, 7, 3, 2]
[995, 31, 9]
[995, 36, 7, 4, 2]
[995, 37, 9, 5, 2]
[995, 59, 6, 2]
[995, 43, 10, 6, 2]
[995, 27, 10]
[995, 62, 7, 3, 2]
[995, 48, 7, 4, 2]
[995, 14, 10]
[995, 28, 9]
[995, 78, 6, 2]
[995, 119, 8, 6, 2]
[995, 10, 10]
[995, 20, 11]
[995, 60, 6, 5, 2]
[995, 32, 11, 9, 2]
[995, 32, 9, 9, 2]
[995, 102, 5, 2]
[995, 35, 6, 6, 2]
[995, 77, 7, 2]
[995, 18, 6]
