[33.76, 29.37, 2.68, 0.6]
[33.61, 28.13, 3.94, 0.55]
[33.78, 30.18, 11.69, 0.83, 0.77, 0.6]
[33.7, 29.51, 3.48, 0.44]
[33.53, 28.52, 0.96, 0.62]
[33.57, 30.5, 9.5, 0.3, 0.26]
[33.73, 27.99, 2.04, 1.02]
[33.62, 22.63, 0.14, 0.12]
[33.45, 26.85, 0.3]
[33.55, 22.17, 0.17]
[33.08, 11.27, 0.19, 0.05]
[33.6, 28.66, 1.82, 0.43]
[33.63, 30.42, 6.56, 0.23, 0.22]
[33.85, 28.21, 2.66, 1.06]
[33.5, 21.4, 0.1]
[33.42, 20.46, 0.06, 0.04]
[33.73, 27.15, 0.48, 0.32]
[33.69, 25.15, 0.62, 0.36]
[33.65, 28.66, 0.87, 0.51]
[33.69, 26.64, 1.39, 0.72]
[33.64, 25.6, 0.44, 0.35]
[33.66, 26.37, 0.95, 0.79]
[33.66, 30.58, 5.13, 0.37]
[33.59, 28.18, 0.49]
[33.56, 25.57, 0.29]
[33.53, 23.63, 0.16]
[33.59, 29.45, 5.57, 0.49, 0.42]
[33.6, 25.56, 0.48, 0.4]
[33.4, 18.65, 0.17, 0.14]
[33.08, 16.89, 0.1, 0.07]
[33.13, 16.25, 0.08, 0.06]
[33.41, 23.74, 0.52]
[33.51, 26.08, 1.11, 0.76]
[33.38, 20.77, 0.09]
[33.56, 23.85, 0.28, 0.26]
[33.55, 27.78, 1.64, 0.52]
[33.79, 31.3, 9.56, 0.34]
[33.78, 29.91, 4.57, 0.81, 0.74]
[33.31, 20.24, 0.05]
[33.58, 27.07, 0.44]
[33.56, 26.64, 0.51, 0.46]
[33.53, 26.99, 1.74, 0.34]
[33.58, 21.96, 0.14]
[33.62, 23.1, 0.33]
[33.61, 26.3, 0.61]
[33.42, 19.96, 0.04]
[33.71, 26.44, 1.29, 0.68]
[33.28, 18.91, 0.08]
[33.95, 26.91, 0.4]
[33.67, 25.26, 0.47, 0.31]
[35.01, 35.0, 34.96]
[35.11, 34.99, 34.88]
[34.66, 34.5, 34.28, 34.21]
[34.83, 34.8, 34.72, 34.68]
[34.73, 34.66, 34.61]
[33.76, 28.86, 3.02, 0.35]
[33.41, 26.46, 0.49, 0.29]
[33.43, 26.79, 0.65, 0.59]
[32.78, 10.25, 0.09, 0.03]
[33.39, 24.93, 0.29]
[33.72, 27.89, 3.77, 0.93]
[33.66, 28.24, 2.78, 0.84]
[33.87, 30.89, 9.86, 1.4, 1.32]
[33.54, 26.34, 0.34, 0.3]
[33.25, 18.11, 0.16]
[33.19, 15.68, 0.09]
[33.44, 21.75, 0.18]
[995, 349, 4]
[995, 501, 115, 27, 27]
[995, 381, 13]
[995, 418, 6]
[995, 312, 4, 4]
[995, 579, 287, 13]
[995, 402, 41, 15]
[995, 445, 86, 29]
[995, 467, 88, 7]
[995, 450, 38, 7]
[995, 388, 15, 15]
[995, 369, 23, 8]
[995, 414, 7]
[995, 317, 5, 5]
[995, 352, 29, 10]
[995, 420, 82, 11]
[995, 454, 98, 21]
[995, 349, 5, 5]
[995, 318, 10, 8]
[995, 336, 4, 4]
[995, 422, 16, 9]
[995, 501, 84, 14]
[995, 568, 231, 7]
[995, 428, 28, 8]
[994, 404, 9, 6]
[995, 435, 89, 59, 56]
[995, 379, 46, 21]
[995, 387, 4]
[995, 358, 6]
[995, 273, 3, 3]
[995, 385, 5]
[995, 341, 10]
[995, 511, 126, 10, 10]
[995, 363, 5]
[995, 452, 25, 6]
[995, 417, 24, 23, 13]
[995, 349, 17, 17]
[995, 504, 116, 8, 8]
[995, 527, 159, 14]
[995, 333, 5]
[995, 292, 6]
[995, 412, 12, 11]
[995, 359, 10, 8]
[995, 366, 25, 12]
[995, 431, 4]
[995, 399, 9, 8]
[995, 435, 97, 14, 14]
[995, 341, 6]
[995, 446, 54, 12]
[995, 328, 3]
[995, 313, 5]
[995, 394, 19, 17]
[995, 313, 3, 2]
[995, 354, 5]
[995, 472, 34, 15]
[995, 428, 59, 9]
[995, 305, 10, 10]
[995, 362, 12]
[995, 391, 6]
[995, 416, 17, 17]
[995, 327, 3]
[995, 564, 150, 8, 8]
[995, 440, 55, 24]
[995, 420, 21, 20]
[995, 369, 4]
[995, 341, 13, 8]
[995, 379, 15, 6]
[995, 347, 2]
[995, 431, 56, 10]
[995, 350, 12, 8]
[995, 529, 127, 18, 18]
[995, 473, 38, 13]
[995, 409, 9]
[995, 418, 50, 9]
[995, 385, 11, 7]
[995, 437, 79, 17]
[995, 406, 11, 7]
[995, 372, 3, 3]
[995, 398, 7, 5]
[995, 311, 2]
[995, 343, 22, 19, 12]
[995, 358, 9]
[995, 405, 40, 14]
[995, 441, 63, 13]
[995, 413, 31, 8]
[995, 312, 14, 10]
[995, 377, 45, 23]
[995, 336, 3, 3]
[995, 454, 12, 12]
[995, 367, 8]
[995, 505, 90, 14, 14]
[995, 323, 2]
[995, 422, 7]
[995, 367, 9]
[995, 396, 8]
[995, 348, 3]
[995, 382, 22, 8]
[995, 324, 3, 3]
[995, 391, 21, 19]
[995, 398, 8]
[995, 479, 114, 7, 7]
[995, 404, 10, 7]
[995, 287, 3, 2]
[995, 317, 3]
[995, 326, 7]
[995, 351, 3, 3]
[995, 375, 5]
[995, 371, 18, 16]
[995, 314, 5, 3]
[995, 319, 2]
[995, 313, 9, 9]
[995, 525, 177, 8, 8]
[995, 414, 11, 9]
[995, 385, 27, 20]
[995, 489, 159, 5, 4]
[995, 498, 89, 14]
[995, 380, 7]
[995, 452, 29, 26]
[995, 431, 66, 9]
[995, 326, 9, 9]
[995, 307, 9]
[995, 300, 3, 3]
[995, 332, 6]
[995, 372, 7, 5]
[995, 579, 153, 48, 34]
[995, 408, 11, 7]
[994, 291, 8, 8]
[995, 361, 9]
[995, 371, 10]
[995, 339, 8, 8]
[995, 419, 66, 46, 32]
[995, 562, 216, 42, 42]
[995, 413, 11, 9]
[995, 432, 21, 16]
[995, 372, 4]
[995, 369, 22, 4]
[995, 385, 17]
[995, 401, 41, 9]
[995, 319, 5]
[995, 319, 4, 2]
[995, 368, 4]
[995, 329, 7]
[995, 388, 5]
[995, 372, 21, 7]
[995, 308, 11, 6]
[995, 300, 12]
[995, 477, 95, 8, 8]
[995, 535, 95, 11, 7]
[995, 409, 6, 6]
[995, 330, 7, 6]
[995, 304, 6, 2]
[995, 496, 71, 11]
[995, 332, 11]
[995, 409, 13, 10]
[995, 293, 4]
[995, 389, 35, 10]
[994, 347, 10, 6]
[995, 427, 35, 17]
[995, 369, 9]
[995, 426, 14, 11]
[995, 373, 3, 3]
[995, 367, 11, 7]
[994, 346, 13]
[995, 349, 7, 7]
[995, 394, 4]
[995, 414, 10]
[995, 294, 3, 3]
[995, 425, 29, 16]
[995, 400, 6]
[995, 359, 10]
[995, 594, 256, 60, 45, 44]
[995, 600, 245, 59, 17]
[995, 403, 5]
[995, 412, 14, 12]
[995, 439, 16, 9]
[995, 433, 61, 15]
[995, 488, 141, 8, 8]
[995, 390, 30, 17]
[995, 341, 6]
[995, 631, 309, 97, 32]
[995, 391, 6]
[995, 280, 4]
[995, 433, 64, 12]
[995, 443, 13, 8]
[995, 358, 5]
[995, 426, 12, 12]
[995, 391, 17, 8]
[995, 409, 47, 5]
[995, 392, 43, 12]
[995, 446, 19, 9]
[995, 427, 26, 10]
[995, 391, 43, 23, 17]
[995, 334, 21, 21]
[995, 397, 28, 8]
[995, 421, 67, 12]
[995, 300, 3, 2]
[995, 314, 7]
[995, 356, 4]
[995, 440, 103, 19]
[995, 291, 3, 3]
[995, 394, 13, 7]
[995, 422, 22, 9]
[995, 451, 30, 18]
[995, 366, 3]
[995, 312, 4, 4]
[995, 334, 5]
[995, 352, 8]
[995, 328, 8]
[995, 355, 8]
[995, 410, 95, 24, 12]
[995, 385, 13]
[995, 391, 19, 12]
[995, 361, 28, 14]
[995, 485, 98, 10, 10]
[995, 394, 11]
[995, 636, 304, 64, 17]
[995, 354, 4, 4]
[995, 380, 5, 5]
[995, 570, 155, 3, 3]
[995, 367, 19, 13]
[995, 391, 46, 24, 12]
[995, 388, 40, 19]
[995, 314, 5]
[995, 504, 87, 24, 16]
[995, 396, 5]
[995, 371, 11, 8]
[995, 414, 5, 5]
[995, 438, 71, 18]
[995, 455, 22, 10]
[995, 415, 12]
[995, 466, 81, 37]
[995, 404, 30, 15]
[995, 449, 77, 8]
[995, 369, 10, 10]
[995, 412, 14]
[995, 286, 4, 4]
[995, 383, 70, 41, 39]
[995, 379, 20, 9]
[995, 346, 15, 6]
[995, 483, 51, 11, 11]
[995, 545, 171, 21, 21]
[995, 381, 8]
[994, 308, 5]
[995, 349, 7, 7]
[995, 303, 2]
[995, 487, 109, 36, 29]
[995, 355, 3]
[995, 450, 48, 8]
[995, 455, 77, 17]
[995, 443, 14, 10]
[995, 425, 15, 11]
[995, 377, 11]
[995, 370, 8]
[995, 451, 12, 8]
[995, 385, 6, 4]
[995, 436, 6]
[995, 410, 9]
[995, 382, 21, 8]
[995, 442, 86, 10]
[995, 451, 34, 22]
[995, 395, 4]
[995, 409, 24, 7]
[995, 370, 10]
[995, 344, 3, 2]
[995, 404, 16, 16]
[995, 346, 4]
[995, 411, 24, 11]
[995, 403, 22, 10]
[995, 374, 43, 9]
[995, 455, 101, 12, 12]
[995, 433, 81, 10]
[995, 388, 6]
[995, 427, 11, 7]
[995, 386, 4]
[995, 353, 13]
[995, 479, 119, 7, 7]
[995, 344, 7, 5]
[995, 393, 9, 8]
[995, 358, 3]
[995, 503, 129, 10, 10]
[995, 299, 5]
[995, 340, 3]
[995, 313, 6, 4]
[995, 401, 39, 6]
[995, 431, 8, 6]
[995, 305, 3]
[995, 334, 6]
[995, 301, 5]
[995, 320, 6]
[995, 329, 3]
[995, 382, 19, 13]
[995, 550, 167, 17]
[995, 436, 21, 8]
[995, 352, 7]
[995, 496, 115, 8, 8]
[995, 353, 6]
[995, 510, 88, 6]
[994, 420, 18, 10]
[995, 283, 3, 2]
[995, 456, 14, 12]
[995, 400, 15, 9]
[995, 290, 4, 4]
[995, 356, 6]
[995, 331, 6, 6]
[995, 435, 56, 41, 31]
[995, 406, 10]
[995, 433, 83, 24]
[995, 424, 48, 28]
[995, 367, 45, 14]
[995, 585, 251, 45, 24]
[995, 364, 4, 4]
[995, 370, 16]
[995, 385, 8]
[995, 355, 5]
[995, 424, 26, 9]
[995, 427, 16, 15, 12]
[995, 303, 3, 2]
[995, 459, 130, 14]
[995, 325, 6]
[995, 392, 12]
[995, 376, 5]
[995, 296, 4, 2]
[995, 339, 7]
[995, 297, 12, 12]
[995, 316, 4, 4]
[995, 305, 3, 3]
[995, 349, 5, 5]
[995, 441, 39, 10]
[995, 294, 6]
[995, 361, 9, 7]
[995, 533, 128, 6, 6]
[995, 310, 6]
[995, 507, 89, 5, 5]
[995, 352, 28, 11]
[995, 375, 7, 7]
[995, 378, 7]
[995, 361, 5]
[995, 324, 4, 4]
[995, 354, 4, 4]
[995, 334, 4]
[995, 327, 4]
[995, 342, 6]
[995, 317, 2]
[995, 601, 223, 20, 18]
[995, 405, 5]
[995, 380, 13]
[995, 350, 4]
[995, 563, 187, 25, 22]
[995, 385, 5]
[995, 358, 7, 7]
[995, 375, 18, 14]
[995, 308, 3]
[995, 445, 85, 15]
[995, 381, 10]
[995, 426, 69, 21]
[995, 369, 22, 8]
[995, 430, 20, 11]
[995, 360, 4]
[995, 475, 126, 13, 13]
[995, 485, 107, 13, 13]
[995, 324, 9]
[995, 426, 41, 19]
[995, 353, 8, 6]
[995, 329, 3, 3]
[995, 303, 6, 6]
[995, 379, 12]
[995, 292, 3, 2]
[995, 429, 25, 16]
[995, 442, 61, 17]
[995, 326, 13, 11]
[995, 379, 17, 14]
[995, 347, 13, 13]
[995, 309, 31, 25]
[995, 430, 38, 14, 14]
[995, 413, 13, 12]
[995, 369, 29, 18]
[995, 367, 20, 12]
[995, 417, 6]
[995, 426, 97, 13]
[995, 412, 32, 19]
[995, 433, 105, 38, 36]
[995, 366, 23, 5]
[995, 342, 8]
[995, 491, 92, 25, 9]
[995, 310, 4, 4]
[995, 365, 7]
[995, 384, 7]
[995, 491, 46, 9]
[995, 361, 4]
[995, 597, 267, 18, 11]
[995, 354, 4]
[995, 415, 68, 20]
[995, 428, 49, 16]
[995, 461, 26, 8]
[995, 347, 4]
[995, 348, 7]
[995, 331, 16, 5]
[995, 294, 5]
[995, 306, 5, 5]
[995, 378, 50, 8]
[995, 487, 127, 11, 11]
[995, 481, 129, 11, 11]
[995, 352, 24, 16]
[995, 282, 2]
[995, 351, 3, 3]
[995, 381, 8]
[995, 348, 5]
[995, 291, 6, 5]
[995, 370, 16]
[995, 363, 4]
[995, 321, 3]
[995, 392, 36, 13]
[995, 373, 8]
[995, 367, 7]
[995, 306, 7]
[995, 316, 5, 5]
[995, 306, 5, 5]
[995, 427, 95, 9, 9]
[995, 330, 6]
[995, 347, 10]
[995, 405, 11]
[995, 332, 12]
[995, 358, 6]
[995, 329, 9]
[995, 454, 49, 8]
[995, 377, 21, 11]
[995, 411, 21, 15]
[995, 317, 4]
[995, 351, 3, 3]
[995, 497, 131, 23, 18]
[995, 508, 121, 41, 36]
[995, 401, 12, 7]
[995, 358, 4]
[995, 460, 116, 17, 17]
[995, 483, 63, 8]
[995, 435, 64, 7]
[995, 457, 62, 8]
[995, 515, 161, 2]
[995, 348, 13, 13]
[995, 629, 267, 22, 22]
[995, 330, 10, 7]
[995, 446, 74, 4]
[995, 418, 12, 7]
[995, 371, 10]
[995, 396, 17, 9]
[995, 493, 106, 7, 7]
[995, 451, 96, 9, 9]
[995, 343, 3]
[995, 297, 5]
[995, 358, 6]
[995, 302, 3]
[995, 338, 2]
[995, 328, 3]
[995, 338, 7]
[995, 521, 129, 5, 5]
[995, 339, 28, 9]
[995, 296, 2]
[995, 389, 12]
[995, 466, 38, 22]
[995, 303, 8]
[995, 379, 24, 11]
[995, 384, 7, 5]
[995, 402, 36, 17]
[995, 309, 3, 2]
[995, 334, 3, 3]
[995, 327, 3]
[995, 551, 227, 5, 5]
[995, 327, 6]
[995, 404, 15, 8]
[995, 376, 5]
[995, 355, 7]
[995, 443, 72, 8]
[995, 349, 14, 14]
[995, 247, 3]
[995, 377, 4]
[995, 431, 65, 13]
[995, 493, 93, 20]
[995, 364, 10]
[995, 350, 8]
[995, 395, 37, 31, 23]
[995, 482, 107, 8]
[995, 578, 268, 25, 12]
[995, 406, 12]
[995, 423, 29, 4]
[995, 416, 11]
[995, 461, 86, 10]
[995, 382, 7]
[995, 461, 48, 11]
[995, 409, 40, 9]
[995, 467, 82, 9, 9]
[995, 435, 16, 16]
[995, 410, 14, 10]
[995, 397, 68, 36]
[995, 322, 7]
[995, 511, 151, 69, 42]
[995, 322, 6]
[995, 379, 10]
[995, 349, 2]
[995, 428, 65, 9]
[995, 363, 13, 11]
[995, 359, 8]
[995, 353, 7]
[995, 530, 137, 34, 31]
[995, 370, 18, 15]
[995, 354, 7, 7]
[995, 433, 49, 10]
[995, 424, 44, 15]
[995, 282, 4, 2]
[995, 281, 4, 2]
[995, 475, 88, 13]
[995, 329, 7]
[995, 350, 4]
[995, 355, 32, 13]
[995, 402, 33, 9]
[995, 387, 19, 14]
[995, 308, 11, 9]
[995, 437, 7]
[995, 296, 4, 2]
[995, 285, 3, 2]
[995, 439, 46, 9]
[994, 283, 7, 4]
[995, 394, 46, 6]
[995, 483, 104, 52, 50]
[995, 385, 11, 11]
[995, 337, 4]
[995, 348, 4]
[995, 286, 3]
[995, 470, 83, 22]
[995, 465, 38, 11]
[995, 428, 32, 9]
[995, 340, 2]
[995, 307, 2]
[995, 526, 131, 15, 15]
[995, 479, 81, 24]
[995, 524, 122, 9, 9]
[995, 346, 3, 3]
[994, 372, 18, 16]
[995, 353, 13, 8]
[995, 403, 72, 26]
[995, 418, 79, 35]
[995, 505, 121, 36, 16]
[995, 528, 99, 30, 30]
[995, 458, 12, 10]
[995, 370, 21, 19]
[994, 394, 16, 10]
[995, 377, 18, 6]
[995, 371, 7, 7]
[995, 358, 5]
[995, 318, 3, 3]
[995, 352, 5]
[995, 490, 23, 15]
[995, 357, 7]
[995, 394, 3]
[995, 402, 41, 15]
[995, 301, 6]
[995, 386, 7, 7]
[995, 397, 12, 9]
[995, 362, 5, 5]
[995, 321, 4]
[995, 290, 3, 3]
[995, 496, 117, 8, 8]
[995, 365, 8]
[995, 288, 4]
[995, 366, 7]
[995, 384, 4]
[995, 433, 68, 10]
[995, 478, 61, 9]
[995, 370, 5]
[995, 406, 26, 9]
[995, 406, 56, 6]
[995, 312, 4, 4]
[995, 368, 25, 16]
[995, 370, 2]
[994, 410, 50, 9]
[995, 369, 19, 16, 13]
[995, 461, 78, 11]
[995, 416, 4]
[995, 441, 80, 11]
[995, 410, 24, 10]
[995, 359, 7, 7]
[995, 496, 103, 11, 11]
[995, 318, 5]
[994, 493, 134, 10, 9]
[995, 311, 3]
[995, 360, 6, 6]
[995, 476, 92, 18, 18]
[995, 351, 3, 2]
[995, 358, 12]
[995, 454, 52, 8]
[995, 299, 3, 3]
[995, 315, 2]
[995, 440, 46, 6]
[994, 336, 9]
[994, 316, 7, 5]
[995, 486, 178, 4]
[995, 375, 4, 4]
[995, 375, 6, 4]
[995, 336, 4]
[995, 580, 216, 21]
[995, 351, 15]
[995, 418, 14, 14]
[995, 463, 86, 14, 14]
[995, 414, 21, 14]
[995, 427, 37, 8]
[995, 311, 3]
[995, 339, 7, 6, 5]
[995, 271, 5, 3]
[995, 368, 7]
[995, 334, 18, 10]
[995, 335, 5]
[995, 316, 2]
[995, 421, 42, 11]
[995, 354, 7]
[995, 323, 8]
[995, 359, 5]
[995, 309, 5, 5]
[995, 352, 4, 4]
[995, 430, 29, 26, 22, 11]
[995, 553, 183, 7, 7]
[995, 550, 222, 8, 8]
[995, 402, 19, 13]
[995, 349, 7]
[995, 448, 112, 6, 6]
[995, 485, 54, 8]
[995, 309, 3, 3]
[995, 455, 58, 7, 7]
[995, 365, 6, 6]
[995, 331, 8, 8]
[995, 254, 5, 5]
[995, 434, 51, 15]
[995, 524, 159, 6, 6]
[995, 382, 19, 13]
[995, 335, 7, 7]
[995, 301, 4, 4]
[995, 444, 60, 13]
[995, 341, 4]
[995, 364, 12, 10]
[995, 367, 3]
[995, 429, 34, 29, 22]
[995, 379, 5]
[995, 398, 10, 4]
[995, 347, 7]
[995, 345, 8]
[995, 428, 28, 13]
[995, 351, 24, 13]
[995, 366, 4]
[995, 353, 3]
[995, 319, 3]
[995, 427, 96, 17, 15]
[995, 401, 36, 10]
[995, 330, 10, 7]
[995, 261, 2]
[995, 331, 4, 2]
[995, 447, 82, 13]
[995, 279, 3, 2]
[995, 395, 14]
[995, 328, 3]
[995, 429, 12, 10]
[995, 413, 10, 10]
[995, 430, 70, 13]
[995, 299, 3]
[995, 396, 14, 7]
[995, 322, 11]
[995, 326, 4]
[995, 471, 68, 8]
[995, 372, 6, 5]
[995, 392, 7]
[995, 465, 38, 9]
[995, 298, 6]
[995, 428, 43, 10]
[995, 333, 3, 3]
[995, 379, 6]
[995, 440, 26, 18]
[995, 354, 4]
[995, 401, 9, 9]
[995, 394, 25, 16]
[995, 365, 3]
[995, 453, 120, 5]
[995, 310, 7]
[995, 384, 13, 8]
[995, 335, 6]
[995, 434, 15]
[995, 379, 11, 11]
[994, 326, 3]
[995, 390, 40, 13]
[995, 428, 89, 17]
[995, 518, 172, 32]
[995, 324, 5]
[995, 337, 3, 2]
[995, 494, 91, 9]
[995, 415, 36, 8]
[995, 402, 69, 8]
[995, 458, 10]
[995, 465, 124, 5]
[995, 398, 7]
[995, 362, 23, 14]
[995, 356, 7]
[995, 390, 34, 15]
[995, 290, 3, 2]
[995, 302, 4, 4]
[995, 420, 90, 18]
[995, 286, 4, 4]
[995, 334, 7]
[995, 482, 147, 4, 4]
[995, 493, 138, 7]
[995, 433, 10]
[995, 379, 4]
[995, 297, 3]
[995, 370, 4]
[995, 375, 9, 8]
[995, 341, 7, 7]
[995, 418, 19, 9, 9]
[995, 514, 158, 8, 8]
[995, 510, 149, 11]
[995, 382, 36, 16]
[995, 515, 79, 12]
[994, 454, 48, 10]
[995, 410, 50, 22, 20]
[995, 391, 52, 37]
[995, 295, 3, 2]
[995, 319, 5]
[995, 447, 91, 13]
[995, 488, 88, 7, 7]
[995, 357, 19, 14, 9]
[995, 455, 38, 33]
[995, 311, 8]
[995, 408, 31, 12]
[995, 409, 17, 9]
[995, 421, 22, 18]
[995, 452, 47, 18, 9]
[995, 368, 3]
[995, 454, 79, 5, 5]
[994, 350, 4, 4]
[995, 323, 5]
[995, 400, 19, 6]
[995, 428, 81, 8, 8]
[995, 348, 6]
[995, 517, 131, 7, 7]
[995, 337, 2]
[995, 360, 3]
[995, 269, 4, 2]
[995, 361, 11, 8]
[995, 590, 254, 30, 25]
[995, 326, 3]
[994, 486, 71, 21]
[995, 314, 4]
[995, 345, 3]
[995, 426, 14, 11]
[995, 349, 3]
[995, 437, 112, 11, 11]
[995, 466, 43, 13]
[995, 407, 23, 10]
[995, 444, 23, 8]
[995, 334, 15, 15]
[995, 351, 3]
[995, 280, 4, 3]
[995, 428, 12, 9]
[995, 416, 32, 13]
[995, 533, 140, 8, 8]
[995, 335, 3]
[995, 361, 9, 9]
[995, 335, 4, 3]
[995, 505, 157, 7, 7]
[995, 292, 4, 4]
[995, 392, 42, 7]
[995, 619, 268, 33, 27]
[995, 492, 137, 28, 23]
[995, 516, 126, 13, 13]
[995, 278, 2]
[995, 429, 63, 10]
[995, 359, 19, 15]
[995, 400, 7, 7]
[995, 375, 15, 10]
[995, 307, 3]
[995, 326, 6, 6]
[994, 326, 5]
[995, 410, 8]
[995, 380, 10, 9]
[995, 439, 16, 11]
[995, 407, 33, 19]
[995, 386, 6]
[995, 338, 6]
[995, 461, 77, 11]
[995, 381, 9]
[995, 253, 3, 2]
[995, 381, 7]
[995, 568, 268, 42, 7]
[995, 380, 54, 21]
[995, 347, 2]
[995, 507, 153, 23, 20]
[995, 359, 33, 20]
[995, 338, 5]
[995, 394, 13, 8]
[995, 367, 7]
[995, 348, 10, 7]
[995, 402, 6]
[995, 286, 3, 2]
[995, 345, 15, 9]
[995, 441, 57, 9]
[995, 328, 9, 9]
[995, 486, 94, 26, 21]
[995, 480, 14, 13]
[995, 331, 3]
[995, 416, 57, 25]
[995, 397, 12]
[995, 426, 18, 16]
[995, 370, 7]
[995, 379, 5]
[995, 509, 55, 7]
[995, 511, 156, 13, 13]
[995, 434, 23, 21]
[995, 354, 3]
[995, 316, 2]
[995, 303, 4, 2]
[995, 329, 7, 7]
[995, 617, 254, 41, 36]
[995, 337, 12]
[995, 283, 5, 5]
[995, 493, 169, 9, 9]
[995, 455, 43, 25]
[995, 341, 8]
[995, 308, 4, 3]
[995, 390, 9]
[995, 377, 13, 6]
[995, 376, 6]
[995, 341, 3]
[995, 483, 60, 13]
[995, 466, 104, 8]
[995, 342, 3]
[995, 474, 86, 32, 13]
[995, 406, 12, 10]
[995, 398, 19, 19]
[995, 443, 25, 21]
[995, 305, 3, 3]
[995, 306, 5]
[995, 577, 239, 10, 9]
[995, 331, 4, 4]
[995, 313, 3, 2]
[995, 420, 89, 19]
[995, 393, 41, 10]
[995, 529, 137, 11]
[995, 333, 3]
[995, 529, 109, 26, 21]
[995, 401, 28, 14]
[995, 415, 19, 6]
[995, 374, 11, 8]
[995, 368, 5]
[995, 320, 4, 4]
[995, 444, 78, 15]
[995, 339, 10]
[995, 383, 19, 7]
[995, 436, 31, 14]
[995, 327, 3]
[995, 419, 26, 11]
[995, 428, 26, 16]
[995, 408, 29, 10]
[995, 346, 26, 20]
[995, 304, 5]
[995, 467, 112, 36, 36]
[995, 592, 253, 8]
[995, 444, 108, 8, 8]
[995, 369, 16]
[995, 545, 166, 8, 8]
[995, 385, 26, 14]
[995, 404, 58, 11]
[995, 445, 116, 8, 8]
[995, 386, 9]
[995, 517, 136, 6]
[995, 308, 5]
[995, 328, 6]
[995, 531, 226, 31, 29, 10]
[995, 356, 13, 7]
[995, 471, 47, 12]
[995, 468, 71, 24]
[995, 595, 309, 71, 49]
[995, 370, 14]
[995, 393, 11, 9]
[995, 359, 4]
[995, 462, 17, 10]
[995, 340, 5]
[995, 428, 50, 14]
[995, 342, 5]
[995, 442, 71, 20]
[995, 323, 5]
[995, 384, 24, 7]
[995, 361, 2]
[995, 382, 7]
[995, 537, 109, 17, 17]
[995, 398, 5]
[995, 336, 6, 6]
[995, 398, 14, 11]
[995, 442, 36, 9]
[995, 323, 14]
[995, 262, 3, 3]
[995, 331, 4, 3]
[995, 374, 14, 8]
[995, 473, 44, 14]
[995, 368, 8, 8]
[995, 459, 68, 22]
[995, 321, 4, 4]
[995, 479, 12, 10]
[995, 396, 46, 39]
[995, 374, 19, 16]
[995, 373, 8]
[995, 375, 4]
[995, 374, 4]
[995, 355, 4]
[995, 554, 193, 19, 19]
[995, 392, 50, 18]
[995, 364, 4, 4]
[995, 362, 5]
[995, 368, 8, 6]
[995, 310, 4, 4]
[995, 311, 10]
[995, 342, 9]
[995, 393, 7, 7]
[995, 442, 38, 14]
[995, 466, 86, 4]
[995, 328, 3]
[995, 267, 4]
[995, 302, 2]
[995, 332, 5]
[995, 360, 17, 10]
[995, 394, 10]
[995, 572, 198, 7, 6]
[995, 331, 5]
[995, 457, 48, 16]
[995, 465, 79, 12, 12]
[995, 336, 4]
[995, 446, 17, 15]
[995, 278, 4, 4]
[995, 324, 4, 4]
[995, 399, 10, 9]
[994, 264, 3, 2]
[995, 328, 2]
[995, 363, 5]
[995, 413, 11, 7]
[995, 562, 268, 19, 14]
[995, 358, 5]
[995, 314, 4]
[995, 376, 6, 4]
[995, 373, 7]
[995, 343, 3]
[995, 355, 6]
[995, 546, 152, 19]
[995, 286, 7]
[995, 320, 3, 3]
[995, 389, 4]
[995, 366, 6, 6]
[995, 380, 25, 11]
[995, 373, 9]
[995, 379, 12, 11]
[995, 336, 4]
[995, 465, 81, 27]
[995, 387, 7]
[995, 386, 8]
[995, 364, 10]
[995, 406, 6]
[995, 410, 3]
[995, 473, 92, 39]
[995, 261, 3, 2]
[995, 325, 2]
[995, 317, 4, 3]
[995, 358, 4, 4]
[995, 306, 3]
[995, 330, 6, 5]
[995, 531, 196, 10, 10]
[995, 446, 99, 16]
[995, 420, 43, 21]
[995, 478, 121, 11, 11]
[995, 312, 7, 7]
[995, 369, 10]
[995, 316, 4, 4]
[995, 433, 42, 15]
[995, 446, 63, 23, 20]
[995, 358, 3]
[995, 310, 3]
[995, 302, 5]
[995, 410, 4, 4]
[995, 402, 22, 20]
[995, 348, 5]
[995, 349, 3]
[995, 578, 201, 9, 9]
[995, 356, 7]
[995, 332, 7, 5]
[995, 272, 4, 4]
[995, 354, 7]
[995, 349, 11, 11]
[995, 345, 5]
[995, 353, 7]
[995, 403, 6]
[995, 320, 3, 3]
[995, 361, 5, 5]
[995, 331, 3]
[995, 392, 5]
[995, 299, 3, 2]
[995, 413, 37, 23]
[995, 387, 6]
[995, 436, 39, 7]
[995, 295, 4, 2]
