[995, 538, 129, 9, 9]
[995, 343, 8]
[995, 571, 242, 22, 15]
[995, 380, 6, 6]
[995, 553, 244, 24]
[995, 557, 209, 32, 15]
[995, 352, 8]
[995, 454, 92, 14]
[995, 549, 238, 79, 67]
[995, 443, 7]
[995, 515, 128, 39, 21]
[995, 626, 298, 137, 96, 87]
[995, 566, 328, 127, 75, 62]
[995, 561, 279, 127, 115, 114]
[995, 437, 123, 20]
[995, 356, 11]
[995, 658, 347, 103, 53, 45]
[995, 784, 579, 438, 323, 272, 263, 262]
[995, 540, 236, 46, 32]
[995, 417, 7]
[995, 501, 157, 47, 42]
[995, 446, 43, 9]
[995, 528, 223, 13, 13]
[995, 608, 340, 135, 89, 77]
[995, 477, 131, 18]
[995, 549, 252, 48, 41, 27]
[995, 577, 243, 91, 72, 61, 59]
[995, 544, 258, 57, 41]
[995, 538, 244, 34, 29]
[995, 532, 215, 17]
[995, 597, 299, 128, 97, 92, 90]
[995, 503, 175, 10, 10]
[995, 503, 139, 54, 50]
[995, 393, 11]
[994, 523, 200, 59, 52, 41, 34]
[995, 489, 126, 30, 30]
[995, 587, 296, 106, 74, 61, 15]
[995, 542, 266, 84, 66]
[995, 431, 54, 35, 34]
[995, 526, 187, 29, 29]
[995, 426, 16, 9]
[995, 355, 7]
[995, 520, 223, 59, 43]
[995, 419, 48, 26]
[995, 505, 30, 20]
[995, 462, 158, 37, 37]
[995, 411, 6]
[995, 693, 439, 226, 17]
[995, 496, 175, 9, 9]
[995, 607, 297, 96, 65, 63]
[995, 514, 199, 69, 62]
[995, 508, 188, 26, 24]
[995, 394, 13, 11]
[995, 402, 7, 7]
[995, 575, 235, 66, 17]
[995, 471, 137, 8, 8]
[995, 782, 589, 464, 373, 362]
[995, 537, 193, 12, 12]
[995, 560, 248, 59, 51, 27, 26]
[995, 424, 25, 10]
[995, 423, 15, 7]
[995, 715, 476, 263, 136, 115, 111]
[995, 438, 18]
[995, 545, 187, 45, 41, 23]
[995, 483, 99, 12]
[995, 448, 75, 19]
[995, 460, 89, 8]
[995, 555, 257, 73, 36]
[995, 388, 5]
[995, 461, 115, 7, 7]
[995, 349, 7, 7]
[995, 425, 75, 26]
[995, 502, 139, 60, 60]
[995, 394, 13, 13]
[995, 471, 127, 8, 8]
[995, 552, 239, 10]
[995, 677, 392, 210, 134, 127]
[995, 537, 158, 16, 16]
[995, 471, 95, 14]
[995, 437, 17]
[995, 629, 315, 106, 75, 73]
[995, 410, 15, 9]
[995, 597, 311, 105, 100]
[995, 434, 113, 36]
[995, 516, 156, 41, 40, 35]
[995, 490, 82, 6]
[995, 594, 309, 102, 68]
[995, 657, 355, 119, 84, 80, 78]
[995, 391, 29, 20]
[995, 475, 52, 9]
[995, 397, 61, 33]
[995, 594, 268, 91, 78, 77]
[995, 459, 134, 21, 21]
[995, 552, 249, 13, 7]
[995, 687, 398, 214, 142, 119]
[995, 383, 76, 23, 19]
[995, 420, 92, 29, 10]
[995, 347, 5, 5]
[995, 598, 326, 105, 21]
[995, 479, 84, 12, 12]
[995, 589, 328, 93, 35]
[995, 491, 183, 10]
[995, 487, 162, 21, 21]
[995, 419, 44, 10]
[995, 538, 246, 94, 61]
[995, 610, 268, 19, 16]
[995, 539, 189, 69, 58, 56, 55]
[995, 704, 450, 218, 89, 60, 58, 36, 33]
[995, 362, 26, 12]
[995, 550, 272, 149, 107, 99, 98]
[995, 539, 207, 6]
[995, 529, 148, 11, 11]
[995, 516, 211, 7, 7]
[995, 385, 8, 8]
[995, 406, 52, 16]
[995, 489, 116, 44, 42]
[995, 427, 40, 35, 25]
[995, 579, 272, 50, 47, 45, 30]
[995, 528, 192, 26]
[995, 633, 363, 152, 92, 81]
[995, 502, 110, 24]
[995, 759, 541, 387, 274, 204, 192, 190]
[995, 395, 34, 8]
[995, 621, 329, 132, 82, 75, 70]
[995, 535, 226, 28, 18]
[995, 364, 26, 16]
[995, 408, 11]
[995, 631, 408, 175, 89, 84]
[995, 707, 475, 303, 202, 164, 158]
[995, 398, 12, 9]
[995, 364, 49, 29, 26]
[995, 579, 248, 80, 61, 53]
[995, 533, 182, 21, 21]
[995, 553, 205, 41, 17]
[995, 463, 113, 8, 8]
[995, 547, 146, 22, 22]
[995, 471, 138, 24, 21]
[995, 452, 109, 7]
[995, 507, 182, 9]
[995, 468, 123, 34, 28]
[995, 421, 82, 4]
[995, 624, 259, 43, 18]
[995, 523, 152, 15, 15]
[995, 433, 96, 12]
[995, 563, 292, 90, 60, 36]
[995, 401, 9]
[995, 384, 15, 13]
[995, 467, 91, 8]
[995, 491, 83, 10]
[995, 577, 230, 79, 33, 33]
[995, 669, 377, 169, 119, 117, 116]
[995, 613, 309, 142, 112, 111]
[995, 538, 173, 6, 6]
[995, 350, 5]
[995, 491, 152, 18, 18]
[995, 531, 210, 54, 16]
[995, 396, 3]
[995, 493, 130, 14, 14]
[995, 460, 88, 6]
[995, 581, 266, 37, 18]
[995, 547, 180, 8, 6]
[995, 512, 176, 6, 6]
[995, 538, 197, 54, 40, 39]
[995, 649, 392, 190, 45, 14]
[995, 518, 99, 7]
[995, 502, 149, 67, 64]
[995, 398, 39, 14]
[995, 342, 5, 5]
[995, 368, 11]
[995, 405, 32, 18]
[995, 555, 239, 27]
[995, 440, 99, 20]
[995, 384, 19, 17]
[995, 435, 16, 9]
[995, 474, 131, 9, 9]
[995, 547, 243, 56, 53, 33]
[995, 500, 97, 7, 7]
[995, 335, 13, 11]
[995, 442, 90, 13]
[995, 516, 211, 28, 26]
[995, 677, 440, 247, 119, 97, 96]
[995, 603, 286, 69, 46, 44]
[995, 618, 322, 115, 79, 78, 76]
[995, 410, 26, 17]
[995, 564, 181, 46, 41]
[995, 425, 55, 27, 27]
[995, 682, 385, 201, 123, 95, 79]
[995, 509, 176, 4, 4]
[995, 436, 115, 22]
[995, 450, 35, 22]
[995, 386, 76, 17]
[995, 615, 354, 120, 73, 68, 66]
[995, 548, 204, 82, 61, 60]
[995, 471, 76, 8]
[995, 470, 13, 9]
[995, 575, 304, 54, 14]
[995, 472, 83, 13]
[995, 430, 12]
[995, 454, 84, 31]
[995, 570, 233, 12, 10]
[995, 396, 19, 19]
[995, 440, 85, 20]
[995, 567, 282, 97, 70]
[995, 507, 171, 21, 14]
[995, 408, 50, 7]
[995, 542, 212, 7]
[995, 408, 27, 24, 15]
[995, 528, 189, 73, 63]
[995, 408, 50, 19]
[995, 450, 134, 11, 11]
[995, 495, 133, 14, 14]
[995, 502, 181, 39, 38]
[995, 387, 3]
[995, 671, 413, 221, 93, 75]
[995, 644, 407, 212, 133, 122]
[995, 427, 14, 7]
[995, 460, 104, 55, 35]
[995, 666, 426, 253, 133, 111, 109]
[994, 408, 21, 18]
[995, 458, 116, 8, 8]
[995, 562, 240, 109, 98, 96]
[995, 492, 119, 29]
[995, 437, 49, 20]
[995, 535, 159, 6, 6]
[995, 501, 184, 19]
[995, 575, 298, 74, 41]
[995, 528, 214, 81, 54]
[995, 542, 240, 60, 33]
[994, 457, 61, 35, 34]
[995, 532, 218, 37, 18]
[995, 501, 166, 55, 45]
[995, 615, 333, 147, 78, 74]
[995, 610, 295, 82, 44, 43, 39]
[995, 340, 15, 15]
[995, 530, 215, 55, 39, 20]
[995, 394, 11]
[995, 709, 482, 293, 175, 134, 111, 94, 90]
[995, 548, 242, 60, 50]
[995, 448, 106, 19]
[995, 423, 38, 14]
[995, 517, 149, 21]
[995, 455, 118, 6, 6]
[995, 577, 268, 82, 72, 70, 69, 59]
[995, 515, 149, 9, 9]
[995, 773, 555, 390, 260, 190, 162, 154, 152]
[995, 372, 14, 10]
[995, 542, 249, 98, 74]
[995, 607, 261, 100, 71, 54, 53]
[995, 491, 154, 27, 27]
[995, 696, 472, 268, 119, 58, 53]
[995, 463, 132, 56, 56]
[995, 560, 263, 45, 35]
[995, 396, 6, 5]
[995, 565, 254, 87, 54, 48, 47]
[995, 419, 80, 11]
[995, 477, 84, 28]
[995, 389, 5]
[995, 512, 131, 11, 11]
[995, 540, 163, 38, 25]
[995, 521, 187, 50, 50]
[995, 513, 163, 21, 21]
[995, 643, 360, 165, 112, 99, 95]
[995, 540, 236, 96, 63, 60, 32]
[995, 531, 165, 19, 10]
[995, 387, 10]
[994, 594, 319, 105, 71, 60, 59]
[995, 461, 95, 13]
[995, 630, 344, 164, 109, 108]
[995, 639, 306, 106, 79, 73]
[995, 369, 4]
[995, 480, 116, 11]
[995, 329, 4, 3]
[995, 369, 10]
[995, 403, 24, 21]
[995, 464, 69, 18, 18]
[995, 591, 297, 33, 18]
[995, 416, 18, 10]
[995, 336, 4]
[995, 453, 86, 17]
[995, 638, 352, 137, 72, 64, 63]
[995, 495, 171, 16]
[995, 498, 143, 17, 17]
[995, 494, 227, 8]
[995, 345, 41, 20]
[995, 496, 144, 5, 4]
[995, 379, 14, 11]
[995, 526, 141, 33, 24]
[995, 562, 243, 38, 36]
[995, 461, 98, 21]
[995, 622, 342, 165, 84, 65, 54, 53, 52, 48, 23]
[995, 448, 106, 46, 44]
[995, 408, 8, 5]
[995, 501, 90, 31]
[995, 479, 143, 12, 12]
[995, 583, 308, 84, 27]
[995, 693, 438, 245, 170, 141]
[995, 560, 175, 10, 10]
[995, 728, 485, 272, 158, 139, 135]
[995, 475, 86, 28, 21]
[995, 586, 303, 70, 45]
[995, 596, 257, 89, 48]
[995, 534, 174, 30, 28, 18]
[995, 426, 63, 12]
[995, 356, 5]
[995, 441, 82, 27, 21]
[995, 595, 189, 19, 18]
[995, 611, 325, 112, 24]
[995, 536, 240, 43, 34]
[995, 505, 158, 15, 15]
[995, 400, 47, 23]
[995, 451, 100, 6, 6]
[995, 367, 26]
[995, 493, 161, 11, 11]
[995, 478, 166, 8, 8]
[995, 571, 248, 90, 79, 78]
[995, 548, 172, 30, 30]
[995, 511, 151, 25, 23]
[995, 380, 43, 26, 22]
[995, 532, 205, 9]
[995, 424, 86, 49]
[995, 718, 461, 280, 160, 127, 125]
[995, 693, 450, 237, 83, 60, 57, 52, 24, 23]
[995, 497, 145, 76, 73]
[994, 477, 79, 13]
[995, 483, 143, 29, 23]
[995, 486, 192, 8]
[995, 450, 16, 13]
[995, 734, 496, 314, 145, 100, 97]
[995, 363, 14, 14]
[995, 441, 82, 20]
[995, 657, 395, 196, 100, 80, 78]
[995, 534, 155, 12, 12]
[995, 659, 419, 231, 114, 96, 90]
[995, 371, 3]
[995, 412, 65, 35, 14]
[995, 355, 4, 4]
[995, 469, 85, 14]
[995, 563, 228, 57, 32]
[995, 705, 442, 278, 193, 171, 167, 165]
[995, 376, 15, 10]
[995, 601, 296, 64, 31]
[995, 512, 164, 46, 46]
[995, 504, 163, 30, 30]
[995, 476, 144, 11, 11]
[995, 495, 169, 10, 10]
[995, 594, 294, 48, 30]
[995, 391, 23, 10]
[995, 455, 44, 23]
[995, 361, 18, 9]
[995, 533, 220, 69, 53, 52]
[995, 501, 117, 9, 9]
[995, 444, 73, 23]
[995, 478, 128, 41, 31]
[995, 511, 143, 39, 39]
[995, 500, 170, 38, 23]
[995, 507, 154, 24, 24]
[995, 485, 158, 49, 46]
[995, 479, 92, 26, 23]
[995, 768, 556, 400, 291, 246, 243]
[995, 499, 150, 51, 49]
[995, 535, 194, 87, 76, 74]
[995, 472, 145, 10, 10]
[995, 537, 278, 125, 76, 73, 46]
[995, 690, 385, 125, 20]
[995, 598, 333, 133, 87, 84]
[995, 587, 197, 25, 16]
[995, 442, 86, 9]
[995, 467, 66, 17]
[995, 446, 56, 17]
[995, 568, 252, 69, 51, 29]
[995, 762, 527, 342, 245, 192, 171]
[995, 584, 283, 104, 39, 38]
[995, 362, 9, 7]
[995, 449, 110, 13, 13]
[995, 545, 231, 71, 33, 29]
[995, 414, 10, 7]
[995, 549, 227, 108, 88]
[995, 597, 259, 50, 13]
[995, 522, 191, 77, 66, 63]
[995, 569, 254, 106, 59]
[995, 573, 252, 40, 39]
[995, 694, 443, 281, 178, 130, 121]
[994, 655, 408, 144, 84, 83]
[995, 380, 11, 10]
[995, 653, 382, 165, 67, 64, 52]
[995, 548, 284, 94, 69, 68]
[995, 372, 16]
[995, 413, 20, 12]
[995, 628, 304, 144, 95, 92]
[995, 440, 89, 34]
[995, 571, 227, 35, 34]
[995, 426, 46, 10]
[995, 561, 218, 13, 13]
[995, 610, 302, 39, 26, 15]
[995, 527, 182, 39, 19]
[995, 612, 325, 140, 87, 65, 23]
[995, 491, 76, 11]
[995, 435, 56, 13]
[995, 587, 276, 118, 103, 102]
[995, 461, 83, 11]
[995, 530, 196, 5, 5]
[995, 445, 92, 54, 13]
[995, 592, 277, 97, 68, 66]
[995, 364, 15, 15]
[995, 571, 240, 33, 12]
[995, 357, 6]
[995, 552, 221, 78, 61]
[995, 493, 150, 39, 37]
[995, 497, 113, 6]
[995, 500, 169, 25, 25]
[995, 564, 262, 20, 20]
[995, 413, 61, 10]
[995, 584, 220, 26, 18]
[995, 738, 525, 332, 212, 149, 141, 139]
[995, 380, 22, 22]
[995, 581, 254, 25, 25]
[995, 571, 260, 76, 55]
[995, 455, 61, 7]
[995, 544, 231, 53, 32]
[995, 587, 262, 81, 50]
[995, 570, 269, 54, 45, 27, 22]
[995, 661, 365, 151, 98, 96, 95]
[995, 470, 149, 18, 11]
[995, 533, 176, 57, 55]
[995, 379, 41, 11]
[995, 450, 152, 19]
[995, 386, 45, 10, 8]
[995, 639, 314, 60, 36, 27]
[995, 561, 229, 41, 20]
[995, 509, 188, 39, 37]
[995, 435, 41, 26]
[995, 677, 381, 156, 102, 84, 83]
[995, 451, 116, 15]
[995, 520, 177, 21]
[995, 342, 8, 8]
[995, 447, 88, 30]
[995, 418, 29, 15]
[995, 449, 20, 9]
[995, 467, 127, 19]
[995, 505, 192, 26, 22, 22]
[995, 477, 65, 29, 26]
[995, 530, 198, 7, 7]
[995, 391, 11]
[995, 569, 299, 125, 95, 89]
[995, 601, 266, 21, 21]
[995, 663, 430, 253, 141, 118, 117]
[994, 373, 25, 7]
[995, 408, 20, 12]
[995, 417, 32, 14]
[995, 554, 203, 21, 16]
[995, 414, 56, 35, 29]
[995, 473, 149, 18, 18]
[995, 500, 138, 6, 6]
[995, 543, 204, 8, 8]
[995, 421, 20, 17]
[995, 581, 281, 41, 25]
[995, 455, 124, 24, 22]
[995, 425, 103, 12]
[995, 582, 262, 95, 41]
[995, 629, 329, 122, 77, 73]
[995, 596, 323, 132, 85, 66]
[995, 633, 396, 195, 137, 122]
[995, 555, 253, 94, 72, 67]
[995, 544, 215, 43, 43]
[995, 462, 105, 10]
[995, 483, 73, 12]
[995, 580, 271, 77, 55, 43]
[995, 355, 8]
[995, 455, 82, 10, 6]
[995, 344, 3]
[995, 468, 25, 14]
[995, 366, 7]
[995, 410, 8, 5]
[995, 424, 107, 9]
[995, 590, 279, 20]
[995, 360, 9]
[995, 466, 82, 17]
[995, 654, 376, 161, 103, 98]
[995, 455, 132, 42, 27]
[995, 664, 416, 161, 94, 79, 70]
[995, 508, 197, 41, 22]
[995, 426, 77, 42]
[995, 581, 274, 65, 40]
[995, 561, 253, 32, 29]
[995, 631, 374, 138, 74, 66, 30]
[995, 599, 275, 99, 70]
[995, 452, 78, 9]
[995, 428, 62, 19]
[995, 507, 180, 41, 36]
[995, 541, 181, 27, 21]
[995, 383, 20, 19, 10]
[995, 598, 258, 117, 111]
[995, 533, 196, 37, 19]
[995, 504, 112, 8, 8]
[995, 556, 244, 11]
[995, 457, 91, 12]
[995, 418, 64, 36, 31]
[995, 499, 133, 40, 40]
[995, 490, 80, 28]
[995, 469, 154, 56, 25]
[995, 605, 308, 131, 94, 33]
[995, 494, 170, 11, 11]
[995, 314, 3]
[995, 483, 151, 19, 19]
[995, 440, 77, 23]
[995, 388, 43, 16]
[995, 571, 218, 63, 49, 47, 30]
[995, 387, 11]
[995, 549, 228, 5, 4]
[995, 586, 231, 89, 74, 70]
[995, 401, 40, 15]
[995, 500, 211, 28, 16]
[995, 547, 202, 50, 48]
[995, 685, 450, 239, 142, 129]
[995, 609, 319, 151, 75, 63, 45, 43, 30]
[995, 484, 198, 23, 14]
[995, 494, 206, 17]
[995, 519, 238, 90, 76, 75]
[995, 501, 133, 52, 50, 31]
[995, 505, 155, 60, 58]
[995, 514, 169, 54, 50, 32]
[995, 590, 269, 80, 44, 42]
[995, 416, 13, 9]
[995, 422, 16, 8]
[995, 497, 113, 35]
[995, 616, 282, 90, 54]
[995, 403, 14, 11]
[995, 498, 222, 20]
[995, 425, 30, 18]
[995, 450, 99, 7]
[995, 367, 3, 3]
[995, 416, 129, 34, 29, 23]
[995, 579, 314, 110, 57, 55]
[995, 514, 121, 13, 13]
[995, 390, 28, 9]
[995, 526, 167, 39, 21]
[995, 404, 8]
[995, 494, 176, 23, 9]
[995, 454, 53, 11]
[995, 386, 40, 12]
[995, 566, 301, 8]
[995, 682, 427, 242, 126, 115, 114]
[995, 438, 121, 41]
[995, 602, 334, 127, 91, 88]
[995, 704, 453, 260, 172, 150, 145, 143]
[995, 478, 124, 20, 20]
[995, 529, 194, 29, 17]
[995, 533, 172, 16, 14]
[995, 455, 99, 16]
[995, 406, 61, 13]
[995, 334, 4, 4]
[995, 651, 368, 166, 84, 66, 62]
[995, 696, 437, 221, 107, 54]
[995, 481, 135, 45, 44]
[995, 362, 5, 5]
[995, 581, 227, 72, 67, 65]
[995, 500, 153, 7]
[995, 615, 266, 120, 88]
[995, 568, 301, 97, 32, 25]
[995, 561, 310, 93, 72, 69, 67]
[995, 600, 324, 52, 41]
[995, 511, 206, 12]
[995, 517, 171, 14]
[995, 410, 33, 12]
[995, 513, 181, 53, 52, 41]
[995, 417, 63, 31]
[995, 340, 6, 6]
[994, 678, 387, 200, 130, 102]
[995, 474, 151, 26, 25, 12]
[995, 455, 69, 42]
[995, 492, 149, 12, 12]
[995, 504, 102, 46, 44]
[995, 388, 6]
[995, 477, 116, 17, 17]
[995, 443, 78, 45, 40]
[995, 556, 168, 37, 34]
[995, 569, 295, 30, 28]
[995, 475, 83, 8]
[995, 485, 134, 22, 19]
[995, 441, 99, 18]
[995, 580, 265, 69, 50, 39]
[995, 534, 289, 97, 64, 61]
[995, 366, 11, 8]
[995, 501, 155, 27, 18]
[995, 684, 398, 205, 100, 92]
[995, 660, 410, 182, 105, 77, 76]
[995, 615, 300, 130, 88, 75]
[995, 557, 255, 42, 10]
[995, 541, 179, 49, 36]
[995, 775, 555, 390, 282, 198, 153, 139, 135]
[995, 509, 142, 17, 17]
[995, 657, 420, 265, 192, 177]
[995, 451, 40, 11]
[995, 500, 132, 12, 12]
[995, 544, 245, 82, 52]
[995, 526, 170, 18, 18]
[995, 604, 339, 121, 59, 57]
[995, 553, 217, 95, 83]
[995, 671, 437, 266, 167, 138, 136]
[995, 502, 129, 6, 6]
[995, 487, 184, 18]
[995, 469, 139, 16, 14]
[995, 578, 314, 90, 52]
[995, 464, 153, 9, 9]
[995, 558, 270, 51, 39]
[995, 427, 73, 28]
[995, 529, 269, 99, 88]
[995, 553, 250, 103, 88, 87]
[995, 443, 82, 18]
[995, 628, 338, 128, 75, 55]
[995, 540, 189, 29, 28]
[995, 528, 180, 19, 19]
[995, 423, 71, 14]
[995, 582, 344, 147, 57, 57]
[995, 389, 40, 15]
[995, 646, 339, 109, 53, 52]
[995, 632, 328, 110, 83, 71]
[995, 344, 10]
[995, 546, 183, 10, 10]
[995, 511, 99, 30, 27]
[995, 446, 99, 13]
[995, 495, 146, 35, 34]
[995, 386, 52, 18, 18]
[995, 491, 115, 27]
[995, 530, 272, 93, 67, 39]
[995, 438, 73, 11]
[995, 421, 49, 14]
[995, 460, 61, 23]
[995, 611, 314, 70, 42]
[995, 617, 324, 176, 99, 88]
[995, 548, 239, 67, 60]
[995, 390, 16, 14]
[995, 465, 104, 18]
[995, 544, 219, 51, 47]
[995, 616, 320, 133, 89, 84]
[995, 540, 169, 9, 9]
[995, 604, 287, 61, 33]
[995, 502, 187, 73, 52]
[995, 442, 10, 10]
[995, 423, 69, 13]
[994, 436, 77, 30, 29]
[995, 530, 220, 71, 48]
[995, 418, 39, 19]
[995, 566, 168, 12, 12]
[995, 555, 231, 73, 57, 56]
[995, 543, 197, 59, 27]
[995, 494, 141, 9, 9]
[995, 358, 14, 11]
[995, 457, 100, 7]
[995, 581, 250, 90, 68, 53]
[995, 464, 80, 7]
[995, 547, 246, 84, 60]
[995, 716, 485, 299, 206, 174]
[995, 413, 11, 9]
[995, 394, 21, 20]
[995, 410, 13, 7]
[995, 451, 75, 17]
[995, 545, 216, 69, 36]
[995, 537, 271, 84, 56]
[995, 394, 25, 13]
[995, 560, 242, 21, 21]
[995, 542, 215, 55, 44, 34]
[995, 376, 26, 10]
[995, 454, 108, 18, 18]
[995, 442, 74, 23]
[995, 638, 368, 157, 88, 51, 31]
[995, 640, 363, 147, 19]
[995, 401, 46, 25, 23]
[995, 655, 383, 191, 133, 115, 111]
[995, 447, 98, 9]
[995, 518, 194, 27, 23]
[995, 498, 96, 14]
[995, 635, 372, 162, 86, 83]
[995, 557, 218, 43, 39]
[995, 454, 49, 13, 11]
[995, 412, 54, 15]
[995, 499, 150, 47, 40]
[995, 567, 281, 100, 81, 80, 79]
[995, 573, 242, 35, 20]
[995, 523, 181, 11]
[995, 395, 4]
[995, 709, 452, 271, 160, 124, 110, 99]
[995, 396, 6]
[995, 409, 15, 10]
[995, 453, 113, 24, 23, 18]
[995, 436, 47, 11]
[995, 417, 9]
[995, 637, 367, 163, 76, 56]
[995, 393, 10]
[995, 440, 25, 11]
[995, 344, 25, 14]
[995, 547, 217, 74, 20, 16]
[995, 544, 214, 72, 67]
[995, 415, 7, 7]
[995, 473, 169, 20]
[995, 360, 18, 15]
[995, 595, 299, 109, 29]
[995, 680, 375, 162, 96, 79]
[995, 639, 328, 141, 69, 68]
[995, 706, 403, 238, 144, 137]
[995, 527, 132, 36, 36]
[995, 615, 277, 92, 64, 62]
[995, 417, 25, 11]
[995, 479, 166, 16, 16]
[995, 511, 221, 70, 54]
[995, 500, 157, 20, 13]
[995, 409, 32, 23, 21]
[995, 456, 85, 8]
[995, 450, 100, 16, 12]
[995, 453, 121, 28, 27, 20]
[995, 413, 45, 25]
[995, 446, 99, 6, 6]
[995, 482, 126, 43, 42]
[995, 411, 27, 22]
[995, 593, 292, 82, 61, 30]
[995, 412, 32, 15]
[995, 482, 111, 12]
[995, 412, 39, 25]
[995, 468, 89, 14]
[995, 500, 138, 15, 15]
[995, 588, 319, 145, 98, 96]
[995, 388, 9]
[995, 418, 28, 10]
[995, 344, 2]
[995, 478, 112, 8]
[995, 395, 31, 16]
[995, 522, 155, 10, 10]
[995, 564, 214, 66, 52, 50]
[995, 630, 321, 110, 85, 72]
[995, 501, 197, 57, 45]
[995, 423, 66, 14]
[995, 460, 41, 19]
[995, 785, 538, 389, 261, 196, 187]
[995, 447, 129, 41, 27]
[995, 542, 276, 100, 85, 82]
[995, 495, 156, 29, 26]
[995, 438, 123, 42, 22]
[995, 442, 155, 15, 15]
[995, 473, 60, 19]
[995, 581, 274, 105, 83, 82]
[995, 606, 359, 204, 132, 127, 126]
[995, 491, 151, 64, 62]
[995, 447, 51, 13]
[995, 344, 17, 17]
[995, 383, 34, 17]
[995, 574, 196, 83, 24, 24]
[995, 573, 234, 60, 48]
[995, 590, 272, 82, 61, 56, 53, 43]
[995, 384, 52, 33, 18]
[995, 338, 3]
[995, 546, 182, 19, 19]
[995, 600, 340, 156, 95, 93]
[995, 433, 54, 17]
[995, 441, 86, 29, 24]
[995, 490, 188, 17, 17]
[995, 543, 237, 6, 6]
[995, 585, 273, 81, 75, 74, 71]
[995, 461, 156, 57, 55]
[995, 334, 3]
[995, 410, 8]
[994, 353, 19, 15]
[995, 536, 258, 87, 38]
[995, 462, 96, 25, 25]
[995, 499, 140, 21, 21]
[995, 509, 156, 38, 38]
[995, 459, 36, 16]
[995, 639, 363, 120, 75, 63]
[995, 368, 13]
[995, 368, 7]
[995, 616, 319, 94, 25, 24]
[995, 465, 126, 6, 6]
[995, 549, 251, 15]
[995, 559, 272, 30, 25, 14]
[995, 600, 337, 79, 55]
[995, 470, 53, 21, 11]
[995, 513, 112, 5, 5]
[995, 465, 71, 27]
[994, 414, 112, 12, 12]
[995, 630, 354, 155, 108, 106, 105]
[995, 587, 300, 33, 26, 26]
[995, 537, 193, 19, 17]
[995, 411, 36, 9]
[995, 606, 211, 42, 36]
[995, 491, 148, 9, 9]
[995, 548, 252, 26, 17]
[995, 478, 142, 9, 9]
[995, 456, 34, 14]
[995, 595, 305, 88, 63]
[995, 626, 351, 168, 102, 97]
[995, 654, 387, 183, 105, 93]
[995, 459, 93, 20, 14]
[995, 512, 199, 63, 36]
[995, 389, 17, 17]
[995, 636, 401, 217, 101, 92]
[995, 431, 57, 26]
[995, 400, 24, 10]
[995, 618, 359, 184, 123, 120]
[995, 424, 54, 9]
[995, 565, 226, 87, 33]
[995, 663, 366, 106, 72]
[995, 487, 154, 55, 52, 50]
[994, 427, 47, 24]
[995, 635, 346, 156, 61, 55, 33]
[995, 345, 4, 4]
[995, 593, 261, 84, 74]
[995, 752, 528, 350, 183, 140, 129, 128]
[995, 629, 320, 65, 56, 49]
[995, 486, 74, 23]
[994, 678, 424, 239, 166, 138]
[995, 530, 209, 15, 15]
[995, 493, 88, 16]
[995, 631, 379, 191, 103, 88, 86]
[995, 479, 120, 19, 19]
[995, 603, 280, 125, 89, 88]
[995, 436, 133, 20]
[995, 609, 284, 124, 95]
[995, 549, 204, 42, 30]
[995, 589, 299, 84, 55, 31, 23]
[995, 580, 262, 46, 46]
[995, 638, 383, 162, 88, 65, 61]
[995, 539, 215, 50, 45]
[995, 503, 185, 57, 50, 34]
[995, 539, 214, 75, 63]
[995, 392, 11]
[995, 372, 3]
[995, 523, 171, 63, 47]
[995, 526, 168, 9, 9]
[995, 458, 143, 16, 16]
[995, 394, 45, 9]
[995, 570, 228, 84, 66, 53]
[995, 496, 43, 20]
[995, 578, 290, 126, 105, 101]
[995, 537, 252, 94, 78]
[995, 482, 153, 19]
[995, 631, 338, 128, 81, 77, 75]
[995, 339, 6]
[995, 540, 218, 13, 13]
[995, 590, 255, 85, 80, 68]
[995, 580, 171, 7]
[995, 594, 309, 88, 76, 74]
[995, 500, 152, 31, 23]
[995, 485, 170, 31, 27]
[995, 393, 37, 5]
[995, 456, 100, 8, 8]
[995, 592, 294, 99, 35, 29]
[995, 567, 241, 13, 10]
[995, 500, 186, 55, 48, 17]
[995, 518, 194, 8, 8]
[995, 399, 4]
[995, 585, 262, 66, 21, 21]
[995, 727, 491, 321, 199, 139, 120, 118]
[995, 400, 17]
[995, 490, 160, 15, 15]
[995, 553, 247, 32, 10]
[995, 407, 23, 17]
[995, 438, 86, 9]
[995, 455, 52, 32]
[995, 523, 224, 14, 14]
[995, 522, 183, 11]
[995, 464, 88, 13]
[995, 426, 56, 12]
[995, 384, 77, 18]
[995, 567, 180, 51, 39]
[995, 312, 6, 6]
[995, 400, 11, 6]
[995, 574, 245, 83, 48, 47, 45, 28]
[995, 564, 222, 95, 54, 49]
[995, 652, 367, 150, 62, 60]
[995, 424, 29, 16]
[995, 547, 222, 9]
[995, 384, 7]
[995, 376, 8]
[995, 460, 72, 43]
[995, 435, 103, 11]
[995, 424, 13]
[995, 739, 519, 364, 233, 181, 175, 169, 168]
[995, 388, 45, 10]
[995, 441, 62, 35]
[995, 476, 168, 40]
[995, 520, 184, 11]
[995, 613, 318, 97, 49, 45]
[995, 572, 204, 11, 11]
[995, 394, 22, 15]
[995, 397, 49, 24]
[995, 538, 239, 68, 65]
[995, 479, 151, 12]
[995, 600, 325, 116, 75, 73]
[995, 445, 81, 36]
[995, 635, 383, 129, 40, 39, 37, 28]
[995, 472, 41, 14, 10]
[995, 513, 145, 29, 29]
[995, 532, 205, 7, 7]
[995, 384, 28, 24]
[995, 450, 54, 21]
[995, 562, 183, 44, 39]
[995, 528, 126, 9, 9]
[995, 506, 180, 57, 26]
[995, 628, 334, 127, 94, 90]
[995, 610, 311, 129, 98]
[995, 478, 147, 37, 34, 24]
[995, 622, 337, 121, 38]
[995, 447, 84, 13]
[995, 521, 150, 10, 10]
[995, 532, 244, 97, 80, 79]
[995, 567, 253, 106, 60, 58]
[995, 406, 69, 13]
[995, 414, 82, 9]
[995, 554, 211, 20]
[994, 417, 10]
[995, 553, 227, 61, 51]
[995, 645, 310, 129, 58, 52]
[995, 439, 57, 10]
[995, 573, 238, 44, 38]
[995, 476, 104, 7, 7]
[995, 493, 194, 44, 22]
[995, 396, 34, 24]
[995, 483, 161, 44, 36, 34, 20]
[995, 521, 179, 80, 65]
[995, 510, 181, 52, 45, 43]
[995, 377, 4]
[995, 524, 176, 90, 84]
[995, 629, 329, 79, 12]
[995, 525, 160, 13, 13]
[995, 562, 247, 42, 10]
[994, 557, 229, 45, 13]
[995, 525, 218, 28, 19]
[995, 636, 320, 119, 91, 75, 57]
[995, 447, 76, 16]
[995, 586, 262, 65, 52]
[995, 509, 197, 16]
[995, 426, 43, 30]
[995, 555, 197, 13, 13]
[995, 421, 22, 9]
[995, 617, 246, 92, 59, 51, 50]
[995, 529, 136, 28, 28]
[995, 596, 237, 46, 20]
[995, 479, 107, 26]
[995, 468, 117, 30, 21]
[995, 443, 127, 28, 26]
[995, 479, 156, 6, 6]
[995, 432, 40, 11]
[995, 492, 144, 6, 6]
[995, 449, 13, 8]
[995, 487, 77, 26, 25]
[995, 720, 484, 306, 191, 150, 138]
[995, 526, 155, 28, 28]
[995, 507, 112, 18]
[995, 629, 344, 161, 61, 57]
[995, 555, 181, 57, 55]
[995, 515, 188, 19, 19]
[995, 403, 32, 8]
[995, 423, 60, 12]
[995, 648, 379, 160, 99, 82]
[995, 466, 123, 8, 8]
[995, 388, 50, 14]
[995, 569, 230, 93, 74, 73]
[995, 379, 6]
[994, 690, 483, 293, 198, 156, 155]
[995, 440, 24, 14]
[995, 518, 223, 88, 62]
[995, 692, 466, 275, 171, 121, 114]
[995, 411, 58, 23]
[995, 496, 224, 100, 59, 58]
[995, 621, 333, 132, 81, 78]
[995, 806, 704, 693]
[995, 627, 353, 143, 69, 39, 24]
[995, 428, 103, 32]
[995, 582, 229, 29, 29]
[995, 514, 168, 15, 15]
[995, 499, 177, 21, 11]
[995, 494, 134, 15, 15]
[995, 505, 152, 34]
[995, 384, 11]
[995, 437, 66, 10]
[995, 529, 219, 17, 17]
[995, 626, 339, 124, 79, 78]
[995, 676, 381, 146, 71, 69, 55, 54, 53]
[995, 550, 182, 29, 26]
[995, 491, 114, 27, 22]
[995, 657, 333, 175, 106, 103, 102]
[995, 501, 111, 35]
[995, 510, 219, 42, 13]
[995, 503, 142, 23, 20]
[995, 402, 34, 13]
[995, 503, 149, 22, 22]
[995, 579, 266, 68, 58]
[995, 535, 213, 10]
[995, 447, 36, 21]
[995, 577, 236, 55, 49]
[995, 436, 86, 12]
[995, 415, 9, 8]
[995, 598, 288, 108, 68, 66]
[995, 480, 183, 19, 15]
[995, 494, 145, 59, 42]
[995, 438, 85, 13]
[995, 603, 294, 86, 16]
[995, 671, 387, 205, 139, 137]
[995, 476, 113, 32, 19]
[995, 459, 151, 39, 39]
[995, 474, 85, 12]
