[993, 70, 18]
[991, 21]
[990, 15]
[991, 11]
[993, 85, 15, 10]
[991, 128, 33]
[989, 120, 31]
[993, 89, 31]
[992, 15]
[988, 7, 7]
[992, 10]
[990, 11]
[992, 16, 10]
[989, 79, 41]
[994, 42, 15]
[992, 8]
[984, 12]
[991, 15, 12]
[992, 11, 10]
[990, 120, 19]
[991, 93, 28]
[992, 15]
[991, 16]
[988, 65, 18]
[989, 30, 15]
[990, 12]
[985, 7]
[993, 17]
[992, 179, 19, 19]
[993, 15]
[988, 10]
[990, 10]
[992, 10]
[991, 17, 15]
[991, 25, 10]
[993, 18]
[991, 17]
[991, 17]
[984, 7]
[989, 12]
[992, 26]
[991, 31, 19]
[991, 9]
[993, 16, 14]
[992, 28, 19]
[989, 7]
[987, 21]
[994, 29, 13]
[994, 22]
[989, 13]
[988, 8]
[992, 44, 25]
[987, 6]
[983, 9]
[988, 17]
[992, 13]
[990, 17]
[992, 31, 22]
[989, 37, 19]
[993, 14]
[988, 14, 14]
[989, 11]
[994, 47, 13]
[995, 17]
[986, 18]
[994, 33, 30]
[992, 13, 11]
[993, 9]
[985, 17]
[991, 17]
[992, 16, 12]
[987, 21]
[990, 14]
[993, 37, 32]
[992, 19, 19]
[991, 18, 12]
[990, 6]
[991, 9]
[994, 17]
[994, 38, 26]
[987, 9]
[991, 29, 23]
[988, 9, 9]
[992, 36, 20]
[991, 60, 16]
[991, 24]
[991, 16, 16]
[991, 17]
[991, 65, 28]
[993, 30, 14]
[993, 76, 28]
[993, 16]
[991, 17]
[994, 14]
[994, 22, 17]
[993, 14]
[989, 85, 38]
[991, 15]
[990, 23, 15]
[990, 11]
[987, 7]
[993, 14]
[991, 10]
[991, 15, 10]
[994, 12]
[991, 34, 14]
[985, 8]
[990, 16]
[994, 8]
[991, 14, 11]
[990, 27]
[987, 12]
[994, 36, 21]
[989, 9]
[990, 10]
[991, 12]
[990, 39, 10]
[990, 41, 29]
[992, 210, 24, 23]
[987, 19]
[990, 9]
[990, 9]
[991, 9]
[989, 10]
[989, 24, 16]
[991, 10]
[993, 10]
[990, 14, 12]
[990, 13]
[991, 21]
[992, 10]
[993, 16]
[990, 13]
[989, 11]
[991, 7]
[990, 14]
[992, 21, 21]
[986, 20]
[984, 8]
[988, 8]
[992, 11]
[989, 22]
[990, 9]
[990, 13]
[990, 56, 38]
[987, 17]
[994, 63, 57]
[992, 14]
[992, 15]
[987, 9]
[991, 9]
[990, 9]
[992, 9]
[993, 12, 12]
[989, 18, 13, 13]
[991, 13]
[991, 70, 31, 26]
[991, 11]
[990, 16]
[992, 29, 15]
[989, 25, 12]
[989, 8]
[995, 138, 17]
[993, 11]
[990, 35]
[992, 18, 12]
[993, 21, 14]
[987, 14]
[990, 20]
[994, 93, 38, 29]
[986, 8]
[995, 15]
[989, 32, 25]
[991, 10]
[992, 95, 22]
[993, 7]
[991, 18]
[992, 19, 15]
[992, 59, 15]
[993, 17]
[990, 85, 14]
[991, 61, 15]
[988, 9]
[989, 11]
[985, 12]
[989, 12]
[990, 18, 12]
[990, 6]
[990, 10]
[989, 137, 14]
[985, 14]
[994, 14, 14]
[992, 59, 25]
[992, 13]
[995, 42, 32]
[991, 22, 15]
[991, 21]
[990, 14, 14]
[992, 87, 23]
[986, 10]
[992, 38, 33]
[995, 25, 13]
[992, 32]
[990, 87, 29]
[991, 11]
[985, 26, 14]
[994, 23, 23]
[989, 25, 23]
[990, 11]
[992, 22, 17]
[989, 65, 14]
[984, 11]
[992, 18]
[995, 22]
[990, 32, 17]
[991, 9]
[991, 20, 12]
[989, 7]
[992, 25, 20]
[988, 24, 16]
[990, 6]
[993, 32, 22]
[992, 29, 10]
[989, 16]
[988, 12, 12]
[992, 9]
[990, 12]
[991, 11]
[991, 25, 18]
[992, 129, 10]
[990, 10]
[992, 38, 29]
[990, 14]
[992, 14]
[986, 19, 16]
[991, 9]
[992, 8]
[991, 11, 11]
[988, 15]
[990, 81, 13]
[991, 38, 25]
[992, 50, 27]
[991, 55, 43]
[989, 20]
[992, 11, 11]
[991, 20, 14]
[992, 36, 30]
[992, 35, 18]
[987, 11]
[986, 14]
[991, 11]
[987, 14, 7]
[993, 19, 19]
[988, 9]
[991, 17, 11]
[991, 16, 16]
[989, 10]
[988, 28, 28]
[990, 7]
[988, 17]
[991, 103, 44]
[988, 40, 18]
[988, 18, 14]
[991, 15]
[992, 9]
[993, 14]
[990, 16]
[991, 86, 19]
[992, 17]
[988, 8]
[993, 24, 17]
[989, 9]
[991, 17, 14]
[991, 12]
[987, 7]
[991, 12]
[990, 10]
[991, 11]
[986, 17]
[989, 30, 13]
[992, 12]
[987, 7]
[991, 29, 29]
[994, 13]
[989, 8]
[989, 182, 27, 27]
[990, 10, 10]
[992, 22, 11]
[992, 31, 25]
[983, 15]
[991, 12]
[988, 66, 33]
[991, 11]
[993, 9]
[993, 20]
[988, 11]
[990, 12]
[992, 15]
[988, 14, 12]
[991, 201, 15, 15]
[990, 16, 16]
[992, 12]
[985, 21, 15]
[988, 32, 16]
[992, 13]
[989, 11]
[990, 19, 12]
[992, 34]
[992, 11]
[989, 21]
[991, 9]
[991, 11]
[992, 15]
[991, 30, 23]
[987, 11]
[982, 17, 11]
[989, 11]
[995, 13, 13]
[980, 8]
[993, 21, 21]
[990, 35, 27]
[990, 29, 17]
[990, 198, 41, 41]
[991, 9]
[988, 135, 17]
[991, 22, 18]
[988, 23, 17]
[991, 18]
[994, 9]
[988, 14]
[990, 21, 16]
[991, 72, 23]
[990, 20, 20]
[991, 7]
[988, 28]
[991, 94, 24]
[991, 7]
[988, 6]
[985, 9]
[990, 16, 14]
[989, 8]
[987, 73, 26]
[994, 44, 22]
[989, 14]
[989, 17]
[991, 172, 17, 17]
[989, 10]
[994, 15]
[992, 15, 12]
[992, 44, 27]
[992, 29, 19]
[990, 18]
[992, 23, 21]
[990, 65, 12]
[993, 10]
[993, 18, 16]
[992, 17]
[990, 8]
[991, 12]
[990, 25, 25]
[991, 23]
[990, 13]
[994, 27, 27]
[988, 8]
[990, 18, 18]
[993, 13]
[991, 13]
[993, 18]
[989, 8]
[991, 20, 16]
[992, 47, 26]
[994, 17]
[989, 10]
[990, 64, 16]
[988, 20]
[991, 10]
[992, 13]
[994, 165, 24, 24]
[992, 9]
[987, 9]
[988, 9]
[989, 16]
[991, 9]
[994, 9]
[988, 19]
[992, 44, 14]
[988, 28]
[993, 48, 37]
[983, 29, 18]
[985, 4]
[990, 20, 19]
[995, 18]
[993, 54, 26]
[993, 18]
[992, 8]
[989, 16]
[994, 18]
[993, 21, 12]
[992, 91, 27]
[986, 39, 24]
[990, 13]
[993, 9]
[992, 27, 16]
[988, 15]
[985, 91, 17]
[988, 14]
[991, 10]
[990, 19, 19]
[992, 44, 17]
[992, 23, 21]
[989, 15]
[989, 9]
[991, 14]
[985, 10]
[987, 54, 31]
[991, 38]
[994, 88, 20]
[994, 11, 11]
[987, 11, 10]
[990, 14]
[987, 15, 12]
[985, 11]
[992, 24, 21]
[992, 58, 21]
[989, 37]
[992, 32, 26, 25]
[990, 7]
[993, 236, 14, 14]
[992, 159, 19, 18]
[987, 9]
[995, 23, 22]
[991, 17]
[992, 72, 23]
[987, 8]
[992, 15]
[994, 113, 12]
[983, 10, 10]
[993, 9]
[990, 21, 17]
[992, 21]
[993, 21]
[989, 7]
[992, 21, 19]
[991, 24, 24]
[991, 17]
[992, 196, 19, 19]
[989, 54, 14]
[993, 21]
[992, 56, 26]
[990, 17]
[990, 65, 16]
[989, 10]
[987, 44, 25]
[994, 9]
[992, 10]
[991, 14]
[993, 49, 19, 19]
[989, 17, 11]
[985, 8]
[989, 29, 23]
[992, 21, 15]
[988, 7]
[994, 141, 14, 14]
[992, 33, 17]
[995, 22]
[989, 95, 37]
[988, 24, 21]
[993, 21]
[992, 46, 13]
[990, 20, 17]
[984, 20]
[989, 11]
[987, 15, 15]
[993, 15]
[992, 9, 9]
[990, 6]
[989, 22]
[989, 8]
[989, 26]
[992, 14]
[991, 22, 22]
[993, 29, 14]
[992, 33, 13]
[993, 43, 20]
[989, 12]
[990, 17]
[991, 11]
[990, 10]
[991, 38, 14]
[994, 29, 16]
[991, 14, 13]
[992, 20, 20]
[994, 9, 9]
[985, 10, 10]
[988, 16]
[989, 13, 13]
[992, 76, 28]
[991, 25, 25]
[989, 13]
[984, 8, 8]
[994, 60, 19]
[987, 11]
[987, 33, 33]
[988, 17]
[989, 23]
[995, 93, 18]
[991, 18, 14]
[990, 19]
[986, 8]
[993, 8]
[990, 25]
[989, 12]
[994, 35, 25]
[988, 14]
[992, 13]
[987, 13]
[991, 23]
[990, 9]
[992, 12]
[989, 17, 17]
[990, 20]
[991, 16, 10]
[983, 15]
[993, 11]
[993, 90, 17]
[994, 12]
[992, 89, 19]
[993, 19]
[988, 16]
[991, 19, 19]
[991, 23, 20]
[983, 21]
[988, 18, 16]
[988, 13]
[992, 26, 18]
[991, 44, 21]
[991, 47, 14]
[993, 37, 12]
[989, 19, 19]
[989, 16]
[988, 9]
[993, 29, 15]
[993, 154, 32]
[988, 10]
[990, 11]
[993, 110, 26]
[992, 10]
[993, 93, 15]
[990, 39, 19]
[990, 14]
[991, 33, 22]
[991, 13]
[993, 14]
[993, 12]
[992, 61, 19]
[989, 12]
[995, 10]
[993, 72, 29]
[992, 20]
[993, 64, 14]
[991, 11]
[989, 16]
[991, 14]
[993, 207, 20, 20]
[990, 8]
[987, 15, 13]
[990, 5]
[992, 17]
[990, 11, 11]
[993, 12]
[991, 9]
[987, 56, 18]
[992, 10]
[994, 19]
[992, 11]
[993, 18]
[993, 30, 20]
[992, 12]
[989, 37, 21]
[991, 37, 35]
[991, 21]
[994, 17, 17]
[992, 19, 17]
[990, 16, 13]
[992, 8, 8]
[991, 14]
[993, 26, 22, 18]
[984, 9]
[991, 40, 18]
[986, 9]
[992, 55, 20]
[987, 23, 12]
[986, 9]
[994, 26]
[991, 26, 20]
[993, 115, 50]
[991, 7]
[990, 12]
[990, 15]
[991, 14]
[989, 9]
[994, 23, 23]
[991, 43, 17]
[994, 17]
[986, 16]
[995, 88, 20]
[987, 16]
[987, 11]
[989, 16, 14]
[993, 71, 26]
[992, 27]
[987, 8]
[994, 14]
[992, 11]
[992, 18]
[989, 8, 8]
[994, 12]
[993, 12]
[986, 12]
[994, 14]
[995, 11]
[991, 21, 21]
[983, 8]
[991, 30, 18]
[991, 22, 18]
[993, 84, 36]
[993, 16]
[992, 151, 12, 11]
[991, 17, 10]
[991, 12]
[994, 13]
[991, 8]
[990, 10]
[990, 23, 19]
[992, 29, 22]
[989, 16, 15]
[988, 8]
[994, 16, 10]
[993, 38, 15]
[988, 33, 14]
[992, 16, 14]
[992, 8]
[993, 23, 11]
[988, 23]
[993, 15]
[990, 9]
[990, 21, 21]
[993, 21]
[990, 7]
[990, 21, 21]
[990, 29, 26, 13]
[992, 62, 24]
[990, 16]
[992, 34, 16]
[989, 8]
[990, 16, 16]
[990, 10]
[990, 206, 68, 32]
[993, 19]
[987, 9]
[992, 22, 22]
[994, 15]
[990, 22, 19]
[990, 17]
[983, 10]
[989, 8]
[990, 16]
[991, 19]
[991, 40, 23]
[986, 11, 11]
[989, 10]
[992, 7]
[994, 31, 22]
[995, 32, 17]
[985, 10]
[991, 18]
[992, 13]
[995, 17, 16]
[989, 13]
[989, 18, 18]
[990, 22, 15]
[992, 92, 14, 14]
[986, 11]
[992, 16]
[990, 143, 17, 17]
[991, 10]
[991, 10, 10]
[990, 15, 9]
[993, 103, 31]
[990, 19]
[982, 26, 18]
[990, 16]
[990, 13]
[992, 13]
[987, 10]
[989, 22, 17]
[991, 39, 25]
[991, 109, 17]
[989, 10]
[989, 55, 48]
[986, 15]
[990, 17]
[991, 17]
[987, 27, 20]
[990, 42, 30]
[992, 14]
[995, 82, 34]
[990, 15]
[994, 32, 17]
[988, 13]
[992, 49, 16]
[994, 11]
[992, 64, 28]
[992, 14]
[992, 75, 12]
[991, 13]
[990, 14]
[990, 62, 24]
[994, 34, 15]
[993, 27, 19]
[993, 20]
[988, 16, 16]
[991, 9]
[992, 7]
[991, 27, 18]
[989, 117, 45]
[988, 5]
[989, 26, 24]
[991, 10]
[988, 43, 31, 27]
[988, 11]
[992, 17]
[988, 13]
[992, 189, 17, 15]
[993, 34, 27]
[992, 14]
[990, 15]
[989, 7]
[991, 20, 17]
[990, 70, 19]
[989, 6]
[992, 57, 29]
[990, 10]
[989, 15]
[992, 64, 43, 29]
[990, 7]
[989, 23]
[990, 10]
[992, 17]
[992, 21]
[991, 57, 17]
[990, 9]
[986, 20, 15]
[993, 14]
[990, 24, 13]
[992, 16]
[986, 8]
[992, 13]
[991, 15, 12]
[990, 12]
[989, 18]
[987, 22, 22]
[991, 34]
[992, 14, 14]
[992, 11, 11]
[987, 13]
[987, 16]
[993, 14]
[988, 16]
[986, 27, 23]
[989, 13]
[991, 11]
[993, 12]
[990, 10]
[992, 28, 24]
[987, 8]
[987, 8, 8]
[989, 48, 24]
[987, 16]
[991, 14]
[989, 8]
[992, 13, 10]
[987, 5]
[994, 6]
[994, 30, 26]
[991, 23, 12]
[992, 13]
[993, 16]
[989, 77, 18]
[990, 7]
[987, 19]
[991, 21, 10]
[990, 14]
[989, 10, 10]
[988, 8]
[992, 11]
[986, 20]
[983, 14, 14]
[991, 22, 19]
[988, 15, 13]
[991, 17]
[991, 13]
[992, 61, 36]
[993, 12]
[993, 126, 21]
[992, 9]
[991, 29, 14]
[987, 14]
[992, 59, 42]
[991, 27, 16]
[993, 23, 12]
[993, 11]
[990, 15]
[993, 236, 42, 42]
[988, 19]
[988, 19]
[990, 13]
[990, 10]
[986, 11]
[986, 17, 16]
[990, 11]
[995, 17]
[993, 109, 11]
[985, 13]
[991, 37, 24]
[994, 17, 17]
[991, 13, 10]
[989, 22, 22]
[991, 32, 12]
[993, 43, 19]
[986, 12]
[991, 13]
[992, 56, 19]
[987, 10]
[994, 14, 14]
[993, 42, 17]
[992, 20]
[989, 7]
[990, 65, 20]
[993, 14]
[990, 11]
[987, 12, 12]
[994, 10]
[990, 43, 21]
[994, 14]
[990, 15]
[991, 11, 11]
[987, 11]
[990, 7]
[987, 9]
[990, 9]
[990, 15]
[991, 58, 38, 37, 32]
[986, 9]
[990, 35, 34, 24]
[993, 21]
[993, 17]
[992, 15]
[990, 21]
[991, 21]
[993, 59, 37]
[993, 30, 24]
[991, 19]
[992, 21, 21]
[987, 11]
[994, 27, 27]
[987, 45, 22]
[993, 70, 25]
[989, 19]
[991, 43, 35]
[990, 15]
[994, 63, 24]
[990, 12]
[991, 22, 13]
[991, 12]
[992, 28, 28]
[989, 16]
[986, 7]
[991, 91, 18]
[993, 91, 15]
[991, 61, 23]
[990, 17, 14]
[991, 7]
[991, 16]
[991, 14]
[994, 62, 23]
[992, 72, 19]
[990, 10]
[994, 148, 12]
[993, 32, 21]
[990, 51, 27, 27]
[988, 13]
[991, 25, 15]
[990, 22]
[988, 27, 18]
[989, 6]
[992, 9]
[990, 20, 15]
[989, 21]
[992, 17]
[990, 23, 23]
[990, 9]
[990, 11, 11]
[990, 7]
[991, 15, 15]
[990, 11]
[994, 26]
[992, 18, 17]
[983, 10]
[993, 34, 10]
[986, 12]
[990, 7]
[990, 17, 9]
[989, 15]
[991, 16, 14]
[990, 15]
[992, 11]
[988, 9]
[991, 35, 13]
[994, 21, 15]
[989, 25]
[991, 10]
[987, 17]
[992, 13, 13]
[992, 17]
[986, 11]
[993, 15]
[986, 15]
[989, 75, 11]
[987, 10]
[991, 151, 14]
[993, 9, 8]
[991, 16]
[992, 27, 26]
[990, 11]
[986, 19]
[991, 12]
[989, 30]
[984, 13]
[990, 14]
[990, 13, 12]
[993, 14, 9]
[989, 10]
[994, 44, 29]
[991, 10]
[991, 12]
[985, 13]
[990, 18, 18]
[989, 15]
[993, 30, 16]
[985, 55, 19]
[984, 7]
[993, 11]
[989, 21, 14]
[994, 14]
[992, 10]
[994, 19]
[993, 13]
[988, 39, 14]
[991, 9]
[989, 16, 16]
[991, 18, 17]
[992, 17]
[984, 8]
[990, 19]
[993, 26, 26]
[991, 34, 34]
[992, 22, 20]
[991, 15]
[993, 10]
[990, 24, 15]
[989, 7]
[984, 11]
[991, 11]
[986, 11]
[994, 28]
[990, 8]
[992, 91, 14]
[989, 12]
[991, 9]
[992, 14, 14]
[987, 12]
[991, 10]
[992, 26, 15]
[993, 62, 18]
[990, 18]
[993, 34, 14]
[989, 18]
[991, 11]
[989, 32, 15]
[995, 70, 18]
[991, 11]
[985, 6]
[988, 8]
[994, 60, 29, 17]
[987, 7]
[990, 14]
[993, 21]
[990, 20]
[990, 20]
