[995, 649, 382, 72, 7, 7]
[995, 891, 890]
[995, 811, 679, 565, 480, 457]
[995, 882, 878, 875]
[995, 787, 629, 492, 354, 257, 194, 142, 111, 95, 92]
[995, 781, 625, 470, 352, 249, 183, 126, 104, 100]
[995, 765, 599, 450, 327, 226, 77, 46, 12, 12]
[995, 798, 681, 587, 577, 575]
[995, 837, 733, 720]
[995, 858, 814, 812]
[995, 760, 608, 482, 379, 297, 227, 161, 110, 82, 70, 63]
[995, 781, 635, 523, 419, 319, 240, 201, 172, 163]
[995, 670, 431, 174, 4, 4]
[995, 827, 749, 743]
[995, 779, 633, 510, 433, 410]
[995, 894, 889]
[995, 840, 775]
[995, 755, 601, 490, 388, 320, 308]
[995, 821, 679, 548, 472, 457]
[995, 819, 715, 706]
[995, 887, 886]
[995, 761, 605, 481, 330, 204, 105, 79, 67, 64]
[995, 796, 664, 528, 426, 356, 332, 328]
[995, 867, 860]
[995, 876, 869, 868]
[995, 839, 753]
[995, 886, 882, 879]
[995, 779, 648, 530, 439, 394, 389]
[995, 840, 785]
[995, 783, 650, 527, 399, 285, 194, 134, 67, 41, 40]
[994, 659, 382, 100, 6, 6]
[995, 867, 860]
[995, 866, 864]
[995, 868, 845, 844, 842]
[995, 787, 641, 527, 436, 403, 401]
[995, 930]
[995, 833, 755, 752]
[995, 773, 630, 492, 361, 236, 123, 80, 67]
[995, 708, 514, 318, 130, 45, 26]
[995, 875, 870]
[995, 737, 578, 457, 345, 259, 200, 146, 115, 94, 74, 59, 56]
[995, 860, 847]
[995, 781, 592, 455, 300, 133, 22, 12]
[995, 801, 658, 552, 504, 502, 500]
[995, 872, 864]
[995, 713, 525, 345, 134, 10, 6]
[995, 811, 672, 567, 532]
[995, 742, 572, 397, 204, 21, 13]
[995, 778, 626, 521, 432, 380, 367, 364, 362]
[995, 831, 725, 711]
[995, 761, 578, 402, 250, 129, 74, 56]
[995, 806, 686, 627, 625, 623]
[995, 885, 883]
[995, 895, 894]
[995, 694, 463, 142, 2]
[995, 921, 919, 917]
[995, 825, 721, 716, 715]
[995, 765, 585, 448, 288, 125, 39, 33]
[995, 784, 640, 489, 369, 260, 170, 111, 62, 44, 29, 27]
[995, 869, 858]
[995, 721, 503, 281, 83, 48, 47]
[995, 831, 722, 716]
[995, 793, 657, 564, 548]
[995, 912]
[995, 840, 781, 780]
[995, 837, 750, 748, 746]
[995, 760, 576, 443, 290, 127, 44, 23]
[995, 787, 647, 525, 452, 434, 431, 428]
[995, 812, 678, 601, 586]
[995, 809, 681, 631, 628]
[995, 695, 485, 158, 3, 2]
[995, 876, 875]
[995, 877, 869]
[995, 865, 858]
[995, 889, 884]
[995, 830, 698, 619, 614]
[995, 816, 696, 613, 596]
[995, 793, 682, 667]
[995, 862, 839, 834]
[995, 768, 602, 405, 220, 48, 24]
[995, 782, 626, 483, 367, 256, 163, 61, 11]
[995, 877, 874]
[995, 855, 823, 817]
[995, 751, 593, 441, 304, 181, 57, 18, 16]
[995, 838, 768, 767]
[995, 821, 694, 648, 646]
[995, 701, 481, 243, 27, 19]
[995, 807, 679, 583, 540, 532]
[995, 820, 699, 635, 631]
[995, 888, 884, 882]
[995, 931, 929]
[995, 874, 870]
[995, 819, 700, 673, 672]
[995, 839, 784, 783]
[995, 738, 578, 412, 233, 90, 28, 16]
[995, 741, 540, 315, 72, 32, 28]
[995, 891, 885, 883]
[995, 852, 828]
[995, 844, 826, 824]
[995, 834, 756, 755, 753]
[995, 624, 347, 60, 20]
[995, 783, 640, 532, 462, 459]
[995, 773, 620, 510, 415, 345, 302, 293]
[995, 755, 563, 401, 193, 58, 35]
[995, 816, 688, 650]
[995, 783, 630, 518, 445, 432]
[995, 708, 503, 307, 78, 2]
[995, 842, 783, 782]
[995, 903]
[995, 799, 668, 561, 524]
[995, 807, 677, 615, 613]
[995, 812, 712, 704, 702]
[995, 838, 776, 770]
[995, 842, 781]
[995, 835, 769, 763]
[995, 886, 885]
[995, 775, 641, 539, 489]
[995, 683, 474, 234, 42, 6]
[995, 748, 553, 385, 244, 105, 65, 50, 44]
[995, 881, 876]
[995, 841, 763, 762]
[995, 774, 626, 493, 358, 220, 122, 51, 33, 27]
[995, 803, 681, 629, 625]
[995, 933, 930]
[995, 837, 751, 750]
[995, 828, 695, 646, 643]
[995, 816, 687, 586, 570]
[995, 797, 643, 507, 391, 286, 199, 138, 86, 67, 57]
[995, 842, 768, 762, 761]
[995, 874, 872]
[995, 738, 480, 213, 6]
[995, 789, 662, 557, 525]
[994, 752, 604, 442, 287, 171, 103, 71, 63, 58, 57]
[995, 884, 883]
[995, 733, 573, 383, 219, 72, 44, 42]
[995, 899, 894]
[995, 770, 584, 416, 250, 111, 5]
[995, 828, 699, 650, 648, 646]
[995, 810, 665, 562, 542, 541, 539]
[995, 903]
[995, 748, 542, 360, 142, 23]
[995, 863, 851]
[995, 842, 814]
[995, 839, 738, 734]
[995, 845, 774]
[995, 868, 843]
[995, 873, 868]
[995, 729, 536, 356, 192, 53, 29, 18]
[995, 889, 887]
[995, 670, 438, 159, 6, 6]
[995, 836, 739, 730]
[995, 839, 788, 782]
[995, 833, 729, 726]
[995, 772, 608, 469, 353, 224, 131, 64, 35, 26]
[995, 830, 708, 683]
[995, 870, 849]
[995, 856, 816, 812]
[995, 776, 645, 560, 549]
[995, 903, 901]
[995, 884]
[995, 758, 581, 422, 259, 118, 56, 44, 40]
[995, 683, 452, 192, 19, 17]
[995, 787, 646, 514, 391, 283, 194, 123, 75, 59, 50, 47]
[995, 829, 728, 724]
[995, 818, 683, 595, 583, 582]
[995, 799, 672, 622, 621]
[995, 737, 569, 426, 291, 166, 73, 50, 34, 13]
[995, 847, 793]
[995, 812, 697, 673]
[995, 740, 584, 452, 318, 164, 30, 23]
[995, 773, 604, 414, 228, 100, 29, 18]
[995, 798, 670, 569, 545, 541]
[995, 804, 665, 551, 487, 486]
[995, 834, 735, 731, 729]
[995, 797, 672, 565, 502, 498]
[995, 920]
[995, 857, 845]
[995, 917]
[995, 763, 589, 426, 249, 101, 42, 20]
[995, 796, 658, 549, 487, 485]
[995, 803, 671, 598, 595]
[995, 687, 463, 154, 4, 3]
[995, 799, 671, 555, 497, 494]
[995, 799, 663, 557, 523, 522]
[995, 861, 840]
[995, 812, 684, 620, 619]
[995, 817, 702, 670]
[995, 777, 617, 500, 385, 276, 208, 124, 76, 53, 51]
[995, 793, 674, 630, 624]
[995, 845, 800]
[995, 935]
[995, 849, 773, 769]
[995, 768, 607, 479, 352, 242, 116, 71, 54, 51]
[995, 914, 912]
[995, 739, 555, 351, 158, 8, 6]
[995, 892, 889]
[995, 841, 761, 758, 755]
[995, 719, 506, 256, 50, 6]
[995, 896, 889]
[995, 825, 734]
[995, 738, 580, 437, 306, 213, 137, 107, 85, 76, 74]
[995, 902]
[995, 748, 541, 343, 101, 13]
[995, 928]
[995, 641, 395, 72, 6, 6]
[995, 839, 754, 750]
[995, 755, 564, 346, 99, 10, 10]
[995, 891, 882]
[995, 832, 739, 734]
[995, 834, 734, 731]
[995, 792, 673, 652]
[995, 831, 760]
[995, 837, 726, 715]
[995, 804, 675, 565, 500, 495]
[995, 757, 561, 405, 206, 73, 9, 7]
[995, 853, 838]
[995, 744, 570, 406, 247, 58, 32, 24, 22]
[995, 745, 542, 371, 183, 41, 24, 12]
[995, 811, 685, 628]
[995, 782, 661, 577, 570]
[995, 731, 543, 336, 42, 13]
[995, 850, 827, 826]
[995, 759, 591, 448, 306, 178, 84, 52]
[995, 821, 679, 578, 563]
[995, 844, 775, 774]
[995, 795, 670, 605]
[995, 771, 599, 458, 324, 204, 133, 84, 71]
[995, 660, 420, 101, 9]
[995, 811, 666, 524, 379, 259, 163, 92, 63, 57]
[995, 828, 725, 720]
[995, 826, 710, 684, 682]
[995, 749, 564, 344, 155, 43, 24]
[995, 798, 658, 519, 399, 302, 215, 136, 100, 84, 78]
[995, 788, 638, 500, 357, 265, 198, 138, 111, 101, 100]
[995, 782, 636, 500, 397, 318, 237, 181, 144, 121, 113]
[995, 828, 732, 731]
[995, 741, 537, 365, 185, 71, 50, 42]
[995, 908, 907]
[995, 662, 428, 90, 10, 2]
[995, 782, 624, 507, 417, 378, 376]
[995, 753, 557, 406, 229, 85, 46, 40]
[995, 789, 651, 543, 506, 503]
[995, 804, 659, 550, 451, 385, 368, 366]
[995, 759, 581, 405, 151, 24, 12]
[995, 727, 536, 320, 83, 13]
[995, 896, 892, 890]
[995, 853, 820, 817]
[995, 706, 514, 273, 12]
[995, 835, 724, 714]
[995, 840, 731, 728]
[995, 796, 666, 556, 500, 493, 489]
[995, 691, 443, 134, 3]
[995, 788, 655, 550, 482, 460]
[995, 752, 594, 456, 349, 260, 200, 157, 109, 61, 38, 23, 16]
[995, 855, 827, 820]
[995, 721, 470, 191, 2]
[995, 804, 678, 584, 556, 551]
[995, 818, 727, 726]
[995, 730, 564, 396, 241, 105, 41, 37]
[995, 932]
[995, 718, 552, 376, 213, 31, 19, 10]
[995, 783, 590, 394, 173, 47, 31]
[995, 850, 815]
[995, 862, 839]
[995, 898]
[995, 823, 689, 635, 634]
[995, 835, 774, 772]
[995, 826, 705, 690]
[995, 785, 621, 478, 333, 226, 148, 109, 90, 88, 85]
[995, 842, 754, 747]
[995, 822, 711, 698, 695]
[995, 860, 852]
[995, 898, 897]
[995, 836, 762, 757]
[995, 877, 875]
[995, 839, 784, 781]
[995, 696, 516, 248, 35, 14]
[995, 736, 517, 323, 113, 25, 18]
[995, 835, 723, 707]
[995, 798, 641, 518, 423, 341, 279, 229, 186, 165, 162]
[995, 827, 721, 716]
[995, 769, 610, 475, 355, 267, 201, 139, 114, 95, 85, 84]
[995, 902]
[995, 797, 612, 451, 283, 109, 74, 70]
[995, 884, 876]
[995, 782, 623, 501, 369, 258, 167, 70, 39, 20]
[995, 871, 859]
[995, 904]
[995, 803, 681, 621, 618]
[995, 791, 615, 467, 330, 201, 111, 67, 43, 41, 40]
[995, 733, 508, 292, 62, 11]
[995, 786, 645, 540, 496]
[995, 849, 802, 800]
[995, 816, 685, 623, 620]
[995, 898]
[995, 656, 412, 201, 27, 19]
[995, 811, 686, 649]
[995, 841, 784]
[995, 783, 635, 510, 403, 317, 257, 198, 158, 127, 95, 75, 49, 33, 3]
[995, 729, 580, 408, 269, 147, 68, 45, 41]
[995, 903]
[995, 816, 696, 666]
[995, 740, 566, 370, 177, 63, 44]
[995, 806, 677, 620, 617]
[995, 897]
[995, 655, 396, 65, 11, 11]
[995, 731, 550, 348, 131, 11, 7, 5]
[995, 815, 668, 542, 446, 402, 395]
[995, 770, 611, 461, 319, 192, 104, 66, 58]
[995, 838, 768]
[995, 762, 573, 382, 206, 11, 11]
[995, 655, 396, 125, 5]
[995, 878, 872]
[995, 818, 665, 543, 473, 467]
[995, 762, 585, 437, 287, 130, 20, 11]
[995, 718, 538, 352, 165, 36, 30, 25]
[995, 815, 683, 631, 630]
[995, 687, 489, 224, 41, 30, 28]
[995, 798, 691, 629, 619]
[995, 749, 511, 309, 103, 24]
[995, 771, 612, 485, 373, 256, 168, 118, 81, 49, 24, 20]
[995, 782, 646, 544, 506, 505]
[995, 777, 597, 446, 311, 157, 47, 41]
[995, 812, 687, 576, 518, 510, 508]
[995, 827, 688, 622, 620]
[995, 866, 860]
[995, 779, 609, 453, 313, 186, 109, 88, 85]
[995, 873, 860]
[995, 813, 718, 716]
[995, 815, 676, 595, 590]
[995, 752, 601, 426, 265, 55, 11]
[995, 893, 886]
[995, 852, 815, 813]
[995, 746, 603, 497, 453, 450]
[995, 817, 692, 647, 646]
[995, 857, 842]
[995, 833, 734, 728]
[995, 864, 841, 838]
[995, 608, 329, 32, 27]
[995, 753, 599, 439, 294, 184, 93, 70, 56, 33, 21]
[995, 755, 569, 368, 212, 110, 82, 79]
[995, 735, 552, 336, 156, 55, 46, 45]
[995, 812, 685, 626, 622]
[995, 816, 687, 640, 637]
[995, 739, 569, 376, 181, 81, 46, 43]
[995, 737, 535, 311, 104, 30, 25, 22]
[995, 796, 665, 575, 564, 561]
[995, 689, 442, 138, 2]
[995, 843, 748, 738, 736]
[995, 861, 848, 845]
[995, 821, 684, 567, 486, 473]
[995, 780, 625, 489, 363, 285, 201, 124, 58, 39, 37]
[995, 884, 881]
[995, 801, 675, 586, 569, 567]
[995, 790, 654, 534, 433, 396, 394]
[995, 766, 620, 490, 392, 315, 266, 244, 242]
[995, 862, 848]
[995, 783, 620, 471, 343, 212, 112, 39, 31, 28, 13]
[995, 740, 557, 335, 132, 53, 50]
[995, 787, 619, 486, 351, 230, 131, 78, 50, 45]
[995, 884, 881]
[995, 752, 582, 416, 265, 87, 41]
[995, 761, 611, 465, 340, 215, 128, 53, 37, 26, 8]
[995, 845, 810, 808]
[995, 831, 718, 713]
[995, 823, 698, 661]
[995, 871, 866]
[995, 948]
[995, 753, 566, 400, 217, 59, 43, 10]
[995, 785, 635, 516, 376, 269, 184, 116, 77, 49, 41, 26, 25]
[995, 889]
[995, 795, 657, 556, 528, 527]
[995, 731, 562, 381, 194, 78, 40, 27]
[995, 770, 588, 450, 307, 191, 96, 63, 54, 52]
[995, 836, 733, 719, 718]
[995, 894]
[995, 766, 596, 448, 298, 150, 26, 22]
[995, 729, 504, 307, 157, 51, 38]
[995, 751, 544, 350, 161, 42, 34]
[995, 755, 560, 349, 136, 33, 27]
[995, 823, 696, 652]
[995, 817, 673, 581, 577]
[995, 879, 877]
[995, 772, 627, 496, 364, 257, 168, 106, 75, 60, 56, 55]
[995, 845, 730, 709]
[995, 744, 607, 490, 372, 277, 214, 145, 95, 58, 17, 6]
[995, 761, 554, 365, 176, 62, 26, 18]
[995, 870, 862]
[995, 722, 532, 332, 164, 8]
[995, 831, 715, 662, 656]
[995, 881, 879]
[995, 783, 626, 509, 397, 321, 269, 234, 225]
[995, 821, 690, 625, 622]
[995, 762, 594, 445, 270, 91, 40, 32, 30]
[995, 795, 674, 612]
[995, 844, 787]
[995, 760, 583, 415, 265, 144, 96, 69, 62]
[995, 683, 470, 224, 44, 34, 28, 28]
[995, 786, 652, 524, 417, 329, 258, 187, 141, 102, 78, 63, 57, 50]
[995, 778, 582, 372, 125, 34, 27]
[995, 704, 505, 293, 104, 6]
[995, 743, 569, 408, 259, 127, 50, 37, 31]
[995, 781, 642, 513, 385, 303, 236, 184, 151, 133, 132]
[995, 884, 877, 874]
[995, 848, 767, 761]
[995, 795, 659, 538, 442, 394, 390]
[995, 797, 645, 522, 420, 329, 243, 178, 114, 69, 31, 27]
[995, 870, 851]
[995, 792, 638, 493, 353, 245, 174, 97, 65, 54, 53]
[995, 681, 466, 201, 24, 22]
[995, 815, 701, 665]
[995, 783, 617, 467, 329, 200, 96, 46, 15]
[995, 923, 922]
[995, 749, 560, 387, 220, 62, 43]
[995, 799, 670, 565, 537, 535]
[995, 764, 619, 490, 386, 314, 269, 249, 247, 245]
[995, 866, 850]
[995, 905, 904]
[995, 815, 688, 654]
[995, 807, 661, 563, 531]
[995, 764, 624, 496, 370, 274, 198, 151, 115, 87, 78, 66, 63]
[995, 663, 429, 241, 47, 38, 37]
[995, 863, 835, 833]
[995, 860, 845]
[995, 809, 681, 622, 620]
[995, 834, 763]
[995, 837, 731, 726]
[995, 773, 634, 522, 417, 340, 285, 274]
[995, 732, 542, 340, 132, 66, 63, 56]
[995, 802, 664, 539, 453, 381, 318, 295]
[995, 677, 444, 198, 25, 16]
[995, 770, 629, 519, 405, 338, 312]
[995, 903, 900]
[995, 848, 812, 811]
[995, 762, 585, 430, 298, 163, 93, 52, 50]
[995, 655, 371, 26, 8]
[995, 768, 600, 478, 293, 153, 67, 48, 44]
[995, 646, 377, 29, 15]
[995, 718, 538, 333, 143, 61, 37, 36]
[995, 803, 668, 559, 535]
[995, 646, 362, 39, 26]
[995, 814, 666, 556, 479, 464, 462]
[995, 801, 678, 587, 574, 573]
[995, 828, 710, 685, 680]
[995, 807, 684, 595, 577, 573]
[995, 741, 544, 354, 100, 11]
[995, 602, 281, 4]
[995, 838, 764, 761]
[995, 811, 689, 646, 642]
[995, 761, 592, 469, 334, 238, 151, 115, 93, 82, 81]
[995, 724, 505, 279, 6, 4]
[995, 845, 798]
[995, 849, 781, 778]
[995, 806, 667, 556, 509, 505, 504]
[995, 903, 902]
[995, 842, 806]
[995, 845, 758, 749, 747]
[995, 821, 694, 652]
[995, 802, 664, 563, 554, 550]
[995, 879, 878]
[995, 805, 677, 600, 595, 592]
[995, 709, 473, 212, 11, 7]
[995, 704, 454, 155, 6]
[995, 775, 600, 467, 299, 147, 70, 35, 28]
[995, 858, 848]
[995, 703, 487, 208, 10]
[995, 826, 696, 652]
[995, 692, 477, 159, 14, 12]
[995, 817, 696, 665, 663]
[995, 913, 911]
[995, 803, 672, 572, 554]
[995, 699, 519, 337, 128, 21, 17]
[995, 816, 673, 556, 478, 467, 464]
[995, 805, 657, 545, 523, 521]
[995, 829, 724, 716]
[995, 866, 857]
[995, 719, 526, 267, 39, 25]
[995, 930, 928]
[995, 838, 747, 746]
[995, 742, 580, 418, 259, 122, 52, 33, 32]
[995, 820, 707, 677]
[995, 847, 823]
[995, 814, 665, 564, 531, 528]
[995, 795, 673, 621, 614]
[995, 831, 718, 706]
[995, 911, 909]
[995, 885, 881]
[995, 806, 665, 539, 435, 351, 296, 267]
[995, 813, 700, 665]
[995, 841, 761, 757]
[995, 751, 573, 401, 264, 148, 60, 45, 37]
[995, 891]
[995, 830, 721, 710]
[995, 709, 477, 214, 4]
[995, 742, 543, 334, 145, 53, 41, 39]
[995, 727, 576, 402, 246, 110, 48, 39, 34]
[995, 748, 547, 353, 187, 51, 21, 20, 19]
[995, 887, 885, 884, 882]
[995, 824, 714, 709]
[995, 854, 833]
[995, 848, 827, 824]
[995, 810, 674, 562, 522, 518]
[995, 839, 773, 772]
[995, 786, 657, 545, 498, 494]
[995, 814, 685, 606, 604]
[995, 717, 532, 355, 150, 44, 9]
[995, 775, 591, 425, 222, 24, 14]
[995, 864, 854]
[995, 803, 659, 578, 563]
[995, 839, 769, 768]
[995, 835, 737, 731]
[995, 811, 697, 654, 650, 648]
[995, 698, 486, 225, 16, 13]
[995, 773, 625, 511, 404, 317, 244, 183, 144, 104, 90, 87]
[995, 875, 869]
[995, 801, 690, 655]
[995, 767, 589, 430, 280, 186, 123, 92, 82, 81]
[995, 833, 742, 735]
[995, 720, 504, 243, 92, 33, 31]
[995, 814, 685, 604, 592]
[995, 886, 876, 874]
[995, 747, 547, 309, 95, 4]
[995, 885, 884]
[995, 630, 341, 8, 6]
[995, 901, 898]
[995, 852, 832]
[995, 740, 530, 317, 82, 16]
[995, 814, 678, 580, 565, 559, 556]
[995, 767, 635, 509, 429, 412]
[995, 835, 742, 738]
[995, 769, 568, 375, 164, 39, 31, 29]
[995, 808, 664, 548, 463, 435]
[995, 858, 845]
[995, 749, 542, 346, 173, 24, 9]
[995, 809, 673, 537, 428, 353, 297, 264, 243, 235]
[995, 817, 687, 613]
[995, 875, 871]
[995, 796, 635, 535, 455, 422, 416]
[995, 751, 573, 391, 206, 17, 8]
[995, 750, 543, 351, 106, 18, 14]
[995, 931]
[995, 785, 647, 522, 408, 305, 229, 166, 132, 115, 99, 93]
[995, 911]
[995, 806, 683, 648]
[995, 690, 409, 112, 36, 31]
[995, 747, 589, 456, 353, 259, 201, 112, 47, 33, 30, 25]
[995, 836, 723, 712, 709]
[995, 846, 797, 795]
[994, 864, 852]
[995, 765, 595, 450, 275, 136, 74, 62, 60]
[995, 657, 416, 61, 6, 6]
[995, 849, 818]
[994, 756, 599, 448, 305, 175, 87, 45, 41]
[995, 784, 653, 553, 477, 457, 450]
[994, 796, 670, 620, 618, 615]
[995, 843, 813]
[995, 812, 684, 616]
[995, 751, 554, 388, 255, 124, 44, 18, 13]
[995, 907]
[995, 756, 588, 385, 169, 46, 35, 34]
[995, 806, 690, 670]
[995, 859, 834, 833]
[995, 737, 513, 264, 9, 7]
[995, 762, 600, 453, 278, 173, 92, 46, 37, 36]
[995, 746, 597, 465, 332, 221, 121, 51, 32, 9]
[995, 798, 647, 501, 370, 275, 206, 141, 103, 73, 53, 52]
[995, 814, 689, 661]
[995, 845, 803, 797, 795]
[995, 796, 670, 577, 555]
[995, 740, 551, 351, 156, 13, 7]
[995, 722, 503, 275, 89, 18]
[995, 778, 626, 510, 408, 335, 288, 276]
[995, 781, 661, 558, 509, 508]
[995, 737, 531, 358, 144, 23, 18]
[995, 790, 661, 587, 582]
[995, 751, 582, 431, 293, 136, 65, 58, 57]
[995, 770, 540, 232, 5, 3]
[995, 772, 598, 454, 295, 154, 91, 75, 73]
[995, 758, 584, 417, 269, 151, 96, 59, 56, 45]
[995, 833, 715, 664, 661, 658]
[995, 768, 606, 470, 329, 221, 163, 107, 84, 73]
[995, 792, 686, 679]
[995, 722, 482, 242, 56, 15]
[995, 789, 649, 520, 421, 329, 274, 249, 247]
[995, 849, 791]
[995, 811, 689, 634, 633]
[995, 934, 929]
[995, 876, 874]
[995, 807, 675, 584, 544, 534]
[995, 891, 886, 884]
[995, 767, 600, 458, 330, 182, 48, 11]
[995, 695, 503, 312, 110, 21, 18]
[995, 778, 620, 499, 385, 298, 238, 197, 170, 156]
[995, 812, 659, 558, 526, 522]
[995, 834, 734, 729]
[994, 827, 706, 681]
[995, 822, 695, 661, 659]
[995, 733, 548, 383, 225, 77, 27, 26, 16]
[995, 673, 446, 182, 4]
[995, 877, 867]
[995, 939, 937]
[995, 852, 836, 835]
[995, 793, 690, 667]
[995, 736, 519, 317, 93, 21]
[995, 862, 856]
[995, 780, 609, 443, 319, 169, 87, 65, 64]
[995, 856, 828]
[995, 707, 502, 309, 72, 10, 10]
[995, 769, 602, 457, 304, 175, 80, 55, 47]
[995, 786, 658, 569, 559, 557]
[995, 761, 579, 442, 284, 162, 75, 39, 34, 31]
[995, 762, 597, 419, 245, 82, 33, 31]
[995, 822, 726, 717]
[995, 774, 630, 513, 406, 319, 239, 179, 130, 95, 69, 37, 32, 30]
[995, 744, 553, 372, 197, 23, 18, 16]
[995, 790, 622, 475, 317, 196, 97, 57, 44, 41]
[995, 806, 667, 569, 539, 533, 531]
[995, 843, 778, 774]
[995, 702, 526, 290, 110, 37, 29]
[995, 837, 721, 706]
[995, 818, 692, 614, 612]
[995, 857, 815, 813]
[995, 842, 791]
[995, 820, 702, 667]
[995, 732, 529, 315, 73, 27, 26, 22, 9]
[995, 721, 491, 297, 122, 48, 32]
[995, 868, 862]
[995, 834, 742, 738]
[995, 725, 519, 315, 89, 4, 3]
[995, 854, 829, 824]
[995, 922]
[995, 780, 670, 621, 619]
[995, 869, 861]
[995, 813, 661, 525, 432, 377, 367, 364]
[995, 862, 835, 829]
[995, 902, 901]
[995, 755, 586, 423, 285, 146, 95, 78, 76]
[995, 839, 747, 742]
[995, 733, 552, 402, 234, 133, 88, 72, 68]
[995, 822, 675, 566, 520, 515]
[995, 865, 856, 851]
[995, 881, 879]
[995, 773, 598, 434, 233, 36, 10]
[995, 816, 680, 572, 528, 521, 520]
[995, 921]
[995, 824, 703, 671]
[995, 683, 470, 231, 5]
[995, 733, 522, 319, 105, 11, 9]
[995, 798, 653, 528, 427, 345, 292, 245, 224, 220, 218]
[995, 766, 592, 456, 295, 179, 105, 60, 44, 43]
[995, 760, 589, 446, 314, 225, 150, 108, 94, 93]
[995, 789, 660, 536, 461, 444]
[995, 869, 861]
[995, 726, 522, 321, 76, 8, 8]
[995, 728, 555, 361, 173, 65, 51, 50]
[995, 863, 834, 833]
[995, 856, 840]
[995, 898, 887]
[995, 781, 654, 569, 560, 558, 556]
[995, 686, 480, 214, 11, 6]
[995, 903, 902]
[995, 809, 643, 522, 422, 358, 335]
[995, 890, 884]
[995, 735, 507, 234, 68, 31]
[995, 829, 712, 676, 675]
[995, 857, 829, 827]
[995, 785, 649, 547, 493, 485]
[995, 820, 688, 622, 616, 613]
[995, 781, 640, 508, 402, 330, 310]
[995, 759, 563, 374, 149, 21, 16]
[995, 752, 562, 392, 198, 86, 61, 57]
[995, 761, 591, 434, 321, 228, 146, 102, 84, 79]
[995, 888, 884]
[995, 764, 613, 498, 363, 254, 180, 121, 93, 75, 69]
[995, 812, 692, 630, 627]
[995, 854, 845]
[995, 837, 736, 727, 725]
[995, 777, 604, 462, 334, 205, 127, 57, 38, 29]
[995, 767, 635, 510, 391, 296, 225, 168, 120, 62, 26, 9]
[995, 807, 673, 572, 546, 541]
[995, 848, 805, 801]
[995, 869, 858]
[995, 865, 856, 853, 851]
[995, 808, 662, 529, 434, 400, 398]
[995, 677, 394, 57, 19]
[995, 711, 457, 144, 4]
[995, 796, 654, 517, 428, 403]
[994, 895, 893]
[995, 689, 485, 269, 72, 20, 18]
[995, 872, 866]
[995, 807, 670, 563, 534]
[995, 743, 548, 332, 151, 4]
[995, 816, 677, 597, 589, 586, 584]
[995, 925]
[995, 851, 813, 812]
[995, 854, 817, 814]
[995, 741, 572, 413, 292, 202, 120, 72, 56, 51, 35]
[995, 797, 684, 645, 644]
[995, 795, 667, 555, 450, 347, 270, 202, 135, 108, 72, 63, 48, 47]
[995, 686, 471, 181, 17, 17]
[995, 808, 676, 570, 552, 549]
[995, 746, 564, 408, 239, 104, 55, 40, 27, 26]
[995, 857, 842]
[995, 805, 677, 608, 606]
[995, 767, 621, 497, 377, 268, 205, 158, 126, 108, 96, 95]
[995, 869, 861]
[995, 747, 556, 388, 192, 22, 20]
[995, 809, 666, 561, 535, 533]
[995, 726, 546, 333, 118, 8]
[995, 777, 605, 456, 297, 146, 62, 50, 44]
[995, 822, 710, 697, 695]
[995, 818, 683, 592, 589]
[995, 874, 869]
[995, 734, 515, 272, 57, 3]
[995, 854, 820, 817]
[995, 881, 873, 872]
[995, 856, 833, 830]
[995, 745, 543, 367, 202, 77, 37, 35]
[995, 862, 851]
[994, 774, 642, 534, 488, 484]
[995, 808, 669, 567, 551, 548]
[995, 777, 571, 342, 149, 38, 26, 25, 13]
[995, 695, 457, 233, 86, 15, 13]
[995, 810, 674, 567, 542, 538, 536]
[995, 822, 693, 626, 618, 613]
[995, 823, 723, 719]
[995, 827, 689, 595, 593]
[995, 832, 778, 776]
[995, 807, 663, 531, 401, 296, 174, 111, 61, 42, 36, 35]
[995, 814, 697, 671]
[995, 893, 889]
[995, 798, 659, 531, 431, 343, 276, 229, 214]
[995, 735, 542, 331, 110, 8]
[995, 842, 743, 739]
[995, 807, 666, 559, 527]
[995, 747, 547, 341, 93, 14, 8]
[995, 707, 483, 213, 14]
[995, 875, 871]
[995, 771, 631, 517, 415, 331, 274, 251, 250]
[995, 884, 877, 873]
[995, 825, 707, 689]
[995, 830, 736, 732]
[995, 813, 652, 546, 475, 468, 465]
[995, 861, 839]
[995, 593, 328, 20, 8]
[995, 794, 642, 503, 394, 301, 211, 152, 106, 82, 74, 71]
[995, 704, 517, 292, 83, 12, 12]
[995, 783, 629, 519, 437, 407, 406]
[995, 782, 605, 463, 313, 196, 98, 49, 45]
[995, 820, 696, 683, 681]
[995, 646, 442, 178, 3]
[995, 790, 645, 508, 402, 303, 222, 146, 96, 64, 36, 23]
[994, 772, 616, 487, 384, 281, 209, 157, 115, 99, 96]
[995, 842, 792]
[995, 871, 863]
[995, 884, 882]
[995, 867, 862]
[995, 734, 547, 350, 149, 30, 23, 21]
[995, 810, 679, 598, 595]
[995, 812, 678, 578, 559, 557]
[995, 859, 849]
[995, 954]
[995, 875, 869]
[995, 903, 900, 898]
[995, 772, 624, 506, 411, 349, 344]
[995, 775, 626, 488, 372, 274, 200, 144, 102, 88, 81, 79]
[995, 810, 681, 616]
[995, 758, 616, 458, 324, 190, 107, 44, 38]
[995, 771, 614, 494, 380, 270, 185, 116, 75, 49, 27, 17]
[995, 857, 827, 825]
[995, 799, 675, 601, 594, 592]
[995, 799, 662, 517, 423, 318, 241, 168, 130, 99, 90]
[995, 676, 424, 114, 3]
[995, 744, 560, 378, 203, 24, 15]
[995, 779, 612, 450, 342, 243, 174, 116, 68, 47, 40, 38]
[995, 896]
[995, 849, 803, 798, 797]
[995, 888, 884]
[995, 838, 748]
[995, 862, 846]
[995, 845, 792, 791]
[995, 779, 626, 506, 394, 312, 249, 225, 224]
[995, 819, 707, 684, 681]
[995, 686, 471, 212, 21, 13]
[995, 871, 861]
[995, 844, 804]
[995, 905]
[995, 796, 665, 542, 415, 320, 252, 208, 185, 181]
[995, 821, 693, 661]
[995, 780, 630, 491, 358, 245, 148, 93, 70, 66, 63]
[995, 842, 797]
[995, 743, 555, 410, 254, 112, 51, 46]
[995, 831, 742]
[995, 875, 869, 865]
[995, 840, 726, 689, 684]
[995, 787, 658, 530, 416, 332, 265, 202, 158, 124, 96, 80, 63, 48, 37, 35]
[995, 720, 503, 303, 74, 31]
[995, 896, 892, 890]
[995, 862, 848, 846]
[995, 760, 594, 436, 300, 168, 39, 34]
[995, 834, 717, 708]
[995, 687, 507, 297, 48, 11]
[995, 675, 473, 229, 21, 18]
[995, 745, 569, 412, 268, 146, 82, 46, 43]
[995, 722, 516, 303, 69, 18, 15]
[995, 808, 664, 533, 427, 362, 344]
[995, 805, 681, 610, 605]
[995, 762, 579, 417, 250, 109, 43, 31, 29]
[995, 723, 533, 319, 77, 5, 5]
[995, 723, 509, 291, 74, 34, 30]
[995, 660, 402, 82, 13, 13]
[995, 789, 636, 511, 408, 324, 278, 273]
[995, 806, 670, 574, 561, 558]
[995, 756, 555, 346, 183, 57, 19]
[995, 774, 602, 452, 346, 246, 167, 108, 79, 71]
[995, 746, 553, 361, 151, 41, 29, 20]
[995, 832, 716, 686]
[995, 764, 622, 496, 382, 304, 245, 211, 190, 183, 178]
[995, 815, 679, 610, 604]
[995, 786, 658, 564, 554]
[995, 837, 751, 750]
[995, 798, 649, 518, 381, 295, 232, 164, 121, 84, 63, 44, 35]
[995, 923]
[995, 668, 394, 97, 4]
[995, 706, 513, 300, 84, 21, 21]
[995, 816, 688, 581, 550, 547]
[995, 814, 687, 624]
[995, 680, 496, 313, 92, 4]
[995, 759, 598, 447, 296, 195, 134, 102, 88]
[995, 824, 688, 638, 637]
[994, 840, 748, 736]
[995, 779, 659, 577, 563]
[995, 822, 707, 681]
[995, 806, 673, 580, 555, 554]
[995, 836, 790, 786]
[995, 870, 864]
[995, 760, 610, 459, 304, 186, 75, 41, 31, 28]
[995, 702, 494, 261, 12]
[995, 870, 865]
[995, 695, 514, 301, 127, 46, 42, 24]
[995, 662, 391, 42, 7]
[995, 769, 538, 319, 107, 19, 17]
[995, 774, 578, 423, 283, 146, 77, 46, 43]
[995, 691, 484, 238, 46, 22]
[995, 791, 662, 576, 562]
[995, 820, 690, 607, 603]
[995, 879, 876]
[995, 896, 893]
[995, 855, 829]
[995, 736, 564, 405, 256, 133, 86, 76, 73]
[995, 804, 685, 612, 610]
[995, 779, 626, 509, 411, 333, 303]
[995, 764, 594, 437, 301, 171, 82, 63, 62]
[995, 821, 709, 689]
[995, 860, 841]
[995, 719, 544, 306, 85, 30, 25]
[995, 888, 884]
[995, 850, 772, 771]
[995, 755, 564, 396, 219, 100, 58, 53]
[995, 767, 584, 427, 279, 170, 113, 75, 60, 51]
[995, 722, 526, 326, 150, 19, 16]
[995, 813, 691, 634]
[995, 738, 556, 379, 188, 51, 35]
[995, 839, 763, 762, 760]
[995, 753, 579, 434, 293, 167, 55, 30, 18]
[995, 846, 790, 788]
[995, 858, 830]
[995, 855, 839]
[995, 798, 654, 517, 378, 278, 210, 163, 127, 92, 61, 54, 44, 28, 27, 16]
[995, 784, 638, 520, 410, 329, 271, 212, 158, 118, 98, 74, 55, 30, 15]
[995, 769, 585, 429, 290, 86, 30, 19]
[995, 852, 822]
[995, 789, 652, 560, 521, 520]
[995, 885, 863, 861, 859]
[995, 851, 826]
[995, 771, 621, 475, 342, 252, 171, 118, 76, 53, 51]
[995, 829, 706, 695]
[995, 832, 744, 743]
[995, 733, 560, 371, 221, 47, 35, 29]
[995, 833, 716, 696, 695, 693]
[995, 847, 808, 806, 803]
[995, 757, 590, 463, 327, 159, 69, 54, 52]
[995, 730, 573, 434, 315, 205, 157, 113, 87, 66, 58, 57]
[995, 807, 686, 661]
[995, 844, 785, 777]
[995, 817, 693, 652]
[995, 823, 705, 671, 668]
[995, 859, 846]
[995, 805, 678, 588, 568, 566]
[995, 836, 753, 749]
[995, 879, 874, 872]
[995, 809, 677, 563, 485, 463]
[995, 732, 512, 279, 80, 32, 29]
[995, 746, 549, 331, 111, 19, 16]
[995, 882, 875, 873]
[995, 666, 466, 217, 39, 31]
[995, 807, 662, 514, 405, 325, 255, 183, 144, 119, 102, 99]
[995, 783, 662, 594, 586]
[995, 727, 515, 298, 8]
[995, 809, 675, 576, 560]
[995, 667, 430, 125, 3]
[995, 833, 758, 757]
[995, 763, 620, 503, 415, 352, 339]
[995, 821, 680, 581, 574]
[995, 813, 691, 670]
[995, 830, 702, 666, 665]
[995, 771, 619, 493, 384, 300, 226, 181, 143, 106, 84, 76, 72]
[995, 840, 783, 780, 777]
[995, 871, 864]
[995, 780, 633, 513, 397, 283, 203, 130, 94, 48, 27, 23]
[995, 819, 707, 679]
[995, 715, 447, 182, 3]
[995, 783, 649, 528, 425, 359, 331, 330]
[995, 824, 711, 688, 684]
[995, 861, 846]
[995, 805, 684, 636, 635, 632]
[995, 745, 537, 360, 186, 62, 38, 35]
[995, 797, 646, 531, 454, 427, 425]
[995, 766, 596, 474, 356, 245, 155, 76, 51, 45, 44]
[995, 793, 645, 515, 417, 331, 263, 221, 186, 182, 180]
[995, 787, 598, 415, 247, 103, 60, 51]
[995, 841, 732, 715]
[995, 662, 349, 3]
[995, 800, 691, 666, 663]
[995, 723, 523, 273, 54, 14]
[995, 795, 620, 475, 310, 169, 82, 54, 50]
[995, 851, 804]
[995, 893]
[995, 857, 828, 825]
[995, 848, 822]
[995, 849, 804, 802]
[995, 801, 669, 562, 529, 526]
[995, 652, 412, 70, 7, 7]
[995, 695, 461, 116, 5, 5]
[995, 794, 650, 537, 453, 408, 405]
[995, 842, 788]
[995, 624, 355, 42, 15]
[995, 775, 630, 517, 430, 404, 401]
[995, 770, 594, 451, 309, 154, 66, 54, 52]
[995, 896, 892]
[995, 736, 561, 385, 198, 26, 17]
[995, 767, 605, 474, 325, 201, 110, 71, 44, 29, 28]
[995, 789, 632, 484, 350, 228, 159, 108, 93, 82]
[995, 885, 884]
[995, 802, 672, 605]
[995, 879, 874]
[995, 691, 476, 248, 13, 13]
[995, 845, 806]
[995, 895, 894]
[995, 743, 534, 314, 67, 3, 2]
[995, 815, 701, 676]
[995, 847, 800, 797]
[995, 814, 678, 583, 558, 556]
[995, 812, 664, 524, 400, 310, 254, 219, 217, 215]
[995, 776, 592, 452, 334, 259, 188, 124, 89, 71, 56, 55, 53]
[995, 891, 890]
[995, 843, 757, 753]
[995, 731, 519, 267, 98, 30, 29, 23]
[995, 812, 680, 617, 615]
[995, 868, 854, 853]
[995, 889, 886, 884]
[995, 761, 608, 491, 359, 262, 192, 159, 149, 144]
[995, 782, 662, 585, 583, 581]
[995, 801, 680, 604, 598]
[995, 790, 623, 506, 409, 340, 302, 289, 284]
[995, 775, 634, 512, 415, 367, 364]
[995, 838, 754, 747]
[995, 735, 578, 445, 291, 161, 90, 50, 42, 41]
[995, 864, 852, 848]
[995, 720, 532, 371, 184, 34, 29]
[995, 812, 671, 578, 568]
[995, 841, 819]
[995, 766, 600, 437, 292, 186, 108, 74, 55, 45, 43, 37]
[995, 625, 323, 5]
[995, 766, 635, 492, 365, 255, 147, 88, 71, 63]
[995, 873, 869]
[995, 775, 607, 466, 329, 214, 131, 78, 67, 62]
[995, 830, 752, 749, 746]
[995, 759, 588, 438, 272, 143, 63, 45, 44]
[995, 801, 676, 623, 622]
[995, 850, 817]
[995, 847, 778]
[995, 750, 542, 326, 91, 19, 10]
[995, 824, 716, 713]
[995, 867, 863]
[995, 678, 428, 177, 3]
[995, 762, 578, 406, 196, 37, 29]
[995, 792, 658, 552, 521, 520]
[995, 682, 419, 159, 23, 7]
[995, 876]
[995, 786, 630, 503, 384, 297, 234, 205, 198, 196, 193]
[995, 876, 864]
[995, 881, 879]
[995, 707, 471, 243, 36, 19, 15]
[995, 776, 610, 465, 340, 220, 138, 87, 68, 63]
[995, 783, 648, 534, 433, 361, 321, 320]
[995, 705, 475, 197, 37, 22, 21, 18]
[995, 905, 899, 896]
[995, 666, 437, 202, 3]
[995, 867, 861]
