[28.83, 23.8, 0.63, 0.09]
[28.71, 24.48, 3.16, 0.18, 0.17]
[4995, 1757, 170, 17]
[4995, 2786, 1065, 187, 126, 56]
[4995, 2865, 1187, 249, 192]
[4995, 3172, 1700, 639, 337, 301, 300]
[4995, 2117, 450, 61, 61]
[4995, 3242, 1548, 530, 332, 328]
[4995, 2674, 1004, 60, 28, 26]
[4995, 3186, 1689, 762, 402, 385]
[4995, 3806, 2494, 1624, 934, 614, 565, 557]
[4995, 2068, 349, 39]
[4995, 2721, 1015, 180, 120]
[4995, 2895, 1310, 364, 241, 235]
[4995, 3014, 1335, 397, 298, 295]
[4995, 2635, 963, 112, 55]
[4995, 3175, 1554, 563, 364, 345, 343]
[4995, 3926, 2676, 1891, 1112, 707, 622, 618, 616]
[4995, 3504, 2026, 961, 528, 442, 438]
[4995, 3143, 1644, 542, 300, 293]
[4995, 2116, 438, 18, 18]
[4995, 3086, 1475, 481, 264, 253]
[4995, 3452, 2074, 1048, 550, 485, 481, 480]
[4995, 2611, 966, 233, 206, 182]
[4995, 3622, 2358, 1357, 647, 502, 490]
[4995, 2031, 393, 43]
[4995, 2147, 378, 42, 39]
[4995, 3389, 1926, 847, 437, 386, 384]
[4995, 2838, 1282, 338, 192, 187, 185]
[4995, 2157, 454, 33, 27]
[4995, 3313, 1724, 758, 452, 433]
[4995, 1934, 356, 55]
[4995, 2227, 607, 39, 39]
[4995, 2172, 291, 31]
[4995, 2335, 637, 22, 22]
[4995, 3511, 2115, 979, 516, 461, 459]
[4995, 2991, 1192, 376, 292]
[4995, 3361, 1824, 739, 378, 352]
[4995, 2349, 555, 113, 111]
[4995, 2803, 1216, 361, 256]
[4995, 3716, 2498, 1589, 906, 677, 634, 632]
[4995, 3508, 2149, 1052, 509, 458, 455, 452]
[4995, 3387, 1995, 1077, 530, 485, 481]
[4995, 2508, 895, 125, 113, 112]
[4995, 2630, 928, 188, 168]
[4995, 3505, 2093, 1110, 445, 361]
[4995, 3560, 2187, 1114, 621, 554, 549]
[4995, 3256, 1748, 686, 381, 369, 359]
[4995, 2385, 583, 33, 31]
[4995, 3442, 1982, 1002, 426, 368, 366]
[4995, 3163, 1627, 613, 324, 313]
[4995, 2410, 778, 22, 22]
[4995, 3436, 1944, 890, 492, 468, 466]
[4995, 3935, 2710, 1825, 1067, 730, 639, 628]
[4995, 2982, 1313, 386, 302, 300]
[4995, 3081, 1465, 590, 401, 388]
[4995, 2732, 1116, 244, 188, 185]
[4995, 1470, 77, 41]
[4995, 3352, 1922, 801, 460, 411]
[4995, 2609, 805, 131, 129]
[4995, 2738, 1087, 295, 218, 216]
[4995, 2804, 1150, 375, 289, 284]
[4995, 1979, 244, 28]
[4995, 3199, 1667, 610, 400, 378]
[4995, 2187, 483, 88, 88]
[4995, 2328, 426, 69]
[4995, 2487, 885, 38, 35]
[4995, 1372, 67, 34, 24]
[4995, 3354, 1902, 914, 550, 515, 513]
[4995, 3047, 1557, 484, 289, 281, 268]
[4995, 2848, 1125, 247, 150, 142]
[4995, 2752, 1014, 240, 216]
[4995, 2970, 1233, 384, 268, 261]
[4995, 2239, 473, 33, 33]
[4995, 2328, 587, 145, 131]
[4995, 2307, 556, 29, 29]
[4995, 2106, 349, 20]
[4995, 3964, 2863, 2058, 1283, 877, 722, 700, 693]
[4995, 3276, 1719, 704, 371, 348]
[4995, 3409, 1892, 871, 487, 438, 434]
[4995, 2150, 483, 23, 23]
[4995, 3498, 2102, 1021, 491, 444, 442]
[4995, 2066, 223, 44]
[4995, 2985, 1425, 455, 282, 274]
[4995, 2956, 1345, 448, 318, 307]
[4995, 2579, 946, 63, 59]
[4995, 2701, 1130, 251, 223, 212]
[4995, 2532, 625, 55, 55]
[4995, 2922, 1272, 333, 266, 265]
[4995, 2370, 712, 108, 104]
[4995, 3475, 2065, 887, 425, 395, 394]
[4995, 2285, 398, 11, 11]
[4995, 2607, 993, 166, 127]
[4995, 1742, 122, 27]
[4995, 3832, 2537, 1615, 915, 640, 609, 605]
[4995, 3608, 2253, 1318, 701, 512, 500, 494]
[4995, 3566, 2213, 1244, 674, 537, 534]
[4995, 2919, 1200, 261, 199]
[4995, 3224, 1787, 710, 430, 409]
[4995, 1893, 267, 48]
[4995, 2076, 279, 34]
[4995, 3279, 1753, 877, 413, 375, 374]
