[495, 84, 3, 2]
[495, 107, 5, 5]
[495, 100, 3, 3]
[495, 95, 4, 2]
[495, 120, 5, 5]
[495, 74, 5, 5]
[495, 81, 4, 2]
[495, 25, 11]
[495, 90, 3, 2]
[495, 114, 3]
[494, 148, 3, 3]
[495, 105, 3, 2]
[495, 118, 3, 3]
[495, 148, 2]
[495, 100, 7, 2]
[495, 90, 6, 2]
[495, 86, 4, 2]
[495, 83, 4, 2]
[495, 99, 5, 4]
[495, 108, 5, 5]
[495, 101, 3, 2]
[494, 139, 2]
[495, 115, 3]
[495, 137, 5]
[495, 80, 5, 2]
[495, 99, 4, 4]
[495, 154, 2]
[495, 102, 5, 2]
[495, 136, 5, 3]
[495, 80, 5, 2]
[495, 138, 3, 3]
[495, 118, 2]
[495, 90, 4, 4]
[495, 79, 5, 4]
[495, 173, 4]
[495, 133, 3, 2]
[495, 120, 3, 2]
[495, 128, 2]
[495, 119, 4, 2]
[495, 92, 3, 3]
[495, 89, 6, 3]
[495, 91, 3, 2]
[495, 170, 2]
[495, 140, 2]
[495, 54, 11, 2]
[495, 44, 6, 6]
[495, 99, 3, 3]
[495, 101, 4, 2]
[495, 136, 4, 2]
[495, 92, 7, 4]
[495, 150, 2]
[495, 65, 4, 3]
[495, 63, 6, 6]
[495, 99, 8, 3]
[495, 174, 4]
[495, 84, 3, 2]
[495, 128, 2]
[495, 122, 3, 2]
[495, 79, 7, 6]
[495, 132, 3, 2]
[494, 110, 3, 2]
[495, 95, 8, 5]
[495, 131, 3, 2]
[495, 31, 9]
[495, 137, 3]
[495, 36, 8, 5]
[495, 66, 6, 6]
[495, 70, 6, 2]
[495, 166, 3]
[495, 102, 4, 2]
[495, 140, 5, 2]
[495, 145, 5]
[495, 176, 3]
[495, 107, 2]
[495, 72, 6, 3]
[495, 116, 3]
[495, 82, 5, 2]
[495, 87, 9, 2]
[495, 110, 3]
[495, 117, 4, 2]
[495, 120, 4, 2]
[495, 84, 5, 2]
[495, 120, 4, 2]
[495, 101, 4]
[495, 104, 5, 2]
[495, 137, 2]
[495, 61, 7, 2]
[495, 99, 5, 2]
[495, 113, 3, 2]
[495, 96, 3, 2]
[495, 167, 2]
[495, 60, 7, 2]
[495, 134, 2]
[495, 77, 5, 3]
[495, 105, 4, 2]
[495, 127, 2]
[495, 75, 4, 2]
[495, 142, 3, 2]
[495, 156, 2]
[495, 105, 8, 2]
[495, 141, 4, 3]
[495, 129, 4, 4]
[495, 89, 6]
[495, 77, 9, 9]
[495, 92, 6, 2]
[495, 96, 6, 4]
[495, 93, 6, 2]
[495, 138, 3, 2]
[495, 89, 6, 3]
[495, 137, 2]
[495, 134, 5, 2]
[495, 40, 13, 4]
[495, 143, 6, 6]
[495, 98, 3, 2]
[495, 109, 3, 2]
[495, 105, 4, 3]
[494, 66, 8, 7]
[495, 85, 4, 3]
[495, 92, 3, 3]
[495, 110, 6, 2]
[494, 181, 2]
[495, 91, 4, 4]
[495, 158, 3]
[494, 93, 6, 2]
[495, 16, 10]
[495, 84, 5, 3]
[495, 83, 3, 2]
[495, 154, 2]
[495, 150, 2]
[495, 44, 10, 10]
[495, 79, 5, 4]
[495, 107, 6]
[495, 114, 2]
[495, 73, 8, 2]
[495, 151, 3]
[495, 16, 5]
[495, 97, 4, 2]
[495, 97, 4, 2]
[495, 116, 3, 2]
[495, 79, 3, 3]
[495, 56, 6, 3]
[495, 128, 3, 2]
[495, 101, 2]
[495, 121, 2]
[495, 105, 3, 3]
[495, 124, 5, 5]
[495, 102, 7, 2]
[495, 53, 7, 4]
[495, 56, 6, 5]
[495, 283, 48, 6, 6]
[495, 124, 5, 3]
[495, 82, 4, 4]
[495, 141, 2]
[495, 74, 7, 3]
[495, 117, 2]
[495, 94, 5, 5]
[495, 125, 3, 3]
[495, 100, 3, 3]
[495, 130, 7, 5]
[495, 92, 4, 2]
[495, 93, 4, 2]
[495, 108, 5, 2]
[495, 151, 6]
[495, 111, 4]
[495, 76, 10, 3]
[495, 98, 4, 2]
[495, 142, 3]
[495, 160, 4]
[495, 56, 9, 9]
[495, 160, 3]
[495, 110, 5, 2]
[495, 77, 5, 5]
[495, 115, 3, 2]
[495, 129, 3]
[495, 143, 3]
[495, 114, 2]
[495, 73, 3, 3]
[495, 110, 3, 2]
[495, 23, 9]
[495, 103, 6, 2]
[495, 135, 3, 3]
[495, 21, 8]
[495, 70, 6, 2]
[495, 110, 3, 2]
[495, 140, 3, 3]
[495, 156, 2]
[495, 92, 7, 2]
[495, 47, 5, 5]
[495, 113, 3, 2]
[495, 136, 2]
[495, 125, 3, 2]
[495, 87, 5, 2]
[495, 56, 8, 3, 2]
[495, 114, 6, 4]
[495, 92, 3, 2]
[495, 136, 3, 3]
[495, 85, 6, 5]
[495, 85, 14, 7]
[495, 60, 6, 6]
[495, 94, 6, 2]
[495, 103, 5, 2]
[495, 110, 6, 4]
[494, 116, 5, 5]
[495, 101, 4, 2]
[495, 123, 4, 4]
[495, 144, 3, 2]
[495, 80, 8, 4]
[495, 116, 4, 2]
[495, 123, 2]
[495, 25, 6, 6]
[495, 141, 5]
[495, 139, 6]
[495, 87, 3, 3]
[495, 135, 3, 3]
[495, 106, 2]
[495, 138, 2]
[495, 138, 3]
[495, 70, 8, 3]
[495, 102, 4, 2]
[495, 156, 4, 2]
[495, 74, 7, 3]
[495, 128, 3, 1]
[495, 117, 4, 2]
[495, 103, 4, 4]
[495, 112, 3, 2]
[495, 143, 2]
[495, 67, 8, 4]
[495, 56, 6, 5]
[495, 117, 4, 2]
[495, 124, 3, 2]
[494, 111, 3]
[495, 130, 3, 3]
[495, 86, 3, 3]
[495, 74, 5, 2]
[495, 117, 3, 2]
[495, 128, 2]
[495, 139, 3, 2]
[495, 94, 2]
[495, 77, 7, 2]
[495, 120, 3, 2]
[495, 135, 2]
[495, 100, 6, 3]
[495, 77, 4, 2]
[495, 143, 3, 3]
[495, 13, 7]
[495, 138, 3, 2]
[495, 105, 5, 5]
[495, 150, 3, 3]
[495, 78, 5, 2]
[495, 59, 4, 3]
[495, 133, 2]
[495, 74, 4, 4]
[495, 97, 5, 2]
[495, 106, 4, 4]
[495, 129, 3, 2]
[495, 120, 4, 4]
[495, 67, 5, 5]
[495, 108, 4, 2]
[495, 73, 4, 3]
[495, 116, 5, 2]
[495, 99, 3, 2]
[495, 67, 10, 10]
[495, 10, 8]
[495, 116, 4, 2]
[495, 111, 2]
[495, 141, 2]
[495, 154, 5]
[495, 114, 3, 2]
[495, 96, 4, 2]
[495, 179, 2]
[495, 63, 5, 5]
[495, 111, 3, 2]
[495, 96, 6, 2]
[495, 104, 4, 3]
[495, 136, 2]
[495, 87, 3, 2]
[495, 101, 3, 3]
[495, 122, 4, 2]
[495, 103, 3, 2]
[495, 107, 4, 2]
[495, 105, 4, 2]
[495, 136, 2]
[495, 61, 9, 2]
[495, 125, 3]
[495, 161, 3]
[495, 99, 4]
[495, 109, 4, 2]
[495, 113, 4, 2]
[495, 124, 6, 2]
[495, 109, 3, 2]
[495, 116, 3, 2]
[495, 119, 8, 3]
[495, 108, 5]
[495, 117, 5, 5]
[495, 149, 4, 3]
[495, 50, 7, 7]
[495, 66, 6, 6]
[495, 111, 4, 4]
[495, 78, 5, 3]
[495, 117, 3, 2]
[495, 18, 11, 6]
[495, 96, 8, 3]
[495, 95, 5, 2]
[495, 105, 3, 2]
[495, 119, 5, 2]
[495, 129, 3, 2]
[495, 140, 3, 2]
[495, 124, 3]
[495, 127, 3, 2]
[495, 133, 2]
[495, 49, 5, 2]
[495, 132, 3, 2]
[495, 80, 6, 3]
[495, 111, 5, 4]
[495, 142, 5, 5]
[494, 130, 5]
[495, 70, 4, 2]
[495, 90, 7, 2]
[495, 107, 5, 2]
[495, 128, 6]
[495, 98, 6, 2]
[495, 137, 3, 2]
[495, 122, 4, 4]
[495, 116, 3, 2]
[495, 117, 3, 2]
[495, 117, 8, 2]
[495, 141, 4]
[495, 14, 12]
[495, 126, 4, 4]
[495, 137, 3]
[495, 180, 2]
[495, 109, 3]
[495, 120, 5, 3]
[495, 107, 3, 3]
[495, 65, 5, 2]
[495, 107, 4, 2]
[495, 94, 5, 3]
[495, 147, 3, 3]
[495, 90, 4]
[495, 59, 5, 5]
[495, 49, 11, 7]
[495, 207, 14, 7]
[495, 113, 3, 2]
[495, 84, 4, 3]
[495, 114, 4, 3]
[495, 126, 2]
[495, 89, 4, 3]
[495, 132, 2]
[495, 157, 3, 2]
[495, 152, 4, 3]
[495, 134, 3]
[495, 15, 7]
[495, 117, 4, 3]
[495, 82, 9, 2]
[495, 72, 7, 6]
[495, 112, 3, 2]
[495, 73, 6, 2]
[495, 155, 2]
[495, 132, 3, 2]
[495, 81, 4, 4]
[495, 116, 5, 2]
[495, 110, 2]
[495, 149, 1]
[495, 127, 5, 2]
[495, 137, 4, 3]
[495, 88, 6, 2]
[495, 77, 6, 3]
[495, 142, 4]
[495, 63, 8, 2]
[495, 105, 4, 3]
[495, 39, 12]
[495, 96, 5, 2]
[495, 123, 3, 3]
[495, 131, 3, 3]
[495, 133, 4]
[495, 15, 12]
[495, 108, 8, 3]
[495, 64, 5, 5]
[495, 128, 3, 2]
[495, 109, 5, 2]
[495, 104, 2]
[495, 86, 8, 2]
[495, 135, 3, 2]
[495, 118, 4]
[495, 133, 2]
[495, 95, 3, 2]
[495, 83, 6, 5]
[495, 165, 3]
[495, 83, 5, 5]
[495, 170, 3]
[495, 146, 4, 3]
[495, 86, 5, 2]
[495, 18, 7]
[495, 110, 3, 2]
[495, 162, 2]
[495, 112, 4, 4]
[495, 142, 2]
[495, 34, 8]
[495, 89, 3, 2]
[495, 65, 8, 8]
[495, 152, 3, 2]
[495, 134, 4, 2]
[495, 136, 3]
[495, 131, 3, 2]
[495, 144, 2]
[495, 106, 3, 2]
[495, 93, 3, 2]
[495, 123, 4, 2]
[495, 99, 4, 2]
[495, 138, 3]
[495, 89, 5, 4]
[495, 122, 4]
[495, 93, 5, 3]
[495, 17, 7]
[495, 87, 6, 2]
[495, 156, 2]
[495, 99, 4, 3]
[495, 158, 2]
[495, 126, 5, 2]
[495, 106, 4, 2]
[495, 168, 2]
[495, 90, 7, 2]
[495, 125, 3, 2]
[495, 128, 5, 5]
[495, 80, 6, 2]
[495, 21, 9]
[494, 95, 4, 3]
[495, 120, 3, 2]
[495, 81, 7, 2]
[495, 40, 6, 3]
[495, 100, 4, 3]
[495, 91, 9, 2]
[495, 158, 3]
[495, 128, 4, 2]
[495, 140, 2]
[495, 91, 3, 3]
[495, 81, 5, 4]
[495, 169, 3]
[495, 119, 4, 2]
[495, 186, 2]
[495, 75, 7, 2]
[495, 116, 4, 4]
[495, 103, 5, 2]
[495, 130, 2]
[495, 107, 5, 2]
[495, 56, 7, 4]
[495, 93, 8, 2]
[495, 126, 3, 3]
[495, 118, 3, 2]
[495, 69, 4, 4]
[495, 121, 3, 3]
[495, 82, 3, 2]
[495, 88, 5, 2]
[495, 78, 6, 2]
[495, 152, 2]
[495, 122, 3, 3]
[495, 86, 5, 2]
[495, 94, 5, 3]
[495, 121, 7, 7]
[495, 82, 13, 3]
[495, 131, 3, 2]
[495, 27, 9]
[495, 103, 3, 2]
[495, 128, 4]
[495, 109, 3, 2]
[495, 119, 2]
[495, 136, 2]
[495, 146, 2]
[495, 187, 5]
[495, 24, 9]
[495, 105, 7, 4]
[495, 116, 4, 3]
[495, 87, 4, 3]
[495, 60, 6, 2]
[495, 132, 4, 4]
[495, 132, 2]
[495, 101, 5, 2]
[495, 102, 4, 3]
[495, 18, 9]
[495, 49, 7, 3]
[495, 136, 3, 2]
[495, 86, 5, 2]
[495, 177, 3]
[495, 115, 3, 3]
[495, 120, 4, 3]
[495, 105, 3, 3]
[495, 132, 4, 2]
[495, 52, 5, 4]
[495, 56, 8, 2]
[495, 84, 4, 3]
[495, 101, 3, 3]
[495, 102, 4, 3]
[495, 113, 3, 3]
[495, 108, 4, 2]
[495, 178, 3, 3]
[495, 115, 3, 3]
[495, 91, 3, 2]
[495, 69, 6, 4]
[495, 151, 3, 3]
[495, 149, 2]
[495, 96, 5, 2]
[495, 80, 5, 5]
[495, 153, 3]
[495, 119, 4, 3]
[495, 160, 3]
[495, 124, 2]
[495, 87, 6, 2]
[495, 135, 6, 2]
[495, 143, 3, 2]
[495, 109, 4]
[495, 119, 4, 2]
[495, 38, 6, 4]
[495, 129, 3]
[495, 107, 4, 4]
[495, 64, 4, 4]
[495, 88, 4, 3]
[494, 76, 7, 2]
[495, 113, 6, 2]
[495, 124, 4]
[495, 118, 6, 3]
[495, 46, 7]
[495, 132, 3, 3]
[495, 57, 7, 4]
[495, 119, 3, 2]
[495, 108, 4, 2]
[495, 28, 8]
[495, 135, 3]
[495, 111, 3, 2]
[495, 85, 6, 6]
[495, 159, 2]
[495, 124, 2]
[495, 98, 5, 2]
[495, 144, 2]
[495, 101, 4, 2]
[495, 106, 4, 2]
[495, 135, 2]
[495, 109, 3, 2]
[495, 132, 3, 2]
[495, 68, 5, 2]
[495, 132, 2]
[495, 137, 2]
[495, 105, 5, 2]
[495, 81, 7, 2]
[495, 71, 6, 6]
[495, 100, 4, 2]
[495, 113, 5]
[495, 147, 2]
[495, 93, 4, 2]
[495, 115, 4, 2]
[494, 75, 5, 5]
[494, 111, 4, 4]
[495, 147, 3, 2]
[495, 150, 3, 2]
[495, 64, 5, 4]
[495, 51, 9, 3]
[495, 155, 3, 2]
[495, 106, 5, 4]
[495, 130, 4, 2]
[495, 122, 3, 2]
[495, 141, 2]
[495, 138, 5, 5]
[495, 105, 3, 2]
[495, 119, 3, 2]
[495, 87, 5, 2]
[495, 100, 3, 3]
[495, 129, 5]
[495, 92, 7, 2]
[495, 52, 10, 5]
[495, 121, 3, 2]
[495, 106, 4]
[495, 132, 4, 4]
[495, 161, 4, 3]
[495, 128, 5, 2]
[495, 87, 7, 2]
[495, 102, 4, 2]
[495, 96, 3, 2]
[495, 126, 3, 2]
[495, 83, 3, 3]
[495, 116, 3, 2]
[494, 104, 3, 3]
[495, 110, 2]
[495, 56, 9, 9]
[495, 146, 4]
[495, 104, 3, 2]
[495, 108, 3, 2]
[495, 96, 4, 4]
[495, 112, 2]
[495, 136, 2]
[495, 138, 3, 2]
[495, 144, 4, 2]
[495, 102, 4, 2]
[495, 133, 3, 2]
[495, 99, 6, 3]
[495, 78, 4, 3]
[495, 78, 6, 2]
[495, 126, 3, 3]
[495, 115, 4, 2]
[495, 92, 4, 2]
[495, 91, 4, 2]
[495, 119, 5, 2]
[495, 160, 2]
[495, 114, 3, 3]
[495, 118, 3, 3]
[495, 69, 7, 2]
[495, 27, 6, 6]
[495, 127, 5, 2]
[495, 82, 2]
[495, 132, 2]
[495, 88, 8, 3]
[495, 144, 3, 3]
[495, 145, 4, 2]
[495, 84, 4, 4]
[495, 126, 2]
[495, 92, 4, 2]
[495, 112, 2]
[495, 123, 2]
[495, 112, 2]
[495, 142, 2]
[495, 165, 3]
[495, 117, 4, 2]
[495, 135, 2]
[495, 94, 3, 3]
[494, 107, 4, 3]
[494, 135, 2]
[495, 125, 3, 2]
[495, 136, 2]
[495, 99, 3, 3]
[495, 118, 6, 4]
[494, 67, 4, 4]
[495, 75, 7, 2]
[495, 147, 2]
[495, 9, 8]
[495, 100, 4, 3]
[495, 144, 4]
[495, 43, 8, 5]
[495, 98, 8, 2]
[495, 145, 2]
[495, 233, 11]
[495, 100, 4, 2]
[495, 63, 8, 4]
[495, 102, 3]
[495, 97, 3, 3]
[495, 119, 3, 2]
[495, 105, 9, 2]
[495, 85, 4, 3]
[495, 115, 3, 2]
[495, 143, 3]
[495, 113, 3, 2]
[495, 77, 5, 2]
[495, 102, 4, 2]
[495, 141, 3, 2]
[495, 142, 3]
[495, 119, 5, 4]
[495, 145, 5]
[495, 110, 4, 2]
[495, 27, 7]
[495, 65, 6, 3]
[495, 110, 6, 2]
[495, 101, 4, 4]
[495, 190, 6]
[495, 82, 7, 3]
[495, 98, 3, 2]
[495, 128, 3, 2]
[495, 27, 8]
[495, 119, 3, 2]
[495, 110, 5, 2]
[495, 50, 6, 2]
[495, 125, 4]
[495, 150, 2]
[495, 109, 6, 2]
[495, 119, 3, 2]
[495, 118, 2]
[495, 149, 4]
[495, 81, 4, 4]
[495, 150, 2]
[495, 70, 6, 2]
[495, 88, 4, 2]
[495, 76, 4, 3]
[495, 82, 5, 2]
[495, 175, 3, 3]
[495, 144, 3, 2]
[495, 136, 3]
[495, 158, 3, 2]
[495, 88, 6, 2]
[495, 124, 3, 2]
[495, 90, 7, 4]
[495, 134, 2]
[495, 126, 3, 2]
[495, 111, 3, 2]
[495, 81, 3, 2]
[495, 93, 5, 2]
[495, 178, 2]
[495, 144, 2]
[495, 124, 6, 2]
[495, 100, 9, 4]
[495, 108, 3, 2]
[495, 117, 2]
[495, 138, 3, 2]
[495, 69, 6, 3]
[495, 129, 3, 2]
[495, 67, 4, 4]
[495, 168, 1]
[495, 114, 2]
[495, 91, 3, 3]
[495, 151, 6]
[495, 151, 2]
[495, 132, 5]
[495, 105, 3, 2]
[495, 90, 5, 4]
[495, 134, 2]
[495, 66, 8, 8]
[495, 122, 3, 2]
[495, 126, 3, 2]
[495, 35, 5, 4]
[495, 150, 2]
[495, 124, 2]
[495, 164, 3]
[495, 106, 4, 3]
[495, 92, 5, 3]
[495, 161, 3]
[495, 94, 4, 2]
[495, 121, 3]
[495, 94, 5, 5]
[495, 86, 4, 2]
[495, 159, 4]
[495, 109, 3, 2]
[495, 49, 6, 4]
[495, 128, 3, 2]
[495, 134, 3, 2]
[495, 33, 8]
[495, 93, 3, 2]
[495, 112, 2]
[495, 156, 2]
[494, 77, 5, 2]
[495, 140, 3]
[495, 123, 4, 2]
[495, 14, 7]
[495, 137, 5, 5]
[495, 133, 3]
[495, 95, 7, 7]
[495, 118, 2]
[495, 144, 2]
[495, 73, 4, 4]
[495, 106, 7, 4]
[495, 111, 4, 3]
[495, 145, 4]
[495, 140, 3, 2]
[495, 90, 5, 2]
[495, 104, 3, 2]
[495, 108, 5, 2]
[495, 78, 6, 2]
[495, 208, 4]
[495, 135, 3, 2]
[495, 129, 3]
[495, 130, 3, 2]
[495, 78, 7, 3]
[495, 109, 6, 3]
[495, 128, 4, 2]
[495, 90, 7, 5]
[495, 160, 2]
[494, 135, 3]
[495, 109, 3, 2]
[495, 141, 4]
[495, 109, 7, 3]
[495, 110, 2]
[495, 148, 4, 2]
[495, 149, 2]
[495, 11, 8]
[495, 134, 2]
[495, 156, 2]
[495, 84, 3, 2]
[495, 189, 8]
[495, 109, 2]
[495, 130, 2]
[494, 114, 3]
[495, 128, 2]
[495, 138, 3, 2]
[495, 156, 2]
[495, 144, 3, 2]
[495, 111, 3, 3]
[495, 72, 5, 4]
[494, 44, 7, 7]
[495, 18, 9]
[495, 112, 2]
[495, 105, 3, 3]
[495, 65, 5, 2]
[495, 72, 11, 4]
[495, 99, 3, 3]
[495, 123, 3, 2]
[495, 115, 5, 2]
[495, 108, 5, 3]
[495, 178, 3]
[495, 103, 6]
[495, 105, 2]
[495, 121, 3]
[495, 79, 8, 8]
[495, 37, 6, 5]
[495, 135, 2]
[495, 85, 5, 2]
[495, 107, 4, 2]
[495, 115, 4, 3]
[495, 81, 6, 2]
[495, 48, 5, 5]
[495, 117, 3, 2]
[495, 144, 3, 2]
[495, 72, 8, 3, 2]
[495, 47, 5, 3]
[495, 150, 3]
[495, 132, 4]
[495, 99, 6, 2]
[495, 37, 10, 10]
[495, 173, 5, 5]
[495, 72, 2]
[495, 130, 3, 3]
[495, 116, 4, 2]
[495, 90, 5, 4]
[495, 94, 4, 4]
[495, 134, 3]
[494, 106, 2]
[495, 75, 5, 5]
[495, 139, 5]
[495, 139, 3]
[494, 99, 3]
[495, 53, 7, 7]
[495, 118, 3, 2]
[495, 70, 7, 2]
[495, 109, 3, 2]
[495, 100, 6, 4]
[495, 92, 3, 2]
[495, 161, 2]
[495, 107, 7, 2]
[495, 80, 6, 6]
[495, 112, 6, 2]
[495, 119, 6, 4]
[495, 116, 4, 2]
[495, 92, 7]
[495, 122, 3, 3]
[495, 174, 5, 5]
[495, 100, 4, 2]
[495, 92, 6, 3]
[495, 80, 3, 2]
[495, 150, 3]
[495, 116, 4, 2]
[495, 66, 7, 2]
[495, 124, 2]
[495, 91, 5, 5]
[495, 26, 11]
[495, 114, 3, 2]
[495, 103, 2]
[495, 113, 5, 3]
[495, 95, 3, 2]
[495, 86, 3, 3]
[495, 145, 3, 2]
[495, 109, 4, 2]
[495, 132, 3]
[495, 97, 4, 2]
[495, 131, 3, 3]
[495, 74, 5, 5]
[495, 102, 5, 2]
[495, 111, 3, 2]
[495, 114, 3, 2]
[495, 109, 2]
[495, 109, 4, 2]
[495, 81, 10, 3]
[495, 101, 5, 4]
[495, 133, 4, 2]
[495, 139, 3, 3]
[495, 166, 3]
[495, 99, 3, 2]
[495, 36, 6, 4]
[495, 16, 8]
[495, 65, 5, 3]
[495, 126, 5, 3]
[495, 124, 4]
[495, 86, 5, 2]
[495, 130, 3]
[495, 111, 4, 2]
[495, 110, 5, 4]
[495, 135, 3]
[495, 131, 5, 2]
[495, 88, 4, 3]
[495, 118, 3, 2]
[495, 111, 3, 2]
[495, 77, 5, 2]
[495, 154, 3, 2]
[495, 166, 4]
[495, 42, 7, 7]
[495, 113, 3, 2]
[495, 84, 6, 2]
[495, 26, 10]
[495, 141, 3, 2]
[495, 134, 2]
[495, 117, 3]
[495, 139, 4, 2]
[495, 60, 5, 3]
[495, 116, 3, 2]
[495, 118, 3, 1]
[495, 139, 2]
[495, 105, 3, 2]
[495, 124, 4, 4]
[495, 115, 4, 2]
[495, 100, 8, 2]
[495, 85, 5, 3]
[495, 158, 3, 2]
[495, 87, 5, 2]
[495, 144, 2]
[495, 92, 4, 4]
[495, 98, 4, 2]
[495, 161, 3]
[495, 109, 4, 3]
[495, 133, 4, 2]
[495, 155, 3]
[495, 62, 9, 9]
[495, 125, 5, 5]
[495, 85, 5, 5]
[495, 97, 5, 2]
[495, 128, 3, 2]
[495, 129, 2]
[495, 107, 6, 2]
[495, 144, 2]
[495, 153, 6, 3]
[495, 47, 6, 4]
[495, 95, 6, 4]
[495, 108, 4, 4]
[495, 158, 4]
[495, 76, 6, 6]
[495, 95, 4, 2]
[495, 107, 3, 3]
[495, 69, 4, 2]
[495, 152, 3]
[495, 94, 4, 4]
[495, 143, 2]
[495, 90, 5, 3]
[495, 60, 5, 3]
[495, 112, 4, 4]
[495, 100, 7, 3]
[495, 76, 5, 3]
[495, 145, 3]
[494, 109, 5, 5]
[495, 60, 7, 7]
[495, 42, 6, 6]
[495, 116, 2]
[495, 98, 6, 2]
[495, 128, 5, 2]
[495, 95, 4, 4]
[495, 139, 9]
[495, 15, 9]
[495, 148, 2]
[495, 130, 3]
[495, 185, 5, 5]
[495, 78, 5, 3]
[495, 113, 4]
[495, 76, 7, 5]
[495, 74, 4, 3]
[495, 94, 3, 2]
[495, 85, 5, 2]
[495, 102, 6, 5]
[495, 102, 3, 2]
[495, 151, 3, 2]
[495, 140, 2]
[495, 89, 7, 3]
[495, 105, 4, 2]
[495, 82, 4, 4]
[495, 55, 7, 2]
[495, 148, 2]
[495, 81, 4, 2]
[495, 58, 9, 9]
[495, 86, 3, 2]
[495, 175, 7]
[495, 122, 3, 2]
[495, 97, 6, 3]
[495, 172, 1]
[495, 83, 5, 2]
[495, 92, 6, 4]
[495, 158, 3]
[495, 67, 4, 4]
[495, 102, 5, 3]
[495, 84, 4, 2]
[494, 166, 3]
[495, 120, 2]
[495, 133, 7, 3]
[495, 26, 11]
[495, 92, 4, 3]
[495, 166, 5, 2]
[495, 94, 4, 3]
[495, 95, 4, 3]
[495, 176, 8, 4]
[495, 171, 3]
[495, 109, 3]
[495, 88, 7, 5]
[495, 118, 2]
[495, 76, 7, 2]
[495, 150, 3, 2]
[495, 96, 7, 2]
[495, 92, 4, 4]
[495, 146, 3, 3]
[495, 77, 4, 2]
[495, 129, 2]
[495, 76, 6, 4]
[495, 86, 8, 3]
