[999, 956, 955]
[999, 968]
[999, 975]
[999, 983]
[999, 985, 981]
[999, 992]
[999]
[999, 985, 982]
[999, 973, 971]
[999, 993, 979]
[999, 983, 974]
[999, 984, 976]
[999, 982, 979]
[999, 969, 968]
[999, 991, 983, 975]
[999, 981, 978]
[999, 964, 951]
[999, 979]
[999, 987, 977, 974, 968]
[999, 962, 957]
[999, 988, 986, 978, 974]
[999, 976, 959]
[999, 976, 964]
[999, 975, 967, 954]
[999, 961, 958]
[999, 980, 978]
[999, 971, 966, 964, 953]
[999, 973]
[999, 987, 973, 963]
[999, 986, 982]
[999]
[999, 978, 973]
[999, 958, 949, 945, 940]
[999, 974, 973, 972]
[999, 989]
[999, 992, 984]
[999, 986, 982, 976]
[999, 976, 967]
[999, 983]
[999, 980, 979]
[999, 954]
[999, 976, 957, 955]
[999, 986, 979]
[999, 955]
[999, 978, 976]
[999, 982, 969]
[999, 984, 983, 979, 976]
[999]
[999, 992]
[999]
[999, 979, 976]
[999, 971]
[999, 972, 963]
[999, 962, 951]
[999, 991, 990]
[999, 965]
[999, 965, 951, 944]
[999, 977, 973]
[999, 984, 974, 972]
[999, 986, 978]
[999, 967, 957]
[999, 985]
[999, 984]
[999, 938]
[999, 981, 971]
[999, 985, 976]
[999, 977, 971]
[999, 994, 993]
[999, 980, 966]
[999, 988, 982]
[999, 963, 956]
[999, 973, 965]
[999, 992, 979]
[999, 961, 960]
[999, 976, 952]
[999, 979]
[999, 974, 961, 945]
[999, 986]
[999, 978, 969, 968, 967, 966]
[999, 973]
[999, 965, 959]
[999, 984]
[999, 986]
[999, 971, 965]
[999, 995, 989, 985]
[999, 974]
[999, 972, 958]
[999, 982, 975]
[999, 973]
[999, 996, 993]
[999, 979, 974, 973]
[999, 979, 973]
[999, 989, 983, 980, 979]
[999, 984, 982]
[999, 973, 957]
[999, 994]
[999, 975, 964]
[999, 966]
[999, 991, 973, 967]
[999, 980, 973, 972]
