[999, 983]
[999, 989]
[999, 971, 964, 956]
[999, 979, 965, 959]
[999, 948]
[999, 987]
[999, 951, 934]
[999, 963, 955]
[999, 983, 954, 937]
[999, 939, 934, 931]
[999, 949, 944]
[999, 976, 975]
[999, 951, 939]
[999, 962, 949, 946]
[999, 963, 961]
[999, 998, 997, 996]
[999, 985, 984, 983]
[999, 948, 936, 928]
[999, 962, 960, 942, 940]
[999, 968, 963]
[999, 948, 941]
[999, 965, 950]
[999, 970, 967]
[999, 969, 963, 962]
[999, 947, 917]
[999, 953, 936, 934, 930]
[999, 968]
[999, 961, 932]
[999, 959, 949]
[999, 977, 947, 941, 937]
[999, 981, 980]
[999, 941, 921]
[999, 979, 967, 965]
[999, 969, 953, 942]
[999, 984, 974, 966]
[999, 963, 956]
[999, 962, 953, 952]
[999, 975, 970]
[999, 970, 955, 951]
[999, 960, 946, 940, 939]
[999, 948, 944]
[999, 981, 980]
[999, 967, 944, 934]
[999, 972, 963, 962, 960]
[999, 960, 955]
[999, 920]
[999, 940]
[999, 979, 964, 959, 955]
[999, 950, 922, 916]
[999, 965, 953, 947]
[999, 942, 934]
[999, 968]
[999, 988, 986, 985]
[999, 986, 985]
[999, 977, 954, 946]
[999, 983, 982]
[999, 950, 944]
[999, 920, 917]
[999, 956, 950, 949]
[999, 981]
[999, 952, 940, 939, 931]
[999, 968, 961]
[999, 961, 945, 936, 929]
[999, 982, 974]
[999, 974, 966]
[999, 967, 952, 947]
[999, 967, 962, 961]
[999, 976, 958, 941]
[999, 934]
[999, 956, 942]
[999, 933, 922]
[999, 977, 946]
[999, 960, 935, 927, 926, 916]
[999, 966, 959, 956]
[999, 917]
[999, 989, 970, 968]
[999, 944, 943]
[999, 967, 951, 938]
[999, 956, 948]
[999, 943, 942]
[999, 951]
[999, 955, 936, 928]
[999]
[999, 949, 940, 938]
[999, 973, 964, 958, 942, 938]
[999, 938]
[999, 985, 983, 980]
[999, 990, 989]
[999, 957, 951]
[999, 988, 986, 985]
[999, 969, 958]
[999, 970, 952, 951]
[999, 940, 927]
[999, 928, 925]
[999, 976, 963, 957, 955, 947]
[999, 991]
[999, 995]
[999, 986, 981, 978]
[999, 896]
[999, 968, 961, 959]
