[999, 882, 841, 771, 729]
[999, 871, 840]
[999, 909, 853, 828]
[999, 913, 851, 843]
[999, 901, 846, 812, 810, 806]
[999, 881, 846, 844]
[999, 894, 867, 865]
[999, 886, 832, 795]
[999, 883, 847]
[999, 925, 865, 834, 827, 826]
[999, 876, 841, 832]
[999, 894, 870, 867, 866, 865]
[999, 890, 858]
[999, 870, 844]
[999, 898, 863]
[999, 880, 855]
[999, 891, 848, 774, 735]
[999, 950, 866, 820, 815]
[999, 911, 884]
[999, 858, 826, 820]
[999, 857, 843]
[999, 866, 829, 828]
[999, 909, 858, 769, 710]
[999, 941, 842, 810, 808, 807, 806, 794]
[999, 897, 816, 803]
[999, 868, 843]
[999, 885, 857]
[999, 913, 850, 807, 782]
[999, 888, 868]
[999, 893, 865]
[999, 923, 837, 818]
[999, 925, 844, 825]
[999, 886, 826, 798]
[999, 888, 875]
[999, 908, 848, 807, 770]
[999, 896, 881, 880]
[999, 912, 838, 818]
[999, 967, 936, 911, 900, 896, 895]
[999, 882, 833, 781, 749]
[999, 952, 826, 802, 801]
[999, 922, 891, 887]
[999, 903, 850, 823, 815]
[999, 899, 833, 799]
[999, 916, 881]
[999, 957, 919, 897]
[999, 886, 861]
[999, 888, 857]
[999, 904, 851, 819]
[999, 882, 851, 850]
[999, 915, 865, 827, 820, 816, 814]
[999, 854, 833]
[999, 902, 860, 798, 710]
[999, 865, 836]
[999, 863, 834]
[999, 865, 835]
[999, 878, 845]
[999, 904, 884]
[999, 915, 827, 809]
[999, 891, 835, 798]
[999, 895, 842, 771, 749]
[999, 898, 854, 836, 833]
[999, 844, 831]
[999, 875, 861]
[999, 923, 856, 831]
[999, 897, 851, 811, 741]
[999, 909, 842, 806]
[999, 954, 910, 905]
[999, 883, 855, 853]
[999, 908, 855, 807, 730]
[999, 892, 836, 796, 714]
[999, 907, 846, 816]
[999, 859, 832]
[999, 872, 841, 836]
[999, 908, 844, 811]
[999, 885, 852, 851, 845]
[999, 903, 842, 803, 800]
[999, 866, 830]
[999, 885, 863]
[999, 867, 847]
[999, 858, 829]
[999, 938, 848, 823]
[999, 912, 867, 827, 819, 816, 815]
[999, 881, 847]
[999, 879, 848]
[999, 891, 837, 795, 768]
[999, 875, 860]
[999, 891, 842, 787, 699]
[999, 872, 838]
[999, 856, 839, 833]
[999, 944, 874, 840, 825, 818]
[999, 913, 833, 800]
[999, 945, 828, 799]
[999, 871, 851]
[999, 946, 871, 832, 831]
[999, 883, 801, 778]
[999, 924, 843, 823, 822, 821]
[999, 872, 841]
[999, 880, 858]
[999, 909, 841, 791, 765]
[999, 891, 857, 852]
