[999, 918, 890]
[999, 974, 966]
[999, 955, 938]
[999, 941, 937, 936]
[999, 934]
[999, 942, 921, 916, 911]
[999, 928, 911, 909]
[999, 948, 920, 917]
[999, 960, 947]
[999, 948, 940]
[999, 967, 966]
[999, 922, 903]
[999, 938, 935]
[999, 909, 908]
[999, 955, 953]
[999, 936, 910, 908]
[999, 885, 851]
[999, 920, 898, 892]
[999, 915, 881]
[999, 976, 969]
[999, 918, 894, 893]
[999, 951, 934, 932]
[999, 972, 959, 957]
[999, 919, 908, 906]
[999, 941, 899, 888, 878, 866, 865]
[999, 913, 903, 893, 889]
[999, 962, 943, 942]
[999, 946, 936]
[999, 966, 965]
[999, 884, 869]
[999, 907, 876, 870]
[999, 919, 883, 877, 876]
[999, 961, 950, 947, 945]
[999, 958, 950]
[999, 985, 982]
[999, 985, 979, 978]
[999, 964, 963]
[999, 926, 907, 906]
[999, 954, 950]
[999, 908, 897]
[999, 930, 923]
[999, 912, 901, 894]
[999, 952, 943]
[999, 914, 885, 881, 880]
[999, 916, 908, 904]
[999, 940, 913, 898, 895]
[999, 950, 931, 924, 922, 921]
[999, 988]
[999, 921, 891, 888]
[999, 939, 921, 918, 915, 913]
[999, 913, 888, 872]
[999, 948, 937, 936]
[999, 946, 895, 891, 890]
[999, 958, 946, 941, 934, 932]
[999, 946, 941, 937]
[999, 949, 940, 937]
[999, 898, 873]
[999, 942, 923, 920]
[999, 924, 921]
[999, 940, 919]
[999, 941, 928, 920, 919, 918]
[999, 956, 951, 946]
[999, 961, 950, 949, 947]
[999, 883, 860, 847]
[999, 969, 961, 959, 958]
[999, 969, 965]
[999, 940, 932, 928]
[999, 924, 906, 895, 893]
[999, 917, 899]
[999, 946, 933, 931]
[999, 921, 901, 897]
[999, 890, 876]
[999, 962, 952, 949]
[999, 960, 956, 954]
[999, 898, 872, 870]
[999, 886]
[999, 939, 924, 908]
[999, 948, 928, 927]
[999, 869]
[999, 887, 886]
[999, 951, 943]
[999, 938, 925]
[999, 941, 926, 925]
[999, 964, 962]
[999, 905, 882, 878]
[999, 933, 925]
[999, 935, 924, 909]
[999, 900, 865, 859, 857]
[999, 923, 905, 901]
[999, 977, 974, 973, 972]
[999, 978]
[999, 954, 950, 949]
[999, 956, 948, 947]
[999, 913, 872, 865, 863]
[999, 963, 945, 944, 939, 936, 927]
[999, 936, 923, 917]
[999, 935, 928, 926, 923]
[999, 924, 922, 921]
[999, 953, 943]
[999, 919, 889, 886]
