[999, 955, 954]
[999, 905, 899]
[999, 916, 902, 895]
[999, 985]
[999, 982, 981]
[999, 915, 900, 897]
[999, 919, 917]
[999, 949, 935, 934]
[999, 974, 969]
[999, 922, 902, 893]
[999, 975, 974, 972]
[999, 929, 886, 869]
[999, 948, 923, 922]
[999, 888]
[999, 912, 896, 893]
[999, 897, 879, 877]
[999, 977, 976]
[999, 961, 959]
[999, 915, 890, 882]
[999, 931, 925, 921]
[999, 972, 971]
[999, 910, 899]
[999, 905, 882]
[999, 982, 980, 976]
[999, 956, 949]
[999, 982, 972]
[999, 990, 988]
[999, 957, 951, 948]
[999, 970, 968]
[999, 934, 927, 926, 923]
[999, 971, 969]
[999, 900, 893]
[999, 930, 906, 901, 898]
[999, 970, 961]
[999, 954, 939]
[999, 969, 959]
[999, 961, 957]
[999, 973, 965, 962]
[999, 988]
[999, 972, 967]
[999, 968, 955, 952]
[999, 883]
[999, 910, 907]
[999, 933, 924, 923]
[999, 939, 919, 917]
[999, 937, 915, 905]
[999, 918, 914, 912]
[999, 905, 884]
[999, 955, 942, 939]
[999, 937, 926]
[999, 976]
[999, 882, 881]
[999, 925, 918]
[999, 919, 913, 909, 897, 893]
[999, 963, 954, 952]
[999, 954, 947, 945]
[999, 984]
[999, 899, 875, 867, 866]
[999, 954, 951, 948]
[999, 976, 972, 971]
[999, 971, 969]
[999, 964, 954, 948, 947, 945]
[999, 979, 976]
[999, 954, 953]
[999, 942, 939, 937]
[999, 938, 937]
[999, 967, 964]
[999, 929, 922, 921]
[999, 900]
[999, 953, 944]
[999, 933, 915, 903]
[999, 968]
[999, 968, 962]
[999, 965, 958, 953]
[999, 919, 912, 910]
[999, 950, 941]
[999, 964, 953, 943, 942]
[999, 940, 939]
[999, 915, 914]
[999, 883, 856, 849]
[999, 919, 906, 902]
[999, 976]
[999, 947, 939, 938]
[999, 951, 941]
[999, 957, 945, 939, 938]
[999, 955, 949]
[999, 970, 968]
[999, 943, 913, 894]
[999, 966, 960]
[999, 893, 873, 872]
[999, 933, 927]
[999, 894, 892]
[999, 923, 916, 913]
[999, 965, 953, 947]
[999, 914, 878, 870]
[999, 946, 940]
[999, 980, 975, 974]
[999, 949, 941]
[999, 961, 960]
[999, 923, 913, 910]
