[999, 874, 864]
[999, 930, 929]
[999, 951, 948]
[999, 909]
[999, 886, 884]
[999, 850]
[999, 810, 801]
[999, 886, 884]
[999, 873, 867]
[999, 826, 804]
[999, 941, 940]
[999, 812, 793]
[999, 835, 815, 813]
[999, 880, 878]
[999, 781, 771, 766, 758]
[999, 806, 796, 795]
[999, 923, 922]
[999, 878, 876]
[999, 839, 832]
[999, 878, 874]
[999, 871, 853]
[999, 893, 887, 884]
[999, 845, 837]
[999, 861, 835, 834]
[999, 935]
[999, 860, 857]
[999, 815, 803, 799, 797, 795]
[999, 880, 873]
[999, 898, 895]
[999, 836, 829]
[999, 817, 794, 792]
[999, 938, 934]
[999, 966, 963]
[999, 925, 924]
[999, 820, 810]
[999, 899, 898]
[999, 888, 886]
[999, 798, 767, 766]
[999, 910, 907]
[999, 876, 872]
[999, 840, 834]
[999, 869, 864]
[999, 926, 923]
[999, 932]
[999, 930, 926]
[999, 834, 819]
[999, 854, 852]
[999, 918, 913]
[999, 847, 841]
[999, 869, 862]
[999, 871, 866, 864]
[999, 916]
[999, 990]
[999, 920]
[999, 915, 913]
[999, 860, 852]
[999, 877, 872]
[999, 806, 803]
[999, 959, 957]
[999, 826, 818]
[999, 813, 811]
[999, 845, 844]
[999, 847, 842]
[999, 885, 862, 860, 859]
[999, 936, 934]
[999, 909, 908]
[999, 870, 860, 859]
[999, 826, 805]
[999, 821, 809]
[999, 937, 934]
[999, 884, 882]
[999, 855, 848, 846]
[999, 835, 821, 818]
[999, 865, 861]
[999, 902, 896]
[999, 804, 780, 779]
[999, 861]
[999, 834, 831]
[999, 907, 903, 902]
[999, 870, 860]
[999, 868, 866, 865]
[999, 975, 974]
[999, 882, 881]
[999, 877, 874]
[999, 950, 949]
[999, 907]
[999, 873, 869]
[999, 954, 950]
[999, 806, 791]
[999, 925, 920, 918]
[999, 909, 905]
[999, 856, 853]
[999, 884, 883]
[999, 856, 852]
[999, 823, 821, 820]
[999, 863, 846, 845]
[999, 876, 871]
[999, 861]
[999, 933, 931]
[999, 922, 920]
