[499, 466, 462, 457]
[499, 473, 467]
[499, 456, 446, 445]
[499, 438, 434]
[499, 445, 443]
[499, 445]
[499, 410, 406]
[499, 475, 473]
[499, 475, 473]
[499, 467]
[499, 451, 445]
[499, 482]
[499, 445, 441]
[499, 456, 452, 451]
[499, 459, 451]
[499, 449, 447]
[499, 476, 475]
[499, 469, 464]
[499, 451, 450]
[499, 475, 468, 466]
[499, 451, 445, 444]
[499, 440, 432]
[499, 464, 460]
[499, 463, 458]
[499, 475]
[499, 473, 471]
[499, 456, 448, 446]
[499, 462, 443, 442]
[499, 443, 439, 435]
[499, 445, 444]
[499, 438, 422, 419]
[499, 439, 418, 408]
[499, 451, 448]
[499, 476, 473, 472]
[499, 445, 440, 438]
[499, 409, 404]
[499, 470, 465, 464, 463]
[499, 442, 438]
[499, 462, 457]
[499, 463, 448, 441]
[499, 474, 473, 472, 470]
[499, 450, 439]
[499, 440, 433]
[499, 466, 461, 459]
[499, 448, 440, 437]
[499, 486, 485]
[499, 441, 436, 434]
[499, 465, 463]
[499, 436, 432, 428]
[499, 449, 441]
[499, 436]
[499, 464, 462]
[499, 443, 435, 434]
[499, 443, 427, 426, 424]
[499, 433]
[499, 473]
[499, 464, 458]
[499, 459, 455, 454, 453]
[499, 437, 432]
[499, 478, 477]
[499, 467, 450]
[499, 451, 438]
[499, 463, 450, 448, 447]
[499, 475]
[499, 454, 441, 439, 435]
[499, 447, 438]
[499, 431, 423, 419]
[499, 471, 470]
[499, 435, 429]
[499, 479]
[499, 474, 468]
[499, 435, 423, 420]
[499, 453, 450]
[499, 481, 478]
[499, 464, 463]
[499, 478, 475]
[499, 443, 439, 435]
[499, 454, 448]
[499, 483, 482]
[499, 486]
[499, 444, 437]
[499, 451, 449]
[499, 463, 460]
[499, 467, 465]
[499, 455, 445]
[499, 469, 465]
[499, 483]
[499, 478]
[499, 476, 464, 454]
[499, 447, 440]
[499, 459, 457, 456]
[499, 476]
[499, 466, 459]
[499, 449, 448]
[499, 461]
[499, 480]
[499, 436, 432, 431]
[499, 453, 449, 448]
[499, 483, 481]
[499, 463, 456, 452, 451]
