[1.8, 0.18]
[8.43, 1.49, 0.85, 0.62]
[6.76, 0.44]
[8.16, 1.72, 1.14, 0.74]
[8.02, 0.39]
[6.17, 0.32]
[9.51, 2.25, 0.72, 0.59]
[7.98, 0.3]
[8.1, 2.86, 1.88]
[4.78, 0.43, 0.42]
[4.79, 0.21]
[6.37, 0.29, 0.29]
[2.4, 0.2]
[8.0, 4.34, 1.89, 1.41]
[6.51, 0.24]
[7.87, 0.59, 0.57]
[8.6, 1.98, 0.48]
[7.26, 0.46, 0.42]
[5.91, 0.23]
[2.9, 0.15]
[10.55, 1.81, 0.35]
[7.62, 0.65, 0.37]
[9.68, 2.57, 1.03, 0.92]
[5.17, 0.2]
[9.42, 5.68, 4.22]
[7.63, 0.35]
[6.71, 0.34]
[1.65, 0.08]
[8.12, 1.58, 0.94]
[9.36, 0.85, 0.54]
[9.94, 3.7, 0.73]
[8.44, 0.55, 0.38]
[9.8, 3.15, 1.94, 1.15]
[8.58, 2.42, 1.06, 0.91]
[5.19, 0.21]
[4.31, 0.13]
[7.0, 1.36, 0.58, 0.57]
[3.63, 0.2]
[7.1, 2.76, 1.99, 1.07, 0.58]
[8.29, 0.86, 0.77]
[9.13, 3.78, 0.93]
[7.8, 0.29]
[9.24, 2.55, 1.05]
[5.74, 0.45, 0.36]
[7.7, 0.93, 0.77, 0.59]
[7.64, 0.44, 0.36]
[7.17, 1.15, 0.67]
[7.51, 0.4]
[4.02, 0.31, 0.29]
[8.08, 1.27, 0.71, 0.56]
[9.0, 0.59, 0.5]
[7.82, 3.11, 0.6, 0.55]
[3.19, 0.18]
[3.65, 0.17]
[3.72, 0.15]
[8.65, 4.46, 3.89]
[8.27, 0.58, 0.54, 0.42]
[8.61, 1.86, 0.36]
[9.18, 0.36, 0.36]
[7.31, 0.45, 0.38]
[6.5, 0.77]
[4.62, 0.5, 0.41]
[8.08, 0.61, 0.54]
[8.52, 1.18, 0.68]
[6.23, 0.44, 0.39]
[6.77, 0.24, 0.23]
[5.02, 0.19]
[6.39, 0.45]
[6.15, 0.42]
[7.43, 0.33, 0.33]
[9.18, 2.16, 0.55]
[7.37, 1.1, 0.41]
[6.21, 0.26]
[12.78, 8.84, 7.38, 7.24]
[6.29, 0.31, 0.3, 0.26]
[4.28, 0.16, 0.16]
[7.82, 2.43, 0.55]
[5.37, 0.23]
[4.15, 0.35, 0.31]
[7.39, 1.74, 0.59, 0.42]
[7.43, 1.23, 0.54]
[6.81, 0.38]
[7.24, 0.36]
[6.47, 1.44, 0.98]
[7.14, 0.34]
[7.42, 0.33]
[7.56, 1.62, 0.43]
[6.59, 0.52, 0.37]
[7.97, 4.03, 3.15, 3.02, 2.98]
[8.49, 0.65, 0.41]
[9.48, 2.66, 0.97, 0.53, 0.51]
[3.83, 0.14]
[5.2, 0.45, 0.36]
[6.43, 0.49]
[7.74, 2.29, 0.53]
[8.26, 2.79, 1.24, 0.84]
[7.99, 4.64, 3.94]
[6.29, 0.56, 0.51, 0.47]
[8.43, 1.36, 1.05, 0.53]
[7.82, 0.97, 0.39]
