[7.28, 0.29, 0.28]
[7.57, 0.21, 0.2]
[8.49, 0.76, 0.57]
[7.18, 0.23, 0.21]
[7.57, 0.27, 0.26]
[7.82, 0.24, 0.23]
[7.99, 0.22, 0.21]
[7.85, 0.22, 0.2]
[7.61, 0.18, 0.17]
[4.65, 0.14, 0.13]
[8.21, 0.17, 0.16]
[6.6, 0.18, 0.17]
[4.26, 0.15, 0.14]
[8.09, 0.5, 0.48]
[8.16, 0.2, 0.18]
[9.17, 0.17, 0.16]
[10.06, 0.59, 0.54]
[6.82, 0.21, 0.19, 0.04]
[7.65, 0.15, 0.14]
[6.29, 0.25, 0.23, 0.05]
[5.55, 0.11, 0.09]
[7.54, 0.18, 0.18]
[8.88, 0.17, 0.17]
[9.52, 1.9, 1.23, 1.22]
[9.24, 0.51, 0.3, 0.22, 0.04]
[7.45, 0.3, 0.3, 0.05]
[9.2, 0.2, 0.19]
[7.75, 0.2, 0.19]
[5.36, 0.24, 0.22]
[7.07, 0.18, 0.16]
[8.25, 0.18, 0.17]
[6.14, 0.21, 0.19]
[9.46, 0.14, 0.14]
[8.55, 0.16, 0.15]
[7.46, 0.22, 0.21]
[5.24, 0.22, 0.21, 0.05]
[7.55, 0.23, 0.22]
[7.93, 0.22, 0.22]
[5.57, 0.14, 0.12]
[4.24, 0.18, 0.17]
[7.13, 0.22, 0.2]
[8.56, 0.27, 0.27]
[8.72, 0.33, 0.22]
[4.52, 0.16, 0.14]
[9.65, 0.45, 0.26]
[6.61, 0.15, 0.13]
[7.32, 0.23, 0.22]
[0.1, 0.05]
[6.93, 0.2, 0.19]
[8.17, 0.29, 0.26]
[4.3, 0.12, 0.11]
[9.74, 0.54, 0.56]
[5.75, 0.26, 0.24]
[7.23, 0.2, 0.18, 0.05]
[7.38, 0.25, 0.24]
[7.7, 0.25, 0.25]
[7.17, 0.28, 0.28]
[7.02, 0.21, 0.19]
[6.51, 0.14, 0.13]
[7.05, 0.18, 0.16, 0.04]
[4.82, 0.2, 0.18]
[4.65, 0.16, 0.14]
[9.42, 0.3, 0.3]
[7.11, 0.22, 0.21]
[7.6, 0.27, 0.27]
[6.18, 0.13, 0.11]
[4.87, 0.12, 0.1, 0.05]
[6.3, 0.2, 0.19]
[7.49, 0.25, 0.25]
[5.49, 0.12, 0.11]
[5.94, 0.21, 0.19, 0.06]
[6.68, 0.17, 0.15]
[7.04, 0.17, 0.16]
[7.6, 0.19, 0.18]
[6.86, 0.15, 0.13]
[9.31, 0.26, 0.25]
[6.84, 0.25, 0.25]
[8.52, 0.35, 0.33]
[6.91, 1.12, 0.39, 0.34, 0.06]
[7.44, 0.21, 0.2]
[5.03, 0.14, 0.13]
[8.78, 0.39, 0.39]
[5.6, 0.11, 0.1]
[9.85, 0.47, 0.48]
[6.05, 0.16, 0.13, 0.05]
[7.98, 0.46, 0.43]
[5.58, 0.13, 0.12]
[7.67, 0.36, 0.35, 0.13, 0.05]
[7.15, 0.2, 0.2]
[8.08, 0.28, 0.28]
[5.59, 0.31, 0.29, 0.05]
[4.77, 0.17, 0.15, 0.05]
[7.87, 0.24, 0.24]
[5.52, 0.28, 0.25, 0.11, 0.04]
[7.27, 0.43, 0.43, 0.05, 0.05]
[3.47, 0.1, 0.09]
[6.5, 0.24, 0.23]
[8.28, 0.18, 0.16]
[9.18, 0.28, 0.26]
[5.0, 0.21, 0.2, 0.05]
