[9.93, 3.42, 1.94, 1.4, 0.69]
[6.69, 1.34, 0.61]
[6.62, 0.5, 0.47]
[9.18, 3.09, 2.54, 2.27]
[8.07, 3.19, 1.56, 1.46, 1.13]
[8.19, 0.68]
[6.38, 0.44, 0.44]
[8.4, 5.5, 3.81, 2.81]
[7.44, 1.32, 0.65]
[5.63, 0.29]
[4.2, 0.21]
[9.4, 1.51, 0.87]
[8.82, 2.31, 1.71, 1.39]
[5.98, 0.48, 0.43]
[10.09, 5.9, 4.12, 3.72]
[5.69, 0.25]
[7.12, 1.21, 0.84]
[9.93, 5.67, 3.77, 3.7, 3.63]
[7.38, 3.81, 2.48, 1.23]
[5.84, 0.25, 0.25]
[4.1, 0.17]
[5.61, 0.34]
[10.47, 2.24, 1.47, 0.77]
[5.39, 0.29]
[5.15, 0.36]
[7.1, 1.31, 0.73, 0.61]
[7.68, 0.97, 0.7]
[7.67, 1.45, 0.62]
[6.51, 1.76, 0.61]
[6.34, 1.23, 0.42]
[3.0, 0.14]
[9.6, 5.52, 3.68, 3.49, 3.42, 3.41]
[7.43, 1.93, 0.89, 0.63]
[5.49, 0.33, 0.32]
[9.18, 4.98, 3.82]
[6.66, 3.0, 1.31]
[7.61, 5.02, 2.46, 1.39, 0.87]
[7.79, 1.07, 0.83]
[8.95, 2.46, 1.45]
[8.51, 3.58, 2.29, 2.14]
[2.92, 0.4]
[5.75, 3.25, 2.54, 2.25, 1.85]
[7.54, 2.52, 1.01]
[6.13, 1.31, 0.37]
[7.58, 0.3]
[9.16, 5.13, 2.46, 1.75, 1.51, 1.25]
[5.35, 0.4]
[8.61, 5.52, 3.57, 3.42, 3.07]
[6.26, 0.28]
[8.04, 2.21, 1.19]
[8.25, 0.39]
[5.96, 0.42, 0.39]
[6.23, 1.2, 0.49]
[6.4, 1.71, 0.57]
[6.78, 0.5]
[8.1, 2.87, 2.34]
[8.68, 4.84, 4.31]
[6.36, 1.71, 1.11, 0.89, 0.68]
[8.3, 3.74, 3.17]
[6.26, 0.51]
[7.41, 1.25, 0.88, 0.55]
[8.59, 2.49, 1.02, 0.71]
[5.69, 0.89, 0.46]
[3.02, 0.27]
[7.2, 0.34]
[9.81, 4.87, 2.53, 2.27]
[8.2, 0.88, 0.65]
[6.27, 0.63, 0.6, 0.42]
[8.24, 4.95, 2.15, 1.81]
[3.51, 0.19]
[5.12, 0.17]
[2.31, 0.18]
[5.27, 0.19]
[5.79, 0.24]
[6.17, 0.53]
[8.65, 5.34, 3.94, 1.81]
[6.79, 1.86, 0.89]
[6.3, 1.69, 0.78]
[7.52, 0.46, 0.46]
[4.41, 0.2]
[5.36, 0.23, 0.23]
[7.95, 0.53]
[7.6, 2.17, 1.16]
[7.7, 2.42, 1.9, 1.85]
[7.56, 0.29]
[7.06, 0.58, 0.48]
[7.08, 2.98, 0.68]
[10.33, 7.5, 4.38, 2.77, 2.69, 2.15]
[7.83, 1.42, 1.1]
[9.0, 0.92, 0.6, 0.5]
[7.65, 3.89, 2.64, 0.96]
[6.82, 4.6, 3.38, 2.67, 2.56]
[5.29, 0.52]
[7.85, 0.98, 0.61]
[8.02, 2.86, 1.29]
[4.51, 0.3]
[1.75, 0.13]
[6.65, 1.38, 0.74]
[7.46, 0.66]
[4.61, 0.32]
