[0.77, 0.37]
[3.42, 0.44]
[4.84, 0.3]
[4.43, 1.32, 1.06, 0.88]
[2.94, 0.47]
[4.2, 0.34, 0.34]
[1.86, 0.42]
[2.06, 0.27]
[2.86, 0.61]
[3.87, 0.39]
[2.42, 0.57, 0.34]
[2.31, 0.42]
[3.5, 0.43]
[4.28, 0.89]
[2.81, 0.44]
[4.51, 1.02, 0.79]
[2.32, 0.43, 0.31]
[3.15, 0.7, 0.46]
[1.92, 0.28]
[2.68, 0.25]
[2.04, 0.19]
[2.61, 0.58, 0.47]
[2.3, 0.47, 0.42]
[2.29, 0.39, 0.38]
[2.89, 0.46, 0.45]
[3.18, 0.44, 0.38]
[2.6, 0.31]
[1.58, 0.21]
[5.33, 0.67, 0.39]
[2.56, 0.46]
[2.37, 0.33]
[3.48, 0.43, 0.4]
[1.86, 0.21]
[2.84, 0.49]
[4.06, 1.24, 0.59]
[3.96, 2.45, 1.78, 1.35, 1.2]
[2.5, 0.38]
[5.41, 1.69, 0.97]
[2.71, 0.41]
[2.25, 0.29]
[2.64, 0.24]
[1.19, 0.31, 0.3]
[2.23, 0.33]
[2.11, 0.36]
[4.69, 0.55, 0.53]
[3.91, 1.21, 0.66]
[4.03, 0.81, 0.35]
[2.16, 0.27, 0.26]
[4.0, 0.7, 0.58]
[2.08, 0.42]
[5.02, 0.96, 0.7]
[5.5, 0.83, 0.64]
[2.44, 0.28]
[4.71, 2.62, 1.21, 1.07, 0.72, 0.69]
[2.8, 0.59]
[3.16, 0.33]
[4.36, 0.7, 0.57]
[2.81, 0.28]
[2.53, 0.17]
[2.58, 0.34]
[3.88, 0.45]
[3.09, 0.48]
[2.55, 0.43, 0.38]
[4.53, 0.95, 0.91, 0.82]
[2.65, 0.31]
[1.48, 0.24]
[2.15, 0.61, 0.48]
[3.69, 0.36]
[3.75, 0.48]
[2.5, 0.4]
[3.01, 0.37]
[1.64, 0.35]
[2.11, 0.27]
[2.7, 0.56]
[4.19, 0.34]
[4.12, 3.19, 3.04, 2.94, 2.52]
[4.49, 0.54, 0.48]
[2.8, 0.44]
[3.29, 0.44, 0.34]
[2.96, 0.45]
[2.83, 0.41]
[2.16, 1.63, 0.75]
[2.8, 0.72, 0.66]
[2.04, 0.47]
[3.44, 0.33]
[5.05, 0.49]
[3.9, 0.35]
[2.73, 1.03, 0.58]
[3.75, 0.81, 0.59]
[2.12, 0.19]
[3.46, 0.85, 0.72]
[2.73, 0.22]
[0.68, 0.37]
[2.82, 0.56, 0.47]
[1.93, 0.36, 0.32]
[2.66, 1.29, 0.65]
[3.1, 0.35]
[2.8, 0.35]
[1.72, 0.32]
[3.06, 0.44, 0.36]
