[17.78, 2.54, 1.41, 0.98, 0.75]
[17.84, 6.1, 3.03, 2.12, 2.11]
[9.83, 0.19, 0.19]
[16.69, 3.03, 1.9, 1.74]
[9.96, 0.13, 0.12]
[12.35, 0.94, 0.34, 0.27]
[20.52, 10.96, 6.99, 5.53, 5.3, 4.76]
[15.62, 5.41, 4.88]
[15.09, 1.87, 1.28]
[14.03, 1.37, 0.93]
[17.13, 3.86, 2.33, 1.47]
[18.36, 2.61, 0.46, 0.42]
[15.84, 5.26, 4.39, 4.32]
[14.13, 1.29, 0.89, 0.31]
[7.14, 1.12, 0.89]
[17.33, 3.97, 3.12]
[18.87, 9.14, 7.89, 7.65]
[18.48, 11.95, 10.73]
[14.33, 2.07, 0.39]
[0.15, 0.03]
[17.64, 6.64, 5.39, 5.22]
[17.39, 4.93, 1.8, 0.38]
[12.84, 0.59, 0.3]
[15.37, 7.53, 6.98, 6.92]
[14.12, 2.78, 1.71, 1.36, 1.31]
[18.88, 10.02, 8.57, 8.39]
[14.85, 4.67, 3.14, 2.98, 2.8]
[16.19, 3.8, 0.67, 0.61, 0.45]
[13.01, 0.23, 0.2]
[8.01, 0.57, 0.14, 0.13, 0.1]
[17.46, 7.11, 5.8, 5.61]
[20.66, 13.47, 12.41]
[17.37, 4.78, 3.97, 3.85]
[16.92, 9.61, 9.26, 9.2, 9.08]
[21.18, 12.23, 11.49, 11.35]
[12.6, 0.24, 0.2]
[16.26, 7.03, 5.59, 5.52, 5.43]
[16.73, 5.85, 5.13, 4.8]
[9.91, 0.16, 0.16]
[14.07, 0.38, 0.2]
[15.07, 2.36, 0.84, 0.76, 0.32]
[14.86, 1.83, 1.69]
[16.31, 3.37, 2.18, 1.94]
[16.26, 3.89, 3.26]
[17.83, 9.58, 9.09]
[10.04, 0.74, 0.62]
[11.49, 0.16, 0.14]
[10.8, 0.62, 0.36]
[20.16, 8.95, 7.51, 7.24, 7.01]
[9.52, 0.24, 0.23]
[17.51, 2.66, 1.65, 1.12]
[0.01, 0.01]
[12.53, 1.29, 0.35]
[3.51, 0.05]
[19.71, 6.97, 3.95, 3.46]
[20.78, 9.26, 4.92, 3.98, 3.0, 2.44]
[6.68, 0.15, 0.14]
[13.41, 1.01, 0.64, 0.51]
[17.52, 0.65, 0.36]
[14.05, 3.37, 2.85, 2.61]
[19.2, 7.7, 6.96, 6.87]
[12.62, 0.33, 0.27]
[11.59, 0.58, 0.36]
[14.62, 1.99, 1.62, 1.46]
[9.76, 0.27, 0.19]
[2.83, 0.11]
[15.64, 1.47, 0.73, 0.63]
[20.31, 7.26, 2.33, 0.86, 0.76]
[15.54, 0.27, 0.25]
[0.6, 0.02]
[10.52, 0.93, 0.24]
[6.76, 0.1, 0.09]
[10.01, 0.5, 0.34]
[3.63, 0.04]
[19.62, 7.69, 4.36, 4.19]
[15.6, 0.57, 0.18]
[9.21, 0.99, 0.95, 0.89]
[7.58, 0.06, 0.05]
[21.69, 15.79, 15.64, 15.35]
[19.56, 3.21, 0.49]
[12.02, 0.72, 0.34]
[0.1, 0.01]
[16.89, 3.12, 2.12, 1.47, 1.03]
[14.42, 2.01, 1.42, 1.13, 1.11]
[13.39, 0.98, 0.46]
[2.44, 0.13]
[14.68, 0.92, 0.67, 0.58, 0.26]
[14.94, 2.09, 0.51, 0.4]
[9.94, 0.51, 0.23]
[19.35, 6.69, 3.65, 2.64, 2.6]
[13.86, 3.38, 0.97, 0.71, 0.51]
[17.32, 2.84, 2.2, 1.9]
[6.31, 0.1]
[6.49, 0.1]
[16.55, 6.15, 4.73, 4.45]
[19.08, 7.42, 6.52, 6.41]
[15.28, 1.07, 0.34]
[13.53, 1.81, 1.12, 1.08]
[19.46, 5.38, 3.24, 2.72]
[12.31, 0.44, 0.17]
