[9.11, 1.55, 0.83]
[11.46, 1.25, 0.92]
[4.39, 0.62]
[7.24, 0.37]
[8.56, 0.41]
[12.56, 8.27, 3.86, 2.55]
[10.58, 0.77]
[9.91, 1.58, 0.78]
[13.47, 4.5, 2.29, 0.83]
[7.61, 0.26, 0.25]
[12.58, 4.3, 2.05, 1.89]
[9.18, 3.08, 2.6, 1.05]
[1.48, 0.36]
[9.44, 2.07, 0.93]
[10.3, 2.33, 1.59]
[12.23, 2.21, 0.54]
[6.8, 0.82, 0.38]
[4.25, 0.4, 0.38]
[12.09, 3.1, 2.59]
[9.17, 1.41, 0.76, 0.56]
[8.78, 0.35]
[5.15, 0.21]
[3.09, 0.17]
[6.73, 0.34]
[10.83, 2.29, 1.54, 1.01]
[14.08, 7.16, 5.96, 5.7]
[11.24, 2.78, 2.67]
[11.25, 2.74, 0.98]
[8.5, 0.45, 0.44]
[8.62, 2.0, 1.41, 1.36, 1.0]
[8.16, 2.96, 2.43, 2.34, 2.26]
[8.4, 0.41]
[9.8, 1.27, 0.56]
[8.7, 0.6, 0.6]
[7.44, 0.43]
[7.52, 0.28]
[6.9, 0.69]
[10.05, 0.64]
[11.84, 2.24, 0.91]
[5.69, 0.35]
[4.36, 0.46, 0.45]
[8.51, 0.54, 0.47]
[4.64, 0.34]
[5.36, 0.26]
[11.01, 1.0, 0.81]
[9.28, 2.92, 1.79]
[9.77, 2.17, 0.81]
[10.68, 1.53, 1.51]
[7.16, 0.84]
[8.83, 0.56, 0.51]
[8.59, 0.32]
[0.25, 0.14]
[2.36, 0.17]
[11.16, 2.45, 1.36]
[11.0, 0.46, 0.42]
[3.66, 0.14]
[14.99, 4.11, 2.8, 2.76]
[11.81, 0.93, 0.86]
[8.89, 0.88]
[0.25, 0.19]
[6.18, 0.33]
[7.58, 0.93, 0.69]
[8.26, 0.52]
[12.06, 3.12, 0.57]
[7.55, 0.44]
[9.27, 0.98]
[5.44, 0.35]
[10.06, 2.21, 1.37, 0.79]
[9.47, 0.62]
[10.89, 0.89, 0.9]
[8.38, 0.53]
[11.36, 3.27, 0.88]
[11.46, 1.71, 0.81]
[8.15, 0.37, 0.36]
[11.07, 3.97, 2.26]
[6.57, 1.09, 0.91]
[8.21, 1.21, 0.96]
[13.15, 5.33, 1.68]
[6.08, 0.44]
[13.3, 2.62, 2.47]
[10.37, 1.51, 1.45]
[13.78, 2.69, 1.55]
[10.08, 3.11, 2.72, 2.6]
[9.76, 2.55, 0.8]
[8.05, 2.56, 1.17]
[7.96, 0.42]
[10.88, 6.28, 3.15]
[7.41, 0.74, 0.5]
[7.28, 1.46, 0.76]
[8.97, 0.34]
[11.49, 3.7, 3.35]
[7.78, 0.66, 0.56]
[11.09, 1.84, 0.91]
[8.27, 0.63, 0.56]
[8.72, 0.98]
[11.66, 0.63, 0.57]
[8.91, 3.0, 1.18]
[14.05, 8.0, 6.02, 5.97]
[10.68, 2.05, 0.9]
[14.44, 7.72, 1.75, 1.19]
