[999, 588, 232, 146, 121]
[999, 719, 388, 245, 203, 201]
[999, 682, 299, 135, 101, 95]
[999, 477, 110, 62]
[999, 835, 768, 760, 757]
[999, 648, 273, 181, 166, 161]
[999, 766, 560, 481, 458, 457]
[999, 807, 637, 568, 558, 552, 551]
[999, 537, 163, 106, 105, 82]
[998, 644, 262, 136, 102]
[999, 265, 19, 19]
[999, 824, 719, 697, 696]
[999, 840, 763, 757, 753]
[999, 801, 659, 609, 603, 601]
[999, 813, 712, 684, 674]
[999, 629, 255, 132, 109, 107]
[999, 650, 289, 105, 98]
[999, 810, 645, 530, 486, 464, 461]
[999, 769, 500, 304, 202, 185]
[999, 721, 460, 301, 226, 222]
[999, 753, 462, 273, 188, 177, 174]
[999, 708, 354, 170, 136, 116, 47]
[999, 640, 272, 156, 149, 148]
[999, 472, 119, 35]
[999, 594, 223, 144, 100, 99]
[999, 525, 130, 97]
[999, 631, 275, 167, 134]
[999, 774, 520, 370, 288, 261, 256]
[999, 610, 237, 153, 109]
[999, 635, 317, 175, 122]
[999, 849, 791, 773, 769]
[999, 826, 702, 643, 631]
[999, 698, 362, 175, 135, 126]
[999, 889, 865, 859]
[998, 682, 316, 169, 153, 151, 144]
[999, 736, 349, 210, 154, 152]
[999, 385, 43, 42]
[999, 776, 519, 305, 193, 164]
[999, 621, 162, 118, 118]
[999, 694, 304, 179, 137, 53, 51]
[999, 710, 410, 232, 177, 165, 161]
[999, 532, 197, 134, 130]
[999, 441, 152, 87]
[999, 657, 228, 145, 60, 60]
[999, 592, 182, 96, 94]
[999, 549, 155, 63, 62]
[999, 681, 348, 228, 182, 177]
[999, 795, 640, 573, 557, 550]
[999, 243, 89, 63]
[999, 755, 507, 309, 233, 169, 163]
[999, 539, 69, 48]
[999, 592, 183, 128, 121, 118]
[999, 136, 14, 14]
[999, 509, 152, 120, 112]
[999, 702, 343, 212, 164, 160]
[999, 733, 480, 346, 276, 246, 243]
[999, 778, 542, 374, 309, 291, 280, 277]
[999, 449, 24, 24]
[999, 766, 521, 291, 204, 187]
[999, 221, 31, 31]
[999, 635, 261, 133, 119]
[999, 609, 231, 149, 122]
[999, 680, 292, 182, 164, 163]
[999, 707, 335, 195, 141, 130, 121]
[999, 798, 621, 544, 531, 523]
[999, 308, 40, 40]
[999, 554, 194, 130, 125]
[999, 662, 307, 166, 141, 116]
[999, 701, 385, 258, 208, 179, 170]
[999, 642, 290, 115, 108]
[999, 774, 507, 336, 234, 208, 203]
[999, 738, 459, 243, 175, 154, 152]
[999, 734, 512, 356, 277, 226, 220, 219, 218]
[999, 491, 134, 110]
[999, 636, 274, 187, 166]
[999, 692, 314, 156, 138, 116, 109]
[999, 634, 317, 206, 193]
[999, 653, 242, 146, 131, 99, 65]
[999, 799, 662, 590, 569]
[999, 759, 488, 293, 234, 224, 223]
[999, 580, 218, 142, 140]
[999, 83, 30]
[998, 417, 87, 65]
[999, 596, 249, 166, 157]
[999, 603, 249, 99, 87, 84, 64]
[999, 636, 263, 157, 127]
[999, 786, 571, 462, 370, 340, 327, 326]
[999, 715, 432, 218, 149, 142]
[999, 481, 76, 70]
[999, 526, 156, 142]
[999, 826, 717, 695, 692]
[999, 332, 24, 24]
[999, 631, 216, 165, 133, 132]
[999, 607, 244, 131, 120, 90]
[999, 582, 181, 48, 48]
[999, 677, 274, 70, 69, 63, 25]
[999, 513, 153, 129, 123]
[999, 343, 16, 16]
[999, 721, 406, 249, 176, 80]
[999, 603, 283, 178, 170]
[999, 729, 336, 155, 136]
[999, 691, 298, 131, 50]
[999, 159, 11]
[999, 759, 416, 207, 136, 119]
[999, 450, 123, 79, 44]
[999, 599, 195, 72, 61]
[999, 611, 251, 160, 152]
[999, 875, 830, 815, 810]
[999, 857, 745, 717]
[999, 484, 136, 118, 84]
[999, 816, 701, 657, 655, 652]
[999, 821, 680, 624, 623]
[999, 599, 248, 140, 132, 128]
[999, 832, 721, 697, 696]
[999, 414, 126, 55]
[999, 710, 366, 190, 160, 154, 152]
[999, 559, 223, 29, 27]
[998, 696, 278, 122, 63, 61, 60, 58, 55]
[999, 664, 277, 133, 111, 106]
[999, 493, 167, 98, 92]
[999, 360, 66, 60]
[999, 405, 20, 17]
[999, 500, 45, 45]
[999, 615, 248, 147, 137]
[999, 227, 17, 16]
[999, 709, 354, 182, 163]
[999, 719, 347, 209, 187, 186]
[999, 575, 175, 110, 43, 43]
[999, 644, 290, 154, 138, 137]
[999, 718, 394, 243, 189, 157, 153]
[999, 736, 399, 258, 230, 210, 208]
[999, 790, 590, 449, 328, 281, 280]
[999, 406, 67, 62]
[999, 304, 41, 41]
[999, 667, 302, 188, 179, 175, 174]
[999, 689, 331, 181, 165, 159]
[999, 703, 350, 150, 143]
[999, 783, 507, 317, 229, 202, 195]
[999, 482, 43, 43]
[999, 750, 447, 275, 192, 164]
[999, 723, 431, 265, 221, 198]
[999, 733, 412, 241, 167, 160]
[999, 758, 519, 358, 265, 236, 228, 226]
[999, 470, 137, 97, 92]
[999, 786, 638, 590, 572]
[999, 374, 65, 58]
[999, 613, 237, 127, 121, 118, 92]
[999, 817, 676, 643, 636]
[999, 741, 403, 221, 142, 134, 132]
[999, 582, 217, 123, 105, 74, 69]
[999, 744, 471, 315, 271, 248, 246]
[999, 660, 310, 161, 110, 43, 22]
[999, 852, 791, 782]
[999, 293, 66, 38]
[999, 226, 23, 23]
[999, 419, 49, 49]
[999, 595, 256, 144, 52]
[999, 712, 358, 195, 146]
[999, 693, 346, 218, 177, 174]
[999, 779, 578, 418, 292, 217, 199, 189, 171]
[999, 645, 269, 156, 116]
[999, 614, 259, 155, 141, 139, 130]
[999, 585, 204, 127, 74, 54]
[999, 756, 483, 332, 251, 220, 218]
[999, 671, 352, 193, 161, 130, 122, 119]
[999, 833, 765, 751, 746]
[999, 757, 493, 350, 301, 277, 269, 268]
[999, 750, 551, 416, 323, 296, 288, 285]
[999, 688, 331, 189, 166]
[999, 206, 9, 9]
[999, 744, 474, 269, 180, 151]
[999, 774, 628, 578, 571]
[999, 564, 179, 132]
[999, 430, 111, 85]
[999, 752, 544, 378, 278, 259, 254, 252]
[999, 696, 282, 145, 136, 128]
[999, 744, 462, 344, 290, 281]
[999, 788, 619, 537, 502, 496]
[999, 417, 137, 124, 120]
[999, 619, 256, 108, 102]
[999, 788, 577, 419, 276, 222, 209, 205]
[999, 439, 52, 52]
[999, 762, 541, 376, 278, 218, 201, 177, 164]
[999, 840, 721, 692, 687, 685]
[999, 775, 541, 366, 250, 211]
[999, 650, 249, 100, 44]
[999, 657, 277, 153, 147]
[999, 794, 612, 498, 469, 463, 454]
[999, 816, 653, 545, 507, 503]
[999, 718, 341, 204, 132, 91]
[999, 695, 336, 145, 114, 110]
[999, 888, 846]
[999, 706, 432, 218, 180, 175]
[999, 577, 271, 181, 145, 119, 118]
[999, 777, 642, 624, 621]
[999, 736, 417, 217, 146, 108]
[999, 700, 327, 170, 141]
[999, 764, 563, 380, 305, 281, 279]
[999, 507, 196, 138, 127]
[999, 612, 236, 121, 112, 96]
[999, 615, 203, 64, 60, 36]
[999, 668, 353, 210, 168]
[999, 519, 195, 137]
[999, 736, 355, 207, 147, 140, 104]
[999, 731, 332, 191, 159, 153, 150]
[999, 827, 697, 672, 671, 669, 663, 658]
[999, 656, 310, 168, 135, 134]
[999, 660, 326, 228, 219, 215]
[999, 771, 531, 343, 240, 171, 168]
[999, 843, 738, 719, 717]
[999, 621, 217, 132, 106]
[999, 651, 298, 173, 141, 125, 122]
[999, 816, 661, 582, 578]
[999, 556, 157, 104, 100]
[999, 711, 379, 196, 123, 119]
[999, 563, 221, 138, 121]
[999, 343, 37, 37]
[999, 499, 161, 63, 59]
[999, 251, 54, 35]
[999, 874, 836]
[999, 377, 129, 43, 42, 38]
[999, 563, 145, 78, 71]
[999, 738, 466, 333, 258, 230, 224, 223, 221]
[999, 792, 608, 523, 512, 511, 510]
[999, 331, 35, 28]
[999, 775, 559, 461, 390, 369, 364]
[999, 618, 177, 111, 98]
[999, 536, 193, 146, 139]
[999, 707, 303, 146, 134, 133]
[999, 787, 636, 586, 574, 572]
[999, 600, 257, 176, 162]
[999, 385, 67, 29]
[999, 666, 277, 156, 143, 139]
[999, 784, 589, 426, 311, 278, 271]
[999, 822, 764, 749]
[999, 835, 769, 748, 740, 737]
[999, 733, 442, 277, 217, 208, 206]
[999, 819, 653, 549, 523, 516]
[999, 769, 505, 294, 200, 169]
[999, 866, 818, 810, 806]
[999, 832, 768, 759]
[999, 794, 573, 393, 271, 229, 228]
[999, 528, 82, 62]
[999, 731, 423, 287, 242, 229, 224]
[999, 779, 575, 483, 437, 413, 412]
[999, 559, 189, 76]
[999, 675, 312, 168, 122, 100]
[999, 843, 782, 759]
[999, 332, 13, 13]
[999, 825, 720, 701, 700, 698]
[999, 585, 276, 151, 143]
[999, 677, 337, 187, 176]
[999, 585, 225, 136, 125]
[999, 764, 523, 386, 296, 281, 280]
[999, 810, 666, 615]
[999, 447, 65, 49]
[999, 623, 265, 99, 81, 32]
[999, 796, 579, 383, 206, 101, 72]
[999, 745, 437, 224, 165, 123, 122]
[999, 491, 102, 81]
[999, 832, 767, 754, 753]
[999, 474, 139, 63]
[999, 480, 168, 148, 146]
[999, 648, 307, 175, 146, 145, 138]
[999, 751, 487, 295, 175, 156]
[999, 776, 602, 502, 460, 458]
[999, 633, 263, 171, 159, 151]
[999, 665, 293, 162, 138, 137]
[999, 714, 345, 174, 99, 96]
[999, 757, 504, 351, 261, 223, 215, 199, 187, 141]
[999, 756, 509, 322, 228, 207]
[999, 774, 485, 236, 127, 111]
[999, 632, 274, 171, 133]
[999, 295, 16, 16]
[999, 763, 522, 367, 304, 278, 275]
[999, 447, 183, 142, 132, 109]
[999, 830, 684, 658, 654]
[999, 650, 284, 170, 118, 111, 105, 100]
[999, 284, 8, 8]
[999, 809, 625, 557, 542, 539]
[999, 592, 234, 153, 147, 142, 140]
[999, 727, 462, 322, 249, 240, 237]
[999, 718, 420, 218, 158, 135, 133, 132]
[999, 692, 310, 132, 98, 97, 95]
[999, 494, 135, 116]
[999, 738, 332, 167, 140, 133]
[998, 731, 457, 317, 262, 259]
[999, 714, 353, 201, 175, 161]
[999, 760, 514, 324, 218, 199, 188, 153]
[999, 864, 810, 803]
[999, 758, 508, 369, 270, 241, 240]
[999, 821, 734, 718, 707, 705]
[999, 662, 263, 101, 32]
[999, 766, 494, 307, 220, 162, 108]
[999, 736, 410, 249, 173, 171]
[999, 729, 426, 239, 195, 186, 177]
[999, 815, 711, 686, 682]
[999, 699, 316, 150, 124, 120, 119, 117]
[999, 890, 848, 843]
[999, 553, 225, 94, 71]
[999, 666, 315, 206, 195, 193]
[999, 675, 293, 166, 121, 117, 98]
[999, 578, 243, 121, 120]
[999, 673, 284, 141, 26]
[999, 818, 650, 579, 560, 555, 552]
[999, 793, 582, 455, 378, 335, 318]
[999, 485, 211, 164, 158]
[999, 618, 203, 161, 143]
[999, 786, 597, 496, 470, 463, 461]
[999, 735, 443, 253, 143, 126]
[999, 695, 392, 197, 155, 150]
[999, 628, 304, 202, 157, 151, 150]
[999, 794, 637, 600, 599]
[999, 714, 462, 305, 252, 240, 232, 229]
[999, 646, 247, 168, 145]
[999, 559, 121, 62, 51]
[999, 504, 75, 71]
[999, 719, 408, 223, 177, 164, 160]
[999, 201, 16, 16]
[999, 346, 14, 14]
[999, 791, 649, 599, 585, 582]
[999, 855, 818, 814]
[999, 728, 409, 199, 79, 78]
[999, 675, 287, 168, 135, 91, 71, 56, 54]
[999, 684, 349, 208, 141, 124, 97]
[999, 919, 902, 899]
[999, 708, 451, 265, 200, 149, 52]
[999, 764, 501, 334, 230, 169, 136, 134, 120]
[999, 740, 432, 205, 145, 139, 137]
[999, 841, 789, 788]
[999, 720, 422, 205, 174, 169]
[999, 661, 239, 122, 99, 64]
[999, 628, 236, 162, 144, 135]
[999, 643, 228, 147, 143, 127, 125]
[999, 700, 324, 218, 178, 173]
[999, 529, 111, 85, 84]
[999, 719, 437, 247, 189, 175]
[999, 731, 409, 210, 162, 65]
[999, 706, 362, 264, 199, 160, 150, 147]
[999, 558, 186, 64, 54]
[999, 677, 362, 190, 158]
[999, 865, 810, 804]
[999, 631, 275, 129, 99, 99]
[999, 540, 179, 106, 104]
[999, 353, 91, 91]
[999, 732, 421, 255, 220, 216, 215]
[999, 722, 446, 305, 225, 198, 195]
[999, 776, 527, 361, 207, 175, 154]
[999, 705, 296, 146, 137, 127, 126]
[999, 740, 476, 298, 218, 183, 164, 153]
[999, 788, 605, 516, 467, 460]
[999, 728, 462, 311, 247, 232]
[999, 715, 381, 124, 95, 80, 78]
[999, 710, 379, 234, 149, 142]
[999, 835, 722, 651, 641]
[999, 519, 130, 112]
[999, 727, 417, 251, 191, 172]
[999, 741, 464, 265, 192, 170, 166]
[999, 742, 405, 203, 124, 113]
[999, 273, 47, 47]
[999, 760, 555, 432, 362, 352]
[999, 819, 717, 699, 698]
[999, 840, 771]
[999, 767, 599, 551, 548]
[999, 323, 13, 13]
[999, 787, 544, 420, 299, 261, 253, 251, 250]
[999, 865, 828, 822]
[999, 759, 540, 421, 384, 381]
[999, 816, 700, 686, 681]
[999, 623, 288, 170, 135, 133]
[999, 729, 397, 225, 153, 143, 102, 102]
[999, 592, 154, 57]
[999, 396, 30, 30]
[999, 738, 468, 274, 226, 206, 203, 188, 187]
[999, 423, 53, 42]
[999, 651, 284, 151, 135, 132]
[999, 631, 241, 141, 123]
[999, 323, 16, 16]
[999, 551, 213, 111, 61]
[999, 673, 342, 156, 134, 130]
[999, 757, 542, 380, 325, 306, 304]
[999, 632, 277, 188, 177, 175]
[999, 694, 329, 201, 177, 171]
[999, 757, 516, 351, 238, 178, 158, 114]
[999, 796, 593, 457, 390, 358, 357]
[999, 655, 244, 152, 137, 136]
[999, 84, 29]
[999, 846, 765, 749, 740]
[999, 758, 572, 475, 416, 400, 396]
[999, 886, 865]
[999, 584, 169, 97, 94]
[999, 741, 476, 293, 194, 152, 151]
[999, 755, 541, 379, 269, 176, 168, 165]
[999, 722, 359, 145, 118]
[999, 799, 596, 532, 518]
[999, 826, 704, 657, 645, 641]
[999, 335, 16, 16]
[999, 560, 193, 83, 71]
[999, 517, 196, 141, 133]
[999, 813, 660, 595, 586, 580]
[999, 630, 270, 93, 85, 52]
[999, 825, 710, 681, 676, 674]
[999, 413, 111, 106]
[999, 612, 237, 135, 135]
[999, 805, 665, 619, 593, 581]
[999, 498, 186, 149, 146, 143]
[999, 321, 7, 7]
[999, 722, 446, 330, 274, 269]
[999, 507, 117, 85]
[999, 711, 413, 236, 139, 67]
[999, 502, 116, 54]
[999, 590, 140, 96, 89, 52]
[999, 659, 306, 163, 152, 149]
[999, 429, 64, 28]
[999, 871, 765, 748, 747, 746]
[999, 576, 127, 83]
[999, 711, 356, 190, 175, 166, 165, 164, 161]
[999, 868, 826, 822]
[999, 681, 291, 105, 64]
[999, 732, 395, 225, 207, 192]
[999, 765, 451, 253, 157, 147, 141]
[999, 739, 470, 306, 214, 182, 159, 149]
[998, 474, 157, 109, 61]
[999, 343, 52, 50]
[999, 464, 73, 37]
[999, 670, 314, 145, 126, 121, 90]
[999, 529, 135, 98, 93]
[999, 549, 154, 126, 124]
[999, 820, 672, 632, 614, 608]
[999, 782, 563, 445, 380, 344, 328, 305]
[999, 403, 69, 65]
[999, 624, 231, 110, 60, 31]
[999, 673, 266, 139, 96, 75]
[999, 569, 163, 78, 77, 75, 33, 31]
[999, 418, 95, 41]
[999, 870, 763, 720, 709, 705]
[999, 858, 766, 749, 746]
[999, 376, 26, 26]
[999, 357, 63, 63]
[999, 639, 284, 159, 126, 75]
[999, 440, 52, 52]
[999, 481, 191, 137, 136]
[999, 48, 25]
[999, 333, 91, 91]
[999, 738, 444, 277, 218, 213]
[999, 767, 514, 347, 263, 219, 214, 209, 203]
[999, 478, 126, 40]
[999, 715, 366, 179, 137, 135]
[999, 659, 302, 126, 106, 79, 79]
[999, 498, 162, 58, 50]
[999, 801, 656, 595, 586]
[999, 894, 863, 860]
[999, 781, 555, 400, 319, 297, 286]
[999, 841, 780, 757]
[999, 608, 203, 102, 60]
[999, 697, 363, 205, 165, 159]
[999, 459, 164, 143, 125]
[999, 825, 754, 731]
[999, 483, 25, 18]
[999, 568, 241, 185, 179]
[999, 482, 96, 66]
[999, 723, 372, 221, 171, 169]
[999, 427, 85, 55]
[999, 721, 352, 187, 108, 97]
[999, 731, 437, 268, 213, 203]
[999, 874, 826, 821, 817]
[999, 336, 49, 49]
[999, 561, 191, 96, 36]
[999, 381, 79, 79]
[999, 708, 352, 198, 164]
[999, 503, 19, 17]
[999, 783, 638, 574, 564]
[999, 827, 750, 728]
[999, 666, 310, 102, 41, 39]
[999, 784, 643, 592, 577, 573, 570]
[999, 526, 206, 145, 144]
[999, 692, 283, 150, 118, 112, 90, 87, 84]
[999, 562, 222, 150, 144]
[999, 558, 150, 81, 80, 78, 76]
[999, 655, 321, 191, 170, 157]
[999, 773, 576, 475, 416, 414]
[999, 822, 742, 713, 702]
[999, 515, 198, 154, 150, 108]
[999, 752, 471, 284, 175, 141, 80, 78]
[999, 885, 854]
[999, 864, 817, 807]
[999, 767, 533, 412, 359, 347]
[999, 510, 120, 95, 94]
[999, 736, 449, 262, 231, 223]
[999, 631, 271, 152, 128]
[999, 814, 722, 692, 687]
[999, 198, 13, 10]
[998, 670, 291, 195, 168, 151, 149, 148, 147]
[999, 574, 197, 136, 115, 114]
[999, 505, 136, 117, 111]
[999, 635, 176, 120, 110]
[999, 451, 166, 46]
[999, 950, 934, 931]
[999, 669, 273, 148, 116]
[999, 704, 334, 200, 161, 132, 125]
[999, 854, 803, 800, 798]
[999, 780, 596, 457, 387, 377, 376]
[999, 721, 386, 216, 140, 128, 124, 121]
[999, 737, 452, 295, 232, 218]
[999, 338, 22, 12]
[999, 676, 337, 160, 121, 115]
[999, 766, 529, 378, 304, 282, 280]
[999, 688, 310, 138, 124, 122]
[999, 618, 227, 158, 152]
[999, 828, 775, 770]
[999, 728, 456, 292, 203, 168]
[999, 399, 63, 63]
[999, 610, 245, 60, 16]
[999, 755, 405, 246, 205, 203]
[999, 263, 7, 7]
[999, 571, 207, 134, 133]
[999, 846, 740, 702, 699]
[999, 788, 645, 598, 595]
[999, 639, 198, 106, 88]
[999, 745, 482, 332, 271, 252, 251]
[999, 883, 844, 839]
[999, 659, 310, 172, 147]
[999, 641, 270, 186, 177, 174]
[999, 516, 132, 26]
[999, 503, 165, 103, 69]
[999, 751, 473, 234, 141, 133, 132]
[999, 571, 189, 105, 37]
[999, 729, 418, 219, 156, 155]
[999, 759, 497, 321, 173, 155]
[999, 807, 702, 667, 664]
[999, 586, 162, 112, 109]
[999, 593, 239, 168, 135, 115, 57, 50]
[999, 784, 629, 550, 529, 523, 506]
[999, 290, 24, 24]
[999, 572, 194, 143, 85]
[999, 824, 681, 632, 630, 626, 624]
[999, 465, 70, 15]
[999, 562, 160, 135, 113, 109, 106]
[999, 877, 845, 836, 835]
[999, 735, 441, 262, 220, 210]
[999, 769, 523, 350, 233, 196, 190, 189, 186]
[999, 780, 560, 414, 292, 209, 196, 194]
[999, 630, 252, 114, 109]
[999, 785, 586, 480, 427, 424]
[999, 644, 261, 118, 111]
[999, 737, 387, 209, 160, 153]
[999, 734, 454, 280, 183, 151, 89, 86]
[999, 858, 785, 766]
[999, 541, 141, 113, 108, 107, 97, 35, 34, 33, 33]
[999, 699, 364, 184, 171, 165]
[999, 146, 21]
[999, 328, 27, 23]
[999, 816, 732, 710, 707, 705, 704]
[999, 505, 133, 84, 73]
[999, 550, 151, 105]
[999, 465, 130, 74, 71]
[999, 871, 825, 824]
[999, 553, 202, 127, 121]
[999, 639, 284, 118, 88, 81, 36]
[999, 572, 210, 137, 131]
[999, 697, 391, 237, 167, 157]
[999, 688, 319, 161, 134, 126, 114, 110]
[999, 794, 445, 217, 168, 162, 160]
[999, 729, 450, 282, 182, 148, 145]
[999, 390, 105, 56]
[999, 541, 170, 109, 101]
[999, 643, 251, 175, 154, 150, 145, 136]
[999, 668, 314, 155, 130, 129]
[999, 438, 175, 69]
[999, 361, 53, 31]
[999, 759, 487, 307, 224, 214, 212]
[999, 706, 364, 240, 205, 188, 184]
[999, 688, 291, 161, 120, 103, 46, 46]
[999, 788, 578, 442, 375, 333, 323, 308]
[999, 535, 147, 82, 77]
[999, 537, 140, 126, 122, 121]
[998, 536, 162, 132]
[999, 676, 270, 156, 132]
[999, 704, 362, 251, 231]
[998, 313, 9, 9]
[999, 709, 411, 286, 225, 216, 214]
[999, 762, 487, 362, 313, 299, 296]
[999, 745, 489, 331, 230, 195, 194]
[999, 808, 692, 655, 647]
[999, 578, 202, 131, 108, 103]
[999, 541, 210, 123, 73]
[999, 434, 116, 103]
[999, 683, 307, 149, 128]
[999, 637, 230, 163, 155, 152]
[999, 837, 694, 636, 617]
[999, 49, 24]
[999, 827, 713, 692, 683]
[999, 863, 808, 798]
[999, 776, 554, 415, 354, 336, 332]
[999, 460, 72, 36]
[999, 789, 652, 586, 573, 571]
[999, 488, 187, 102]
[999, 210, 18, 10]
[999, 348, 12, 12]
[999, 712, 395, 239, 222]
[999, 736, 519, 396, 368, 357]
[999, 522, 55, 34]
[999, 754, 518, 314, 197, 145]
[999, 571, 162, 86, 85]
[999, 753, 564, 473, 448, 443, 442]
[999, 583, 240, 178, 171]
[999, 887, 848, 847]
[999, 814, 652, 581, 555, 554]
[999, 833, 747, 724, 723]
[999, 494, 223, 163, 161]
[999, 828, 716, 699]
[999, 592, 242, 178, 167, 164]
[999, 305, 32, 32]
[999, 325, 33, 30]
[999, 728, 427, 264, 222, 219]
[999, 602, 213, 144, 137]
[999, 780, 493, 331, 235, 203]
[999, 486, 192, 119, 112, 103, 69, 59]
[999, 686, 375, 196, 133, 124]
[999, 716, 392, 221, 176, 174]
[999, 493, 47, 28]
[999, 699, 340, 174, 150, 149, 148]
[999, 609, 293, 130, 117]
[999, 786, 654, 588, 562, 560, 557]
[999, 628, 197, 164, 161]
[999, 654, 255, 171, 148]
[999, 420, 74, 58]
[999, 801, 650, 594, 566]
[999, 740, 433, 254, 206, 199]
[999, 861, 791, 785]
[999, 804, 653, 606, 595, 587, 575]
[999, 734, 444, 281, 195, 167, 157, 153]
[999, 262, 27, 27]
[999, 722, 479, 268, 168, 154, 152]
[999, 731, 367, 199, 141, 136, 124]
[999, 433, 67, 18]
[999, 664, 310, 195, 166, 143, 140, 134]
[999, 583, 177, 69, 47]
[999, 448, 19, 19]
[999, 854, 689, 641, 592, 579, 578]
[999, 841, 793, 791]
[999, 488, 121, 65]
[999, 738, 488, 299, 195, 142, 137, 135, 134]
[999, 658, 273, 152, 143, 113]
[999, 322, 17, 17]
[999, 762, 525, 352, 286, 258, 255]
[999, 745, 363, 220, 178, 169]
[999, 355, 58, 58]
[999, 886, 841, 810, 805, 804, 799]
[999, 484, 120, 81, 37]
[999, 744, 504, 360, 260, 237, 233]
[999, 553, 160, 109, 103]
[999, 678, 288, 126, 104, 61, 58]
[999, 578, 266, 151, 120, 119, 76, 70]
[999, 751, 500, 304, 199, 196, 190, 173]
[999, 697, 352, 153, 126, 125]
[999, 728, 417, 193, 174, 165]
[999, 533, 216, 155, 153]
[999, 359, 35, 35]
[999, 491, 181, 51, 51]
[999, 442, 12, 12]
[999, 680, 240, 160, 146, 137]
[999, 281, 32, 18]
[999, 540, 231, 139, 132, 131]
[999, 752, 440, 284, 210, 198, 194]
[999, 443, 120, 72]
[999, 397, 30, 30]
[999, 697, 290, 160, 153]
[999, 831, 765, 761]
[999, 805, 672, 633, 628]
[999, 556, 144, 112, 98]
[999, 453, 75, 37]
[999, 558, 199, 77, 45]
[999, 728, 434, 278, 205, 198, 197]
[999, 507, 13, 13]
[999, 806, 687, 662, 660]
[999, 752, 425, 222, 197, 179]
[999, 821, 705, 649, 639, 638]
[999, 799, 668, 613, 591, 583]
[999, 771, 571, 444, 383, 356, 355]
[999, 500, 165, 124, 117, 86, 78]
[999, 787, 561, 450, 389, 367, 366]
[999, 688, 367, 224, 181, 155, 133]
[999, 484, 33, 31]
[999, 666, 284, 145, 130, 124]
[999, 760, 511, 351, 265, 245, 242, 241]
[999, 845, 782, 767]
[999, 844, 738, 697, 689]
[999, 650, 233, 150, 139, 132, 116, 66]
[999, 843, 723, 692, 688]
[999, 713, 341, 224, 166, 162, 151]
[999, 606, 206, 156, 152]
[999, 681, 292, 187, 154, 152]
[999, 573, 264, 181, 172, 171]
[999, 625, 216, 121, 116]
[999, 642, 262, 180, 144, 110]
[999, 717, 448, 306, 246, 225, 224, 223, 221]
[999, 698, 390, 174, 132]
[999, 802, 589, 445, 337, 299, 289]
[999, 713, 387, 189, 131, 113]
[999, 815, 642, 541, 525, 522, 514]
[999, 751, 472, 286, 167, 155]
[999, 503, 145, 85]
[999, 812, 670, 607, 600, 597]
[999, 567, 231, 123, 110, 106]
[999, 792, 597, 475, 405, 372, 366]
[999, 831, 751, 715, 714]
[999, 762, 584, 453, 396, 383, 381, 380]
[999, 480, 80, 24]
[999, 713, 355, 166, 145, 142, 141]
[999, 773, 508, 332, 263, 235, 233, 232]
[999, 784, 586, 477, 437, 433]
[999, 546, 192, 164, 150]
[999, 660, 302, 157, 150]
[999, 686, 392, 203, 162, 156, 143, 142]
[999, 723, 403, 210, 164, 158]
[999, 640, 282, 151, 111, 96]
[999, 741, 522, 372, 287, 273]
[999, 674, 283, 180, 164, 163]
[999, 695, 297, 167, 144, 110, 30]
[999, 689, 371, 209, 148, 132, 49, 48]
[999, 527, 91, 49]
[999, 833, 771, 757]
[999, 804, 662, 620, 614, 613, 611]
[999, 638, 292, 146, 122, 95, 93]
[999, 764, 489, 318, 232, 198, 191, 189]
[999, 912, 888, 882]
[999, 763, 547, 424, 377, 375]
[999, 598, 264, 143, 100, 64]
[999, 711, 351, 176, 113, 108]
[999, 639, 323, 187, 155, 154]
[999, 743, 424, 209, 137, 133]
[999, 746, 491, 309, 214, 201, 199]
[999, 731, 361, 237, 204, 197]
[999, 858, 785, 762]
[999, 591, 232, 140, 123]
[999, 849, 745, 720, 712]
[999, 618, 196, 85, 85]
[999, 517, 190, 130]
[999, 497, 143, 89, 44]
[999, 897, 870, 865]
[999, 780, 557, 434, 311, 286, 284]
[999, 495, 65, 64, 55]
[999, 784, 558, 403, 295, 234, 228, 227]
[999, 348, 40, 37]
[999, 672, 248, 131, 80]
[999, 853, 797, 783, 782, 779]
[999, 800, 661, 595, 581]
[999, 373, 61, 46]
[999, 817, 663, 616, 599]
[999, 420, 111, 93, 89, 64]
[999, 732, 408, 226, 186]
[999, 606, 223, 140, 106, 104]
[999, 654, 246, 162, 139, 125, 124]
[999, 744, 485, 337, 274, 257, 255]
[999, 837, 737, 723]
[999, 824, 765, 755, 753]
[999, 355, 133, 105, 103, 98]
[999, 825, 709, 673, 668]
[999, 619, 229, 116, 103]
[999, 776, 592, 499, 420, 403, 400]
[999, 853, 754, 750]
[999, 823, 677, 648, 641]
[999, 528, 178, 103, 53, 53]
[999, 753, 449, 291, 225, 221, 219]
[999, 539, 170, 117, 114, 113]
[999, 568, 179, 109, 67, 65]
[999, 657, 322, 186, 151, 144]
[999, 626, 238, 51, 51]
[999, 597, 240, 147, 124, 123]
[999, 747, 389, 215, 178, 176]
[999, 777, 600, 494, 448, 440]
[999, 869, 824, 817]
[999, 703, 377, 224, 134, 73, 55]
[999, 863, 843, 838]
[999, 567, 163, 107, 101]
[999, 647, 254, 152, 136]
[999, 788, 571, 440, 365, 344, 337, 336, 334]
[999, 410, 44, 44]
[999, 209, 36, 36]
[999, 603, 216, 124, 108]
[999, 731, 444, 265, 180, 162, 110, 54, 50]
[998, 663, 275, 203, 189, 178]
[999, 857, 802, 784, 783]
[999, 644, 304, 162, 132, 130]
[999, 791, 496, 277, 189, 174]
[999, 688, 373, 194, 160, 146]
[999, 520, 149, 100, 90]
[999, 727, 306, 181, 141, 123]
[999, 589, 152, 98, 77, 56]
[999, 708, 392, 213, 162, 155]
[999, 743, 519, 397, 295, 251, 244, 243]
[999, 827, 726, 707, 705]
[999, 771, 480, 336, 276, 266, 264]
[999, 793, 612, 565, 557]
[999, 770, 579, 467, 409, 403]
[999, 650, 208, 112, 107]
[999, 346, 7, 7]
[999, 627, 281, 165, 133, 97]
[999, 806, 620, 559, 542]
[999, 328, 98, 78]
[999, 830, 711, 696, 688]
[999, 851, 772, 747, 736]
[999, 512, 172, 41]
[999, 774, 518, 379, 277, 231]
[999, 685, 260, 101, 90, 85, 82, 32]
[999, 748, 492, 279, 208, 180, 169, 165, 162, 110, 101]
[999, 742, 430, 239, 170, 129, 125, 101, 100]
[999, 693, 314, 141, 114, 69]
[999, 741, 430, 229, 144, 117, 116]
[999, 659, 265, 139, 122, 121]
[999, 302, 49, 49]
[999, 623, 221, 101, 94]
[999, 811, 618, 551, 549]
[999, 634, 266, 123, 79]
[999, 695, 324, 147, 131, 126]
[999, 764, 519, 389, 256, 211, 200]
[999, 605, 228, 148, 144]
[999, 589, 186, 143, 133, 120]
[999, 722, 356, 134, 104]
[999, 336, 19, 19]
[999, 812, 699, 676, 669]
[999, 773, 554, 374, 220, 156, 155]
[999, 571, 225, 135, 129]
[999, 704, 386, 230, 158, 137, 124, 113, 66, 57]
[999, 864, 805, 799]
[999, 743, 387, 205, 135, 88]
[999, 738, 458, 282, 196, 184, 182]
[999, 874, 840, 837, 834]
[999, 708, 380, 218, 195, 184, 170, 148, 112, 110, 105]
[999, 663, 187, 111, 94]
[999, 655, 292, 125, 108, 106, 105]
[999, 826, 686, 624, 615, 613]
[999, 722, 412, 265, 203, 196, 188]
[999, 775, 611, 520, 489, 482]
[999, 546, 152, 94, 87]
[999, 468, 79, 50]
[998, 669, 300, 171, 118, 115]
[999, 643, 209, 112, 103]
[999, 387, 120, 48]
[999, 640, 264, 68, 62]
[999, 259, 13, 13]
[999, 605, 271, 108, 105, 99]
[999, 406, 20, 20]
[999, 733, 435, 279, 238, 220, 213, 212]
[999, 552, 153, 42]
[999, 758, 487, 282, 164, 138, 136, 131, 126, 115]
[999, 689, 332, 199, 159, 149]
[999, 772, 590, 486, 432, 418, 415]
[999, 704, 344, 161, 119, 116]
[999, 408, 56, 44]
[999, 641, 256, 157, 143, 142]
[999, 338, 38, 29]
[999, 270, 13, 13]
[999, 690, 290, 182, 165, 162]
[999, 441, 37, 37]
[999, 877, 833, 821]
[999, 588, 164, 129, 126, 94, 92]
[999, 743, 483, 359, 269, 254, 253]
[999, 240, 19, 19]
[999, 630, 261, 163, 67, 60, 49]
[999, 791, 571, 417, 300, 231, 188, 131, 122]
[999, 710, 369, 203, 169, 168]
[999, 782, 597, 457, 403, 383, 380]
[999, 410, 38, 35]
[999, 889, 855, 843, 839]
[999, 746, 511, 348, 244, 214]
[999, 873, 787, 764]
[999, 656, 302, 179, 167, 165]
[999, 346, 36, 31]
[999, 858, 819, 811]
[999, 607, 230, 107, 73, 72, 54]
[999, 509, 126, 96]
[999, 853, 807, 792, 791]
[999, 776, 616, 548, 532, 531]
[999, 762, 522, 363, 257, 202, 167, 166]
[999, 734, 494, 324, 219, 177, 163, 154]
[999, 836, 680, 615, 602, 600]
[999, 876, 832, 825, 824]
[999, 684, 334, 212, 176, 173]
[999, 451, 115, 71, 69]
[999, 744, 470, 328, 259, 212, 190, 171, 81, 75]
[999, 353, 16, 16]
[999, 716, 412, 246, 220, 218]
[999, 659, 265, 151, 127, 65, 61, 55]
[999, 743, 477, 283, 202, 165, 162]
[999, 396, 35, 35]
[999, 868, 804, 796]
[999, 839, 771, 763, 756]
[999, 604, 178, 84, 64]
[999, 599, 244, 174, 157, 156]
[999, 704, 438, 269, 185, 169, 160]
[999, 763, 540, 317, 154, 51]
[999, 702, 343, 185, 151, 134]
[999, 782, 608, 500, 454, 442]
[999, 596, 216, 153, 146]
[999, 732, 427, 269, 238]
[999, 427, 15, 15]
[999, 552, 202, 147, 124, 64]
[999, 583, 157, 131, 126]
[999, 548, 200, 152, 109, 95]
[999, 712, 377, 228, 187]
[999, 501, 132, 93]
[999, 708, 370, 144, 107, 99]
[999, 841, 734, 713]
[999, 684, 351, 161, 126, 115, 113, 110, 109, 98]
[999, 709, 360, 174, 133, 127]
[999, 438, 155, 110]
[999, 760, 558, 416, 305, 262, 254]
[999, 551, 187, 122, 113, 110]
[999, 635, 304, 183, 180, 179, 178]
[999, 573, 190, 129, 125]
[999, 709, 389, 235, 207, 206]
[999, 638, 242, 126, 106, 47]
[999, 376, 17, 17]
[999, 554, 154, 115, 50, 50]
[999, 729, 469, 322, 264, 244, 237]
[999, 771, 500, 312, 226, 205]
[999, 378, 36, 11]
[999, 722, 394, 230, 202, 195]
[999, 673, 294, 110, 98, 96]
[999, 846, 716, 659, 611, 580]
[999, 871, 796, 791, 788]
[999, 553, 165, 107]
[999, 650, 284, 153, 100]
[999, 860, 823, 805]
[999, 748, 417, 245, 168, 146, 131, 78, 76, 72]
[999, 811, 658, 628, 622]
[999, 720, 398, 193, 161, 157]
[999, 910, 865]
[999, 779, 595, 415, 262, 197, 177]
[999, 908, 887, 882]
[999, 382, 20, 20]
[999, 774, 530, 328, 242, 235, 231]
[999, 462, 107, 62, 51]
[999, 714, 346, 214, 144, 49, 47]
[999, 733, 510, 338, 204, 125, 114, 98]
[999, 776, 589, 481, 419, 391, 385]
[999, 758, 439, 228, 136, 121, 119, 111]
[999, 726, 414, 284, 227, 221]
[999, 678, 288, 135, 103, 86]
[999, 666, 297, 118, 87, 62]
[999, 699, 366, 225, 178, 167]
[999, 592, 240, 182, 166]
[999, 388, 10, 10]
[999, 722, 399, 162, 127, 125]
[999, 825, 699, 661, 656]
[999, 554, 170, 125, 77]
[999, 693, 415, 234, 171, 163]
[999, 616, 216, 127, 104]
[999, 729, 396, 190, 118]
[999, 459, 29, 29]
[999, 681, 279, 147, 120, 119]
[998, 604, 183, 163]
[999, 409, 28, 20]
[999, 642, 295, 164, 142, 117, 105]
[999, 511, 199, 104, 44]
[999, 594, 243, 149, 136, 135]
[999, 454, 112, 85]
[999, 831, 776, 763]
[999, 335, 21, 11]
[999, 715, 408, 249, 196, 186, 184]
[998, 528, 101, 82, 36, 35]
[999, 754, 462, 264, 164, 159, 158]
[999, 694, 334, 168, 136, 127, 68, 63]
[999, 578, 223, 82, 80]
[999, 372, 40, 16]
[999, 642, 254, 130, 88]
[999, 694, 335, 164, 138, 125]
[999, 705, 401, 244, 212, 209]
[999, 722, 397, 200, 155, 154]
[999, 722, 398, 200, 119, 75, 53, 51, 47]
[999, 770, 543, 417, 363, 358]
[999, 865, 782, 777]
[999, 736, 471, 285, 216, 189, 177, 170, 156, 56]
[999, 526, 85, 53, 51]
[999, 891, 838, 832, 827]
[999, 620, 273, 160, 122, 119, 87, 47]
[999, 436, 110, 96]
[999, 811, 685, 660, 654, 652]
[999, 650, 271, 183, 174]
[999, 174, 19, 19]
[999, 688, 333, 192, 149, 147, 144]
[999, 611, 224, 127, 118, 116]
[999, 759, 457, 311, 244, 241]
[999, 803, 621, 517, 465, 460]
[999, 416, 36, 34]
[999, 692, 331, 151, 108]
[999, 569, 156, 92]
[999, 652, 324, 189, 157, 155]
[999, 539, 128, 106, 104, 86]
[999, 525, 177, 141]
[999, 675, 291, 162, 134, 104, 31]
[999, 738, 439, 251, 138, 125]
[999, 414, 38, 24]
[999, 597, 175, 88, 38, 32]
[999, 748, 433, 269, 231, 220, 218]
[999, 623, 246, 149, 106]
[999, 242, 19, 14]
[999, 423, 90, 86]
