[999, 973, 972]
[998, 927, 922]
[999, 991]
[999, 962, 955]
[999, 965, 964, 962]
[999, 923, 918, 917]
[999, 974]
[999, 983]
[999, 980]
[999, 922, 915, 913]
[999, 962]
[999, 950, 944]
[999, 981]
[999, 958, 952]
[999, 986, 982]
[999, 963, 962]
[999, 974, 972]
[998, 962, 960]
[999, 951]
[999, 985, 983]
[999, 985]
[999, 977]
[999, 933, 929]
[999, 961, 957]
[999, 956]
[999, 968, 966]
[999, 954, 949]
[999, 964]
[999, 964]
[999, 979, 976]
[999, 956, 953, 951]
[999, 958, 957]
[999, 969, 968]
[999, 935]
[999, 964, 957]
[999, 962, 951]
[999, 964, 962]
[999, 971, 964]
[999, 978]
[999, 949]
[999, 959, 957]
[999, 969]
[999, 984]
[999, 974, 973]
[999, 948, 944]
[999, 936, 928]
[999, 958, 952]
[999, 959, 950]
[999, 949]
[999, 922, 908]
[999, 958, 952, 950]
[999, 967, 964]
[999, 957, 951]
[999, 970, 966]
[999, 978, 977, 975]
[999, 969]
[999, 950, 946]
[999, 980]
[999, 950, 947, 945]
[999, 966]
[999, 973, 972]
[999, 964, 963]
[999, 937, 929, 927]
[999, 956, 951]
[999, 976]
[999, 962, 960]
[999, 975, 972, 970]
[999, 963, 959, 957]
[999, 965, 961]
[999, 973]
[999, 940, 936, 934]
[999, 981]
[999, 951]
[999, 959, 955]
[999, 971, 969]
[999, 942, 940]
[999, 943, 936]
[999, 908, 906]
[999, 984, 982]
[999, 952, 946]
[999, 915, 905]
[999, 977, 976, 974]
[999, 968]
[999, 954, 950, 948]
[999, 968]
[999, 961]
[999, 957, 956]
[999, 950, 947, 945]
[999, 973, 969]
[999, 960, 957]
[999, 970, 966]
[999, 962]
[999, 948, 943]
[999, 979]
[999, 955, 949]
[999, 983]
[999, 979]
[999, 936, 932]
[999, 981, 979, 977]
[999, 952, 950, 947]
[999, 973, 969]
[999, 976, 971]
[999, 954, 949]
[999, 967, 960]
[999, 968, 965]
[999, 962, 956, 954]
[999, 969]
[999, 937, 935, 932]
[999, 925, 917, 915]
[999, 966]
[999, 952, 946]
[999, 951, 949]
[999, 965, 963]
[999, 978, 976]
[999, 967]
[999, 959]
[999, 961, 959]
[999, 981, 980, 978]
[999, 963]
[999, 958, 956, 952]
[999, 958, 957, 955]
[999, 976]
[998, 953, 946, 944]
[999, 934]
[999, 975]
[999, 958]
[999, 959, 956]
[999, 968, 961]
[999, 956, 953]
[999, 986, 983]
[999, 979]
[999, 966, 964]
[999, 960, 953, 951]
[999, 955, 954, 952]
[999, 966, 963]
[999, 975, 973]
[999, 930, 926]
[999, 895, 891]
[999, 944, 941]
[999, 972]
[999, 966, 961]
[999, 973]
[999, 977]
[999, 963, 959]
[999, 984]
[999, 972, 970]
[999, 950, 945]
[999, 963]
[999, 942, 934]
[999, 952, 947]
[999, 956, 946]
[999, 973]
[999, 977, 975]
[999, 963, 960]
[999, 956]
[999, 935]
[999, 969, 967]
[999, 969]
[999, 944, 941]
[999, 967, 966]
[999, 977]
[999, 981]
[999, 956, 955]
[999, 895, 869, 867]
[999, 923, 912]
[999, 966, 960]
[999, 966, 962]
[999, 970, 968]
[999, 975, 973]
[999, 917, 907]
[999, 964, 960]
[999, 968]
[999, 980, 976]
[999, 984, 981]
[999, 947, 944]
[999, 976]
[999, 960, 958]
[999, 979]
[999, 922, 921]
[999, 981, 979]
[999, 975]
[999, 950, 940]
[999, 965, 963]
[999, 956, 951]
[999, 966, 965]
[999, 958]
[999, 989]
[999, 961, 959]
[999, 974, 973]
[999, 977, 975]
[999, 966, 962]
[999, 947, 945]
[999, 972, 968, 966]
[999, 981]
[999, 945, 942, 940]
[999, 981]
[999, 957, 955]
[999, 942, 941]
[999, 963, 958]
[999, 947, 945]
[999, 984, 983]
[999, 973]
[999, 989]
[999, 956, 953]
[999, 961, 957]
[999, 974]
[999, 919, 914]
[999, 971, 967]
[999, 858, 834, 832]
[999, 969]
[999, 959, 952]
[999, 945, 935]
[999, 964, 959]
[999, 979]
[999, 963, 959]
[999, 986]
[999, 945, 937]
[999, 973]
[999, 973, 970]
[999, 959]
[999, 970, 968]
[999, 959, 953]
[999, 958, 955]
[999, 973, 971]
[999, 953]
[999, 955, 948]
[999, 890, 872, 870]
[999, 965]
[999, 989]
[999, 900, 891]
[999, 985]
[999, 985]
[999, 985]
[999, 954, 951]
[999, 959, 952]
[999, 945, 939]
[999, 956, 954]
[999, 968]
[999, 936, 934]
[999, 924, 919]
[999, 973]
[999, 947]
[999, 987, 985]
[999, 962, 960, 956]
[999, 972, 968]
[999, 934, 931, 929]
[999, 934, 928]
[999, 948, 944]
[999, 971, 968]
[999, 985]
[999, 957, 955]
[999, 941, 938, 936]
[999, 984]
[999, 954]
[999, 966]
[999, 942, 932]
[999, 951, 945, 943]
[999, 976]
[999, 959]
[999, 975, 973]
[999, 943]
[999, 979, 977]
[999, 972, 970]
[999, 965, 961, 957]
[999, 951, 948]
[999, 968, 965]
[999, 961, 960, 958]
[999, 969]
[999, 975, 973]
[999, 968, 966]
[999, 953, 949, 947]
[999, 962, 956]
[999, 979]
[999, 968]
[999, 998]
[999, 893, 876]
[999, 976]
[999, 982]
[999, 970, 968, 964]
[999, 952, 947]
[999, 976]
[999, 971, 969]
[999, 948, 947]
[999, 943, 937]
[999, 927, 919]
[999, 948, 943, 941]
[999, 976]
[999, 979, 977]
[999, 949, 946]
[999, 949, 947]
[999, 930, 929, 926]
[999, 959]
[999, 988, 985]
[999, 970, 962, 958]
[999, 979]
[999, 970]
[999, 923, 920]
[999, 913, 909]
[999, 967, 966]
[999, 973]
[999, 977, 969]
[999, 978, 975]
[999, 958, 956]
[999, 980, 978]
[999, 951, 947]
[999, 919, 911]
[999, 973]
[999, 945, 938, 934]
[999, 949, 948]
[999, 981, 979]
[999, 938, 931, 929]
[999, 976, 975, 973]
[999, 975]
[999, 971]
[999, 953, 948]
[999, 970, 966]
[999, 973]
[999, 972]
[999, 973, 966]
[999, 950, 947]
[999, 967, 965]
[999, 963, 961, 959]
[999, 972, 969]
[999, 967]
[999, 985, 982]
[999, 962, 958]
[999, 973]
[999, 976, 972]
[999, 973, 969]
[999, 973, 970]
[999, 976, 974]
[999, 956, 949]
[999, 993]
[999, 987]
[999, 967]
[999, 969, 966]
[999, 984, 982]
[999, 971, 969]
[999, 931, 929]
[999, 985, 982]
[999, 940, 934]
[999, 972, 970]
[999, 984, 983]
[999, 962, 958]
[999, 955, 951]
[999, 976, 974]
[999, 980]
[999, 979]
[999, 972, 970]
[999, 987]
[998, 961, 960]
[999, 976]
[999, 962, 960]
[999, 973]
[999, 937, 933]
[999, 957, 956, 954]
[999, 973]
[999, 978, 977]
[999, 971]
[999, 964, 962]
[999, 952, 947]
[999, 973, 971]
[999, 982, 978]
[999, 895, 882, 880]
[999, 971]
[999, 975, 971]
[999, 940, 938]
[999, 935, 927]
[999, 954, 948]
[999, 969]
[999, 898, 889]
[999, 931, 922]
[999, 930, 923]
[999, 978, 976]
[999, 982]
[999, 986, 983]
[999, 965, 962]
[999, 967, 965]
[999, 987]
[999, 945, 941]
[999, 966, 961]
[999, 964]
[999, 967]
[999, 983, 981]
[999, 973]
[999, 933, 925, 921]
[999, 990]
[999, 970, 967]
[999, 965, 963]
[999, 974, 969]
[999, 940, 936]
[999, 959, 953]
[998, 940, 937, 935]
[999, 957, 956]
[999, 975, 971]
[999, 955, 949]
[999, 961, 959]
[999, 967, 965]
[999, 968, 967]
[999, 976]
[999, 971, 969]
[999, 969, 967]
[999, 967]
[999, 976, 973]
[999, 978]
[999, 945, 938]
[999, 961, 959]
[999, 910, 903, 901]
[999, 951]
[999, 951, 939]
[999, 959, 957, 955]
[999, 973, 969]
[999, 970]
[999, 970, 969, 967]
[999, 903, 898]
[999, 866, 849, 848, 846]
[999, 955, 953]
[999, 974, 968]
[999, 949, 947]
[999, 944, 942]
[999, 967, 962, 960]
[999, 968, 967]
[999, 975]
[999, 975]
[999, 967]
[999, 962, 960]
[999, 955, 952]
[999, 974, 971]
[999, 912, 900]
[999, 971]
[999, 946, 945]
[999, 975, 970]
[999, 954, 951]
[999, 892, 888, 886]
[999, 967, 965]
[999, 958, 954, 952]
[999, 966, 962]
[999, 993]
[999, 963, 962]
[999, 956, 955]
[999, 950, 947, 945]
[999, 954, 944]
[999, 971, 969]
[999, 953, 951]
[999, 951]
[999, 975]
[999, 971]
[999, 948, 943]
[999, 964, 959]
[999, 986]
[999, 953, 951]
[999, 975, 973]
[999, 969, 967]
[999, 952, 948]
[999, 980]
[999, 973]
[999, 979]
[999, 948, 943]
[999, 972, 970]
[999, 969, 963]
[999, 949, 947]
[999, 969, 967]
[999, 980, 978]
[999, 961]
[999, 970, 966]
[999, 934, 933, 931]
[999, 973]
[999, 950]
[999, 981, 978]
[999, 969, 965]
[999, 968]
[999, 981, 979, 977]
[999, 969, 968]
[999, 973]
[999, 964, 963]
[999, 992]
[999, 980]
[999, 982]
[999, 928, 920, 918]
[999, 929, 927, 925]
[999, 943, 939]
[999, 982, 980]
[999, 954, 948]
[999, 969]
[999, 964, 960]
[999, 944]
[999, 965, 963, 961]
[999, 978, 976]
[999, 948, 944, 942]
[999, 980, 975]
[999, 972]
[999, 956, 952]
[999, 965, 964]
[999, 967, 965]
[999, 994]
[999, 975, 973]
[999, 977]
[999, 982]
[999, 950]
[999, 974, 967]
[999, 976]
[999, 960]
[999, 971]
[999, 930, 925]
[999, 979]
[999, 958, 956]
[999, 984]
[999, 982]
[999, 955, 950, 948]
[999, 989]
[999, 965, 964, 962]
[999, 976, 971]
[999, 917, 912]
[999, 983, 980]
[999, 943, 939]
[999, 959]
[999, 975, 974, 972]
[999, 960, 958]
[999, 975, 973]
[999, 975]
[999, 963, 960]
[999, 973, 970]
[999, 965]
[999, 989]
[999, 982, 978]
[999, 984]
[999, 972, 967]
[999, 924, 912]
[999, 981]
[999, 988]
[999, 965, 963]
[999, 955, 947]
[999, 988]
[999, 980, 977]
[999, 972]
[999, 949]
[999, 948, 947]
[999, 960]
[999, 977, 975]
[999, 941, 930]
[999, 987]
[999, 969, 967]
[999, 957]
[999, 968, 963, 961]
[999, 973, 969]
[999, 961]
[999, 948, 944]
[999, 929, 920]
[999, 973, 969]
[999, 974]
[999, 968, 966]
[999, 948, 931]
[999, 954, 950, 946]
[999, 954, 951, 949]
[999, 984, 983]
[999, 975]
[999, 961, 959]
[999, 948, 937]
[999, 966, 963]
[999, 963, 962, 959]
[999, 972]
[999, 990]
[999, 976]
[999, 980]
[999, 968, 965]
[999, 968, 966]
[999, 941, 936]
[999, 934, 933]
[999, 978]
[999, 962, 959]
[999, 985]
[999, 980]
[999, 981]
[998, 962, 959]
[999, 973, 971]
[999, 974, 968, 966]
[999, 968, 966]
[999, 972]
[999, 966, 965]
[999, 971, 969]
[999, 930, 927]
[999, 965, 962, 960]
[999, 958, 956]
[999, 975]
[999, 961]
[999, 925, 924, 923]
[999, 978, 975]
[999, 975]
[999, 935, 919, 917]
[999, 948, 943, 939]
[999, 970, 966]
[999, 951]
[999, 981]
[999, 955, 951]
[999, 960, 957]
[999, 979]
[999, 984, 982]
[999, 985]
[999, 980, 976]
[999, 977]
[999, 973, 971]
[999, 964, 962]
[999, 974, 972]
[999, 960]
[999, 941, 936]
[999, 946, 941]
[999, 954]
[999, 959]
[999, 952]
[999, 978]
[999, 977, 973]
[999, 967, 964]
[999, 985]
[999, 969, 968]
[999, 964]
[999, 982, 977]
[999, 959, 958]
[999, 979]
[999, 960, 955]
[999, 984]
[999, 980, 979, 977]
[999, 972]
[999, 976, 974]
[999, 965]
[999, 971, 966]
[999, 947, 945]
[999, 936, 934]
[999, 952, 948]
[999, 979, 976]
[999, 952, 947]
[999, 969, 967]
[999, 981, 980]
[999, 983]
[999, 980]
[999, 951, 940]
[999, 967]
[999, 970]
[999, 976, 971]
[999, 963]
[999, 959]
[999, 980]
[999, 961]
[999, 958, 956]
[999, 968, 967, 965]
[999, 956, 954]
[999, 949, 947]
[999, 975, 974]
[999, 965, 964, 962]
[999, 904, 896, 893]
[999, 876, 864, 862]
[999, 987, 985]
[999, 971]
[999, 972, 970]
[999, 983, 979]
[999, 979]
[999, 952, 948]
[999, 943, 936]
[999, 966, 963]
[999, 967, 965]
[999, 971]
[999, 973, 968]
[999, 961, 956]
[999, 986]
[999, 956, 955]
[999, 977, 976]
[999, 982, 981]
[999, 944]
[999, 980, 979]
[999, 933, 931]
[999, 942, 936]
[999, 960]
[999, 977]
[999, 991, 990]
[999, 935, 931]
[999, 983]
[999, 928, 924]
[999, 964, 962]
[999, 966]
[999, 895, 884, 880]
[999, 982, 980]
[999, 972, 967, 965]
[999, 959, 958]
[999, 934, 931]
[999, 973]
[999, 961, 958]
[999, 943, 939]
[999, 974]
[999, 968]
[999, 974, 973]
[999, 975]
[999, 940, 935]
[999, 957, 956]
[999, 970]
[999, 991]
[999, 969, 967]
[999, 978]
[999, 975]
[999, 972, 967]
[999, 971]
[999, 960]
[999, 939, 938]
[999, 898, 891]
[999, 967, 961]
[999, 938, 933]
[999, 984]
[999, 957, 953]
[999, 988]
[999, 994]
[999, 975]
[999, 969, 967, 962]
[999, 990]
[999, 962, 956]
[999, 938, 931]
[999, 955]
[999, 977, 976, 974]
[999, 995]
[999, 985]
[999, 939, 933]
[999, 980, 978]
[999, 903, 893, 891]
[999, 961, 957]
[999, 958, 956]
[999, 943, 941]
[999, 966, 959]
[999, 966, 964, 961]
[999, 935, 934, 932]
[999, 952, 949]
[999, 954, 950]
[999, 970, 964]
[998, 975, 973]
[999, 954, 946]
[999, 978, 975]
[999, 966, 964]
[999, 973, 971]
[999, 956, 954]
[999, 969, 967]
[999, 942, 941, 939]
[999, 946]
[999, 955, 951, 949]
[999, 935, 930]
[999, 966, 963]
[999, 979, 978]
[999, 980, 977]
[999, 967, 964]
[999, 980]
[999, 970, 964]
[999, 963]
[999, 952, 946, 943]
[999, 977]
[999, 991]
[999, 979]
[999, 970]
[999, 981, 975]
[999, 963, 961]
[999, 954]
[999, 979, 978]
[999, 988]
[999, 959]
[999, 953, 951]
[999, 957, 951]
[999, 954, 952]
[999, 949, 946]
[999, 961, 958]
[999, 941, 932]
[999, 969]
[999, 971]
[999, 961, 955]
[999, 942, 941]
[999, 988]
[999, 985, 983]
[999, 973]
[999, 989]
[999, 956, 954]
[999, 956, 950]
[999, 970, 967]
[999, 925, 920, 917]
[999, 955, 950]
[999, 965]
[999, 928, 923, 919]
[999, 977]
[999, 976]
[999, 954, 950]
[999, 970]
[999, 975, 971]
[999, 941, 934]
[999, 975]
[999, 981]
[999, 972]
[999, 970, 969, 967]
[999, 917, 911, 908]
[999, 938, 933, 932, 930]
[999, 955, 950, 948]
[999, 979]
[999, 967, 965]
[999, 985]
[999, 976]
[999, 969, 965, 962]
[999, 981]
[999, 972, 967]
[998, 957, 955]
[999, 972, 970]
[999, 973]
[999, 960]
[999, 964, 961]
[999, 958, 954]
[999, 961]
[999, 936, 935]
[999, 974]
[999, 928, 923]
[999, 961, 959, 957]
[999, 989]
[999, 977, 976]
[999, 961]
[999, 944]
[999, 963, 962, 960]
[999, 987]
[999, 978]
[999, 955, 954]
[999, 989]
[999, 970, 969]
[999, 988]
[999, 959, 947]
[999, 917, 911, 909]
[999, 980]
[999, 989]
[999, 953, 949]
[999, 942, 940]
[999, 947, 943]
[999, 963]
[999, 953, 951]
[999, 964, 963]
[999, 972, 966]
[999, 967]
[999, 986, 984]
[999, 966, 962]
[999, 976, 974]
[999, 971, 969]
[999, 989, 988]
[999, 987, 985]
[999, 981]
[999, 953]
[999, 979, 972]
[999, 953]
[999, 954, 951]
[999, 972]
[999, 927, 920, 916]
[999, 981, 978]
[999, 964]
[999, 919, 908, 906]
[999, 973, 971]
[999, 973]
[999, 954, 948]
[999, 969, 968]
[999, 948, 941]
[999, 968, 965]
[999, 973]
[999, 960, 959]
[999, 980, 979]
[999, 973]
[999, 967, 961]
[999, 987]
[999, 958, 955, 953]
[999, 968, 966]
[999, 962, 959]
[999, 989, 988]
[999, 949, 944]
[999, 967, 960]
[999, 964, 963]
[999, 965, 963]
[999, 979, 976]
[999, 959, 956]
[999, 961, 957, 955]
[999, 974]
[999, 951, 945]
[999, 952, 945]
[999, 983]
[999, 990]
[999, 978, 977, 975]
[999, 911, 908]
[999, 928, 916, 914]
[999, 942, 932, 930]
[999, 924, 907, 905]
[999, 956]
[999, 967, 965]
[999, 952, 949]
[999, 982, 981, 979]
[999, 935, 923, 921]
[999, 986]
[999, 965, 959]
[999, 961]
[999, 930, 926]
[999, 949, 948]
[999, 911, 900]
[999, 966, 963]
[999, 966, 959]
[999, 879, 864, 863]
[999, 973]
[999, 980, 977]
[999, 964]
[999, 958, 953]
[999, 958, 957]
[999, 979, 974]
[999, 945, 944]
[999, 926, 919]
[999, 969, 967]
[999, 961, 957]
[999, 961, 959]
[999, 970, 968]
[999, 969, 967]
[999, 975]
[999, 964, 962]
[999, 970, 969]
[999, 968, 964]
[999, 966, 964]
[999, 952]
[999, 970]
[999, 931, 921]
[999, 976]
[999, 958, 957, 955]
[999, 911]
[999, 966]
[999, 962, 959]
[999, 971, 970]
[999, 968]
[999, 953, 948, 946]
[999, 973, 969]
[999, 965]
[999, 949, 947]
[999, 954, 950]
[999, 963]
[999, 970]
[999, 955]
[999, 986, 985, 983]
[999, 949]
[999, 983]
[999, 950, 943]
[999, 975, 973]
[999, 983, 980, 978]
[999, 944, 942]
[999, 971]
[999, 942, 936, 934]
[999, 946, 943]
[999, 995]
[999, 977, 973, 971]
[999, 975]
[999, 979, 978]
[999, 970, 968]
[999, 977]
[999, 962, 960]
[999, 941]
[999, 963, 961]
[999, 992]
[999, 971, 968]
[999, 962]
[999, 954, 949]
[999, 979]
[999, 914, 908]
[999, 963, 962, 960]
[999, 947, 946]
[999, 956, 953]
[999, 970, 966]
[999, 977]
[999, 979, 977]
[999, 958, 951]
[999, 956, 955]
[999, 854, 815, 807, 805]
[999, 973]
[998, 967, 965]
[999, 934, 926, 924]
[999, 967]
[999, 862, 840, 836]
[999, 944, 938]
[999, 976]
[999, 966, 964]
[999, 982]
[999, 983]
[999, 938, 932]
[999, 966, 964]
[999, 972, 970]
[999, 947, 945]
[999, 960]
[999, 986]
[999, 961, 959]
[999, 969, 967]
[999, 989, 987]
[999, 960, 958]
[999, 933, 930, 928]
[999, 949, 940]
[999, 989]
[999, 967, 964]
[999, 963, 957]
[999, 976, 975]
[999, 982, 977]
[999, 986]
[999, 967, 965]
[999, 965, 964, 962]
[999, 941, 934]
[999, 971, 968]
[999, 954, 951]
[999, 970, 967]
