[480]
[337]
[543]
[371]
[718]
[291]
[249]
[439]
[527]
[285]
[422]
[254]
[331]
[374]
[256]
[398]
[271]
[448]
[677]
[770]
[733]
[390]
[451]
[477]
[540]
[318]
[845]
[844]
[165]
[344]
[284]
[332]
[710]
[293]
[210]
[636]
[178]
[659]
[566]
[329]
[773]
[345]
[401]
[718]
[210]
[257]
[618]
[631]
[549]
[258]
[275]
[538]
[150]
[388]
[459]
[475]
[453]
[516]
[242]
[341]
[450]
[333]
[844]
[180]
[236]
[260]
[734]
[334]
[584]
[208]
[557]
[328]
[293]
[380]
[364]
[549]
[605]
[339]
[598]
[297]
[433]
[688]
[461]
[252]
[365]
[616]
[738]
[226]
[585]
[391]
[567]
[292]
[296]
[397]
[194]
[462]
[591]
[177]
[379]
[782]
[352]
[562]
[333]
[450]
[263]
[696]
[196]
[527]
[784]
[688]
[272]
[353]
[578]
[295]
[189]
[532]
[843]
[598]
[866]
[286]
[613]
[366]
[487]
[212]
[290]
[259]
[406]
[697]
[265]
[683]
[417]
[358]
[362]
[387]
[209]
[786]
[818]
[473]
[632]
[340]
[514]
[870]
[130]
[622]
[198]
[629]
[819]
[252]
[308]
[576]
[414]
[582]
[344]
[233]
[532]
[271]
[784]
[553]
[465]
[341]
[360]
[395]
[308]
[302]
[304]
[355]
[309]
[490]
[219]
[620]
[527]
[377]
[193]
[361]
[267]
[361]
[331]
[171]
[812]
[311]
[529]
[299]
[384]
[602]
[664]
[418]
[389]
[902]
[453]
[513]
[354]
[460]
[682]
[637]
[268]
[279]
[218]
[406]
[478]
[306]
[271]
[235]
[338]
[821]
[221]
[280]
[642]
[275]
[466]
[569]
[332]
[585]
[235]
[602]
[789]
[687]
[486]
[246]
[739]
[446]
[868]
[234]
[771]
[266]
[480]
[537]
[719]
[258]
[279]
[895]
[170]
[223]
[609]
[254]
[427]
[558]
[371]
[320]
[276]
[675]
[454]
[194]
[558]
[178]
[609]
[576]
[309]
[129]
[293]
[952]
[644]
[611]
[722]
[760]
[835]
[501]
[309]
[811]
[298]
[453]
[295]
[775]
[277]
[717]
[487]
[242]
[591]
[693]
[526]
[565]
[392]
[316]
[242]
[234]
[417]
[701]
[906]
[496]
[342]
[236]
[694]
[244]
[534]
[170]
[427]
[378]
[625]
[558]
[552]
[452]
[719]
[324]
[279]
[557]
[490]
[335]
[292]
[661]
[933]
[484]
[324]
[452]
[694]
[475]
[273]
[605]
[260]
[619]
[667]
[552]
[628]
[379]
[645]
[661]
[334]
[513]
[327]
[497]
[386]
[420]
[712]
[733]
[641]
[333]
[381]
[303]
[663]
[360]
[607]
[523]
[300]
[433]
[309]
[397]
[591]
[702]
[751]
[212]
[836]
[743]
[463]
[512]
[768]
[375]
[718]
[359]
[306]
[418]
[221]
[521]
[606]
[714]
[659]
[658]
[544]
[458]
[224]
[522]
[460]
[268]
[665]
[450]
[466]
[678]
[563]
[182]
[611]
[190]
[249]
[420]
[597]
[547]
[537]
[821]
[341]
[199]
[264]
[820]
[354]
[206]
[500]
[247]
[411]
[270]
[432]
[673]
[324]
[429]
[437]
[185]
[714]
[382]
[408]
[736]
[224]
[306]
[504]
[335]
[358]
[779]
[781]
[459]
[460]
[370]
[569]
[661]
[427]
[758]
[211]
[516]
[326]
[527]
[174]
[521]
[674]
[443]
[734]
[611]
[743]
[437]
[699]
[765]
[120]
[298]
[360]
[409]
[721]
[419]
[399]
[341]
[333]
[752]
[351]
[312]
[336]
[417]
[374]
[645]
[601]
[664]
[807]
[684]
[496]
[571]
[775]
[409]
[506]
[507]
[224]
[665]
[351]
[482]
[426]
[252]
[319]
[352]
[747]
[628]
[570]
[302]
[527]
[640]
[145]
[717]
[795]
[856]
[697]
[194]
[343]
[687]
[193]
[632]
[368]
[254]
[661]
[232]
[301]
[448]
[690]
[400]
[519]
[480]
[327]
[320]
[708]
[242]
[284]
[407]
[529]
[415]
[309]
[697]
[680]
[252]
[144]
[310]
[756]
[584]
[133]
[484]
[491]
[508]
[591]
[660]
[158]
[625]
[417]
[204]
[475]
[490]
[250]
[471]
[757]
[262]
[579]
[315]
[305]
[788]
[463]
[669]
[356]
[331]
[449]
[371]
[423]
[303]
[401]
[780]
[808]
[317]
[408]
[470]
[248]
[670]
[109]
[532]
[159]
[496]
[569]
[121]
[721]
[370]
[232]
[519]
[656]
[763]
[283]
[336]
[773]
[735]
[609]
[503]
[376]
[545]
[646]
[214]
[881]
[694]
[668]
[295]
[384]
[458]
[383]
[503]
[286]
[425]
[280]
[271]
[366]
[281]
[588]
[529]
[210]
[385]
[889]
[415]
[366]
[192]
[411]
[616]
[584]
[566]
[704]
[776]
[228]
[297]
[259]
[611]
[224]
[632]
[450]
[265]
[174]
[540]
[339]
[803]
[302]
[316]
[791]
[418]
[231]
[266]
[625]
[479]
[248]
[375]
[144]
[389]
[344]
[721]
[292]
[220]
[299]
[421]
[179]
[438]
[162]
[646]
[757]
[326]
[264]
[423]
[720]
[333]
[302]
[141]
[429]
[313]
[449]
[633]
[770]
[310]
[528]
[705]
[300]
[512]
[345]
[472]
[392]
[317]
[177]
[630]
[313]
[853]
[551]
[473]
[238]
[325]
[611]
[558]
[193]
[272]
[372]
[793]
[310]
[198]
[759]
[302]
[563]
[577]
[508]
[533]
[410]
[239]
[572]
[485]
[374]
[512]
[212]
[452]
[931]
[401]
[391]
[614]
[601]
[395]
[265]
[184]
[460]
[698]
[490]
[861]
[196]
[133]
[652]
[552]
[314]
[404]
[319]
[376]
[687]
[406]
[700]
[280]
[243]
[552]
[278]
[374]
[190]
[392]
[357]
[263]
[368]
[423]
[373]
[326]
[189]
[391]
[599]
[455]
[249]
[328]
[609]
[659]
[347]
[448]
[683]
[161]
[217]
[336]
[462]
[214]
[145]
[534]
[432]
[333]
[251]
[880]
[215]
[638]
[321]
[141]
[190]
[282]
[439]
[747]
[589]
[278]
[401]
[337]
[399]
[305]
[225]
[339]
[589]
[261]
[445]
[560]
[421]
[391]
[179]
[427]
[289]
[296]
[320]
[747]
[629]
[832]
[566]
[332]
[489]
[292]
[517]
[664]
[326]
[438]
[315]
[224]
[267]
[583]
[623]
[842]
[246]
[369]
[659]
[197]
[191]
[250]
[478]
[744]
[808]
[297]
[547]
[225]
[667]
[788]
[386]
[289]
[854]
[175]
[200]
[565]
[195]
[348]
[564]
[309]
[591]
[340]
[503]
[323]
[206]
[410]
[420]
[807]
[623]
[316]
[680]
[259]
[96]
[286]
[578]
[222]
[402]
[843]
[252]
[478]
[112]
[450]
[739]
[214]
[270]
[194]
[425]
[633]
[363]
[272]
[474]
[432]
[755]
[681]
[209]
[399]
[517]
[612]
[528]
[314]
[188]
[383]
[337]
[402]
[603]
[564]
[622]
[296]
[297]
[407]
[214]
[586]
[588]
[512]
[797]
[226]
[300]
[441]
[660]
[430]
[472]
[400]
[772]
[186]
[338]
[471]
[328]
[456]
[462]
[318]
[244]
[305]
[525]
[329]
[747]
[527]
[493]
[789]
[322]
[708]
[251]
[517]
[345]
[555]
[380]
[538]
[355]
[223]
[549]
[524]
[524]
[738]
[265]
[409]
[163]
[554]
[464]
[359]
[391]
[368]
[409]
[337]
[508]
[298]
[220]
[865]
[207]
[537]
[720]
[369]
[332]
[355]
[363]
[439]
[203]
[414]
[571]
[243]
[165]
[729]
[578]
[680]
[786]
[402]
[595]
[243]
[262]
[289]
[234]
[169]
[588]
[408]
[829]
[436]
[390]
[285]
[680]
[794]
[558]
[882]
[335]
[228]
[471]
[364]
[230]
[355]
[350]
[421]
[499]
[259]
[505]
[666]
[293]
[261]
[529]
[491]
[286]
[309]
[547]
[288]
[549]
[725]
[450]
[457]
[414]
[727]
[619]
[381]
[247]
[371]
[320]
[344]
[419]
[606]
[780]
[344]
[659]
[724]
[331]
[718]
[312]
[348]
[738]
[457]
[372]
[337]
[363]
[822]
[179]
[333]
[756]
[250]
[431]
[652]
[161]
[261]
[570]
[690]
[362]
[502]
[477]
[536]
[659]
[592]
