[999, 506, 16, 8]
[999, 712, 131, 4, 4]
[999, 349, 3]
[999, 148, 3, 2]
[999, 314, 6, 6]
[999, 396, 3]
[999, 345, 3, 3]
[999, 527, 4, 4]
[999, 379, 2]
[999, 302, 3, 2]
[999, 557, 65, 5, 5]
[999, 535, 14, 12]
[999, 680, 70, 5, 2]
[999, 423, 3]
[999, 397, 5]
[999, 429, 4]
[999, 588, 12, 10]
[999, 515, 14, 14]
[999, 409, 6, 6]
[999, 543, 11, 7]
[999, 425, 4]
[999, 514, 5]
[999, 275, 2]
[999, 387, 4]
[999, 509, 32, 4, 4]
[999, 482, 58, 6, 6]
[999, 612, 29, 11]
[999, 608, 30, 8]
[999, 290, 3]
[999, 629, 61, 4, 4]
[999, 445, 3, 3]
[999, 576, 39, 13, 13, 2]
[999, 530, 34, 20, 20]
[999, 573, 14, 11]
[999, 137, 3, 2]
[999, 619, 103, 7, 7]
[999, 487, 9, 7]
[999, 177, 2]
[999, 519, 9]
[999, 456, 11, 9]
[999, 623, 59, 14, 14]
[999, 402, 33, 9]
[999, 482, 5, 4]
[999, 433, 9]
[999, 638, 104, 5, 3, 2]
[999, 610, 15, 15]
[999, 380, 5]
[999, 611, 71, 8, 8]
[999, 497, 16, 10]
[999, 447, 19, 17]
[999, 418, 5]
[999, 330, 5]
[999, 424, 3]
[999, 514, 5]
[999, 460, 7, 4]
[999, 203, 3, 2]
[999, 233, 3]
[999, 554, 14, 4]
[999, 501, 4]
[999, 637, 76, 4, 4]
[999, 450, 9]
[999, 657, 93, 6]
[999, 691, 121, 5, 3]
[999, 602, 59, 6, 5]
[999, 387, 7]
[999, 620, 34, 9, 9]
[999, 381, 8]
[999, 702, 125, 2]
[999, 320, 3, 3]
[999, 590, 29, 8, 8]
[999, 521, 6]
[999, 367, 8, 4]
[999, 295, 4, 2]
[999, 191, 4, 3]
[999, 569, 49, 4, 3]
[999, 571, 70, 7, 7]
[999, 699, 171, 4, 3]
[999, 647, 108, 5, 5]
[999, 464, 6]
[999, 524, 24, 11]
[999, 649, 99, 4, 4]
[999, 426, 4]
[999, 418, 3, 3]
[999, 529, 3]
[999, 416, 3]
[999, 649, 8, 6]
[999, 445, 4]
[999, 456, 15, 13, 6]
[999, 437, 4]
[999, 442, 24, 19, 11]
[999, 443, 3]
[999, 659, 105, 4, 2]
[999, 478, 9]
[999, 312, 3, 2]
[999, 204, 3, 3]
[999, 529, 29, 6, 6]
[999, 449, 16, 5]
[999, 727, 173, 7, 7]
[999, 729, 197, 3, 2]
[999, 551, 15, 10]
[999, 537, 37, 8, 8]
[999, 645, 44, 10, 10, 2]
[999, 606, 12, 10]
[999, 736, 143, 4, 2]
[999, 416, 12, 6]
[999, 560, 12, 6]
[999, 651, 89, 8, 8]
[999, 463, 24, 7]
[999, 514, 8, 4]
[999, 322, 2]
[999, 726, 71, 8, 8, 2]
[999, 586, 16, 10]
[999, 440, 6]
[999, 366, 3]
[999, 494, 3]
[999, 463, 5]
[999, 526, 29, 11, 10, 2]
[999, 638, 113, 5, 5]
[999, 601, 106, 9, 9]
[999, 698, 149, 10]
[999, 184, 3, 2]
[999, 210, 2]
[999, 464, 30, 7]
[999, 623, 57, 9, 6, 2]
[999, 228, 2]
[999, 361, 4]
[999, 421, 5, 5]
[999, 559, 60, 18, 18]
[999, 561, 5]
[999, 308, 2]
[999, 300, 2]
[999, 332, 7, 6, 3]
[999, 464, 7, 6]
[999, 145, 4, 3]
[999, 629, 56, 19, 19]
[999, 254, 3, 2]
[999, 571, 12, 12]
[999, 304, 3]
[999, 277, 3]
[999, 481, 11, 6]
[999, 547, 6]
[999, 471, 35, 12]
[999, 312, 5]
[999, 522, 6]
[999, 540, 10, 6]
[999, 629, 52, 6, 6]
[999, 286, 4]
[999, 178, 2]
[999, 185, 5, 2]
[999, 718, 177, 6, 2]
[999, 280, 2]
[999, 549, 11]
[999, 676, 151, 3, 2]
[999, 311, 5]
[999, 528, 12, 10]
[999, 540, 32, 8, 8]
[999, 609, 72, 5, 3]
[999, 540, 9, 7]
[999, 460, 5]
[999, 172, 3, 2]
[999, 591, 19, 8]
[999, 638, 53, 10, 6]
[999, 389, 3]
[999, 340, 4, 2]
[999, 534, 26, 8, 8]
[999, 370, 3, 3]
[999, 409, 3]
[999, 278, 3]
[999, 623, 18, 4]
[998, 573, 10, 8]
[999, 518, 9, 8]
[999, 455, 9]
[999, 487, 24, 7]
[999, 354, 9, 6]
[999, 586, 66, 5, 5]
[999, 450, 3]
[999, 479, 27, 8]
[999, 527, 25, 15]
[999, 566, 13, 11]
[999, 574, 35, 8, 8]
[999, 456, 10, 8]
[999, 568, 14, 10]
[999, 264, 2]
[999, 389, 3]
[999, 259, 2]
[999, 488, 14, 4]
[999, 575, 11, 7]
[999, 608, 106, 4, 3]
[999, 173, 2]
[999, 654, 168, 2]
[999, 444, 3]
[999, 628, 102, 19]
[999, 671, 89, 12, 12]
[999, 489, 3]
[999, 554, 19, 6]
[999, 596, 18, 11]
[999, 617, 69, 13, 13]
[999, 407, 2]
[999, 760, 234, 2]
[999, 507, 11, 7]
[999, 287, 4]
[999, 303, 2]
[999, 463, 5, 5]
[999, 663, 145, 4, 2]
[999, 249, 2]
[999, 212, 4, 2]
[999, 469, 3]
[999, 654, 30, 21]
[999, 611, 9]
[999, 398, 3]
[999, 463, 4]
[999, 510, 4]
[999, 402, 5]
[999, 191, 2]
[999, 470, 11, 7]
[999, 389, 6]
[999, 306, 2]
[999, 483, 9, 6]
[999, 219, 2]
[999, 430, 3]
[999, 422, 10, 8]
[999, 323, 3, 2]
[999, 658, 90, 7, 2]
[998, 269, 3, 3]
[999, 666, 144, 5, 5]
[999, 407, 10, 5]
[999, 644, 25, 21, 10]
[999, 440, 2]
[999, 482, 23, 11]
[999, 466, 9, 4]
[999, 620, 136, 2]
[999, 493, 10, 6]
[999, 640, 63, 6, 6]
[999, 412, 4]
[999, 395, 6]
[999, 320, 3, 3]
[999, 728, 116, 4, 3]
[999, 652, 65, 3, 2]
[999, 406, 2]
[999, 479, 12, 7]
[999, 302, 3, 3]
[999, 366, 3]
[999, 403, 3]
[999, 486, 7]
[999, 467, 11, 11]
[999, 431, 11, 5]
[999, 796, 231, 3, 3]
[999, 386, 4]
[999, 456, 40, 6, 6]
[999, 491, 3]
[999, 518, 54, 8, 8]
[999, 661, 21, 8]
[999, 392, 5]
[999, 629, 46, 5, 5]
[999, 458, 11]
[999, 433, 7, 5]
[999, 501, 7, 7]
[999, 471, 3]
[999, 486, 4]
[999, 294, 2]
[999, 359, 3]
[999, 659, 104, 5, 5]
[999, 463, 7]
[999, 356, 6]
[999, 699, 128, 5, 5]
[999, 293, 4]
[999, 335, 2]
[999, 454, 17, 7]
[999, 500, 6, 6]
[999, 424, 5]
[999, 457, 3]
[999, 619, 68, 6, 6]
[999, 386, 3]
[999, 626, 39, 11, 7, 2]
[999, 675, 38, 10, 5, 2]
[999, 538, 9, 9]
[999, 553, 30, 7, 3, 2]
[999, 485, 3]
[999, 360, 9, 4]
[999, 630, 46, 23, 23, 2]
[999, 487, 11, 11]
[999, 232, 4, 3]
[999, 640, 66, 22, 22]
[999, 476, 6, 6]
[999, 626, 39, 8, 8]
[999, 564, 36, 8, 8]
[999, 654, 97, 10, 10]
[999, 200, 2]
[999, 212, 5, 5]
[999, 202, 4, 3]
[999, 390, 2]
[999, 555, 10, 6]
[999, 493, 8]
[999, 502, 4, 4]
[999, 505, 3]
[999, 372, 6, 3]
[999, 562, 78, 6]
[999, 236, 4, 4]
[999, 440, 3, 3]
[999, 555, 11]
[999, 525, 6]
[999, 124, 3, 2]
[999, 285, 3]
[999, 245, 2]
[999, 526, 13, 8]
[999, 372, 4]
[999, 488, 6]
[999, 341, 5, 5]
[999, 483, 11, 8]
[999, 546, 14, 6]
[999, 478, 4]
[999, 499, 3, 3]
[999, 158, 6, 2]
[999, 385, 2]
[999, 522, 25, 9, 9]
[999, 308, 2]
[999, 321, 3, 3]
[999, 479, 8, 6]
[999, 517, 19, 6]
[999, 603, 53, 19, 19]
[999, 302, 4]
[999, 493, 25, 10, 10]
[999, 333, 4]
[999, 485, 4, 4]
[999, 617, 72, 8, 8]
[999, 234, 3, 2]
[999, 681, 123, 4, 4]
[999, 396, 6]
[999, 349, 2]
[999, 530, 14, 7]
[999, 471, 3]
[999, 735, 172, 3, 2]
[999, 331, 7]
[999, 654, 100, 5, 5]
[999, 634, 53, 18, 18]
[999, 722, 199, 2]
[999, 292, 3]
[999, 425, 7, 7]
[999, 525, 14, 6]
[999, 758, 185, 3, 2]
[999, 538, 9, 7]
[999, 713, 171, 4]
[999, 660, 12, 6]
[999, 432, 4]
[999, 483, 6]
[999, 683, 102, 10, 10]
[999, 692, 144, 3, 3]
[999, 421, 5, 5]
[999, 387, 12, 6]
[999, 404, 7, 5]
[999, 302, 4]
[999, 592, 19, 16]
[999, 607, 15, 14]
[999, 345, 4, 2]
[999, 561, 31, 15]
[999, 512, 12, 9]
[999, 510, 3]
[999, 283, 2]
[999, 709, 157, 2]
[999, 405, 5]
[999, 386, 9, 4]
[999, 389, 2]
[999, 711, 106, 16]
[999, 349, 4]
[999, 590, 30, 12]
[999, 583, 9, 9]
[999, 174, 2]
[999, 464, 10, 10]
[999, 327, 9]
[999, 505, 4]
[999, 496, 7]
[999, 344, 4]
[999, 564, 40, 21, 21, 2]
[999, 508, 6]
[999, 408, 2]
[999, 584, 14, 7]
[999, 655, 117, 3, 3]
[999, 478, 23, 6]
[999, 401, 8]
[999, 402, 3]
[999, 235, 2]
[999, 584, 11]
[999, 726, 104, 5, 4]
[999, 489, 6, 4]
[999, 261, 3, 3]
[999, 823, 293, 7]
[999, 508, 22, 9]
[999, 688, 151, 4, 3]
[999, 379, 4, 4]
[999, 310, 2]
[999, 268, 3, 3]
[999, 485, 5, 5]
[999, 640, 23, 13]
[999, 343, 3]
[999, 430, 7]
[999, 665, 136, 3]
[999, 457, 12, 9]
[999, 263, 3, 2]
[999, 569, 82, 6, 2]
[999, 264, 2]
[999, 386, 6, 6]
[999, 448, 5]
[999, 383, 7, 7]
[999, 501, 5]
[999, 436, 9]
[999, 611, 61, 12, 12]
[999, 710, 213, 2]
[999, 363, 3]
[999, 580, 52, 10, 10]
[999, 525, 4]
[999, 601, 40, 6, 6]
[999, 540, 13, 8]
[999, 477, 5]
[999, 383, 5]
[999, 534, 6]
[999, 512, 5]
[999, 355, 3]
[999, 536, 6, 3]
[999, 449, 2]
[999, 698, 130, 8, 8]
[999, 433, 3]
[999, 501, 36, 12, 12]
[999, 380, 4, 4]
[999, 654, 25, 14]
[999, 454, 12, 12]
[999, 412, 3]
[999, 730, 209, 2]
[999, 380, 3]
[999, 427, 10, 7]
[999, 179, 3, 2]
[999, 219, 2]
[999, 566, 23, 9, 9]
[999, 667, 65, 7, 2]
[999, 496, 8, 8]
[999, 470, 7]
[999, 520, 7]
[999, 454, 6]
[999, 587, 16, 9]
[999, 522, 5]
[999, 632, 116, 5, 5]
[999, 213, 4]
[999, 536, 9]
[999, 401, 4, 4]
[999, 550, 20, 10]
[999, 397, 3]
[999, 474, 7, 7]
[999, 527, 39, 13, 13]
[999, 387, 7, 5]
[999, 496, 49, 3]
[999, 621, 48, 6, 5]
[999, 506, 34, 10, 10]
[999, 659, 136, 3, 2]
[999, 569, 13, 8]
[999, 731, 135, 3, 2]
[999, 256, 3, 2]
[999, 602, 41, 6, 5]
[999, 297, 3, 3]
[999, 551, 19, 7]
[999, 598, 9]
[999, 548, 11, 5]
[999, 256, 3]
[999, 549, 13, 11]
[999, 193, 3, 3]
[999, 644, 72, 4, 4]
[999, 427, 3]
[999, 578, 27, 5, 5]
[999, 592, 27, 9]
[999, 315, 2]
[999, 371, 5, 5]
[999, 300, 3]
[999, 491, 6]
[999, 218, 4, 2]
[999, 733, 130, 5, 2]
[999, 499, 4]
[999, 469, 8, 5]
[999, 510, 3]
[999, 334, 3]
[999, 464, 5]
[999, 162, 4, 4]
[999, 377, 3]
[999, 261, 5]
[999, 323, 2]
[999, 576, 13, 6]
[999, 450, 3]
[999, 287, 2]
[999, 664, 80, 6, 2]
[999, 187, 4, 4]
[999, 594, 18, 16]
[999, 323, 2]
[999, 607, 57, 9, 9, 2]
[999, 151, 3, 3]
[999, 268, 2]
[999, 428, 4]
[999, 594, 10, 8]
[999, 227, 2]
[999, 362, 9]
[999, 594, 51, 8, 8]
[999, 427, 23, 7]
[999, 494, 8]
[999, 311, 2]
[999, 323, 4]
[999, 612, 67, 5, 5]
[999, 468, 23, 10]
[999, 477, 6]
[999, 506, 7]
[999, 465, 8, 5]
[999, 376, 3]
[999, 488, 8, 8]
[999, 650, 108, 6, 2]
[999, 323, 2]
[999, 495, 6, 6]
[999, 460, 5]
[999, 316, 3, 3]
[999, 471, 10]
[999, 503, 5]
[999, 212, 3]
[999, 179, 4, 2]
[999, 434, 9]
[999, 211, 2]
[999, 483, 8, 8]
[999, 613, 11, 11, 11]
[999, 327, 5]
[999, 230, 3]
[999, 589, 15, 12]
[999, 332, 4, 2]
[999, 270, 2]
[999, 178, 3, 2]
[999, 750, 172, 3, 3]
[999, 230, 2]
[999, 613, 24, 10]
[999, 492, 4]
[999, 255, 1]
[999, 355, 2]
[999, 493, 6]
[999, 126, 3, 2]
[999, 464, 2]
[999, 441, 5]
[999, 360, 3]
[999, 718, 166, 3, 2]
[999, 834, 301, 8, 4]
[999, 519, 59, 5, 5]
[999, 664, 136, 2]
[999, 407, 3]
[999, 364, 5, 3]
[999, 478, 15, 11]
[999, 397, 2]
[999, 573, 23, 16]
[999, 423, 7, 7]
[999, 545, 11, 11]
[999, 364, 5]
[999, 327, 2]
[999, 566, 5]
[999, 625, 98, 33, 27, 25]
[999, 386, 6]
[999, 645, 90, 6, 4]
[999, 574, 59, 6, 6]
[999, 706, 157, 4, 3]
[999, 388, 5]
[999, 194, 2]
[999, 373, 2]
[999, 296, 4, 2]
[999, 686, 99, 21, 21]
[999, 637, 68, 11, 11]
[999, 481, 4]
[999, 743, 192, 2]
[999, 406, 5, 3]
[999, 417, 3]
[999, 484, 7]
[999, 622, 62, 6, 6]
[999, 631, 96, 7, 4]
[999, 501, 10]
[999, 516, 5]
[999, 272, 2]
[999, 288, 6]
[999, 290, 4]
[999, 359, 3]
[999, 240, 2]
[999, 647, 81, 3, 2]
[999, 557, 16, 10]
[999, 409, 2]
[999, 442, 4]
[999, 362, 2]
[999, 674, 164, 5, 2]
[999, 521, 4]
[999, 394, 4]
[999, 655, 113, 3, 2]
[999, 412, 3]
[999, 600, 12, 10]
[999, 195, 3, 2]
[999, 345, 9]
[999, 690, 121, 6, 6]
[999, 475, 5, 5]
[999, 565, 15, 6]
[999, 305, 4]
[999, 539, 21, 6, 5]
[999, 671, 131, 5, 5]
[999, 513, 44, 7, 7]
[999, 273, 3]
[999, 336, 3]
[999, 579, 42, 7, 7, 2]
[999, 546, 17, 13]
[999, 601, 70, 6, 6]
[999, 461, 8, 4]
[999, 279, 4, 2]
[999, 596, 13, 7]
[999, 230, 3]
[999, 630, 57, 9, 9]
[999, 343, 4]
[999, 447, 12, 5]
[999, 491, 17, 10]
[999, 363, 9, 8]
[999, 506, 10, 4]
[999, 467, 8, 6]
[999, 405, 3]
[999, 634, 21, 11]
[999, 336, 2]
[999, 489, 37, 12, 12]
[999, 622, 77, 7, 7]
[999, 585, 18, 9]
[999, 603, 5]
[999, 455, 28, 23]
[999, 580, 17, 17]
[999, 328, 3]
[999, 373, 6, 6]
[999, 463, 9, 5]
[999, 606, 61, 7, 7]
[999, 716, 187, 3, 2]
[999, 584, 45, 8, 8]
[999, 662, 158, 2]
[999, 275, 3]
[999, 404, 3]
[999, 655, 98, 19, 16]
[999, 705, 183, 3, 2]
[999, 582, 87, 4, 2]
[999, 630, 65, 6, 6]
[999, 385, 3]
[999, 357, 3]
[999, 568, 55, 7, 5, 2]
[999, 700, 155, 3, 2]
[999, 691, 98, 19, 19]
[999, 456, 4]
[999, 449, 10]
[999, 502, 23, 9]
[999, 469, 41, 10, 10]
[999, 431, 6]
[999, 672, 98, 12, 4]
[999, 519, 12, 10]
[999, 589, 8, 8]
[999, 448, 3]
[999, 542, 9, 6]
[999, 454, 6]
[999, 437, 5]
[999, 652, 122, 6]
[999, 645, 21, 9]
[999, 308, 2]
[999, 493, 9, 7]
[999, 258, 3, 3]
[999, 522, 7, 6]
[999, 570, 41, 17, 17]
[999, 804, 224, 6, 6]
[999, 503, 19, 6]
[999, 350, 7, 4]
[998, 328, 3]
[999, 720, 159, 4, 3]
[999, 581, 20, 14]
[999, 279, 2]
[999, 287, 2]
[999, 421, 10]
[999, 547, 49, 11, 11]
[999, 371, 2]
[999, 532, 67, 12, 11, 9]
[999, 245, 3, 3]
[999, 307, 2]
[999, 308, 5, 5]
[999, 463, 8]
[999, 665, 93, 4, 4]
[999, 447, 6]
[999, 367, 4]
[999, 523, 9, 6]
[999, 457, 9, 9]
[999, 537, 4]
[999, 417, 7, 5]
[999, 278, 2]
[999, 508, 9, 4]
[999, 302, 3]
[999, 328, 4]
[999, 699, 144, 3]
[999, 431, 5]
[999, 671, 64, 7, 6, 2]
[999, 321, 2]
[999, 390, 6, 6]
[999, 712, 163, 4, 2]
[999, 167, 4, 2]
[999, 403, 3]
[999, 503, 3, 3]
[999, 426, 3]
[999, 146, 2]
[999, 626, 9, 9]
[999, 302, 3]
[999, 328, 5]
[999, 408, 3]
[999, 527, 7]
[999, 356, 3, 3]
[999, 824, 239, 2]
[999, 598, 53, 3, 3]
[999, 433, 6]
[999, 423, 17]
[999, 501, 15, 7]
[999, 479, 9]
[999, 224, 3]
[999, 243, 2]
[999, 700, 138, 8, 4]
[999, 591, 74, 3, 2]
[999, 578, 11]
[999, 516, 9]
[999, 431, 11, 8]
[999, 376, 2]
[999, 319, 2]
[999, 454, 10]
[999, 696, 151, 3, 2]
[999, 420, 19, 11]
[999, 520, 25, 10, 10]
[999, 354, 2]
[999, 325, 2]
[999, 230, 3, 2]
[999, 625, 85, 10, 10]
[999, 597, 36, 14, 14]
[999, 626, 68, 6, 6]
[999, 182, 5, 2]
[999, 541, 53, 29, 29]
[999, 584, 18, 16]
[999, 492, 4, 4]
[999, 455, 4]
[999, 447, 5]
[999, 375, 2]
[999, 392, 4]
[999, 272, 4]
[999, 703, 114, 5, 5]
[999, 393, 4]
[999, 393, 13, 10]
[999, 680, 139, 3, 2]
[999, 473, 5]
[999, 583, 39, 11, 11]
[999, 517, 11]
[999, 625, 75, 9, 9]
[999, 398, 5]
[999, 142, 4, 2]
[999, 361, 3, 2]
[999, 534, 13, 11]
[999, 400, 4]
[999, 504, 6]
[999, 537, 8]
[999, 496, 4]
[999, 227, 5, 5]
[999, 577, 5]
[999, 489, 5, 5]
[999, 565, 60, 4, 4]
[999, 199, 2]
[999, 317, 2]
[999, 195, 2]
[999, 446, 5]
[999, 738, 229, 4, 2]
[999, 647, 30, 15, 15]
[999, 727, 134, 3, 3]
[999, 548, 8]
[999, 603, 52, 7, 7]
[999, 524, 12, 9]
[999, 526, 7]
[999, 367, 5]
[999, 457, 7, 7]
[999, 367, 10]
[999, 274, 3, 2]
[999, 469, 3]
[999, 319, 6]
[999, 341, 4, 4]
[999, 559, 8]
[999, 588, 28, 11]
[999, 621, 64, 6, 4, 2]
[999, 419, 6]
[999, 405, 4]
[999, 435, 14, 7]
[999, 216, 4]
[999, 834, 189, 6, 3]
[999, 555, 20, 15]
[999, 585, 29, 8]
[999, 277, 3, 2]
[999, 492, 6]
[999, 563, 32, 6, 6, 2]
[999, 447, 13, 4]
[999, 294, 4, 2]
[999, 566, 29, 16]
[999, 345, 2]
[999, 487, 2]
[999, 372, 8, 6]
[999, 544, 9, 9]
[999, 311, 2]
[999, 682, 194, 4, 2]
[999, 524, 10]
[999, 340, 3]
[999, 544, 33, 5, 5]
[998, 269, 3]
[999, 382, 3, 2]
[999, 403, 7, 5]
[999, 613, 41, 6, 6]
[999, 470, 5]
[999, 477, 7, 7]
[999, 694, 161, 3]
[999, 580, 65, 7, 7]
[999, 371, 6, 5]
[999, 523, 21, 12]
[999, 359, 2]
[999, 681, 78, 12, 12]
[999, 634, 50, 22, 22]
[999, 577, 17, 13]
[999, 682, 131, 2]
[999, 210, 2]
[999, 221, 3]
[999, 190, 2]
[999, 432, 3]
[999, 657, 120, 13, 13]
[999, 475, 8]
[999, 485, 5]
[999, 354, 2]
[999, 197, 2]
[999, 629, 29, 8, 8]
[999, 344, 2]
[999, 195, 2]
[999, 478, 2]
[999, 346, 3]
[999, 536, 9, 6]
[999, 129, 3, 3]
[999, 610, 83, 4]
[999, 364, 2]
[999, 449, 7, 7]
[999, 258, 2]
[999, 337, 3]
[999, 407, 3]
[999, 491, 4]
[999, 406, 4]
[999, 484, 4]
[999, 467, 11]
[999, 300, 4]
[999, 361, 2]
[999, 574, 28, 17]
[999, 578, 11, 6]
[999, 566, 60, 8, 8]
[999, 275, 2]
[999, 287, 2]
[999, 418, 2]
[999, 551, 20, 12]
[999, 373, 4]
[999, 256, 2]
[999, 264, 2]
[999, 300, 12, 8]
[999, 253, 4, 2]
[999, 490, 9, 4]
[999, 695, 119, 5, 2]
[999, 507, 17, 14]
[999, 570, 38, 21, 20]
[999, 591, 22, 9]
[999, 593, 29, 9]
[999, 644, 84, 5, 4]
[999, 300, 2]
[999, 313, 3, 3]
[999, 238, 3, 2]
[999, 631, 71, 7, 7]
[999, 530, 37, 13, 13]
[999, 461, 9]
[999, 523, 23, 11, 11]
[999, 644, 13, 10]
[999, 527, 27, 8]
[999, 322, 3]
[999, 413, 3]
[999, 392, 4]
[999, 349, 4]
[999, 517, 10, 6]
[999, 689, 89, 10, 10]
[999, 442, 4, 4]
[999, 337, 4]
[999, 469, 5, 4]
[999, 505, 17, 13]
[999, 536, 23, 6, 6]
[999, 626, 93, 5, 5]
[999, 574, 23, 11]
[998, 488, 13, 7]
[999, 239, 3, 3]
[999, 570, 10, 7]
[999, 655, 75, 6, 5]
[999, 532, 8]
[999, 546, 22, 16]
[999, 562, 4]
[999, 364, 4]
[999, 594, 77, 6, 6]
[999, 525, 8, 5]
[999, 690, 162, 4]
[999, 368, 3]
[999, 625, 23, 7, 4]
[999, 346, 14, 12]
[999, 123, 6, 3]
[999, 341, 3]
[999, 632, 18, 5]
[999, 533, 8]
[999, 221, 3, 2]
[999, 641, 90, 8, 3]
[999, 482, 14, 8]
[999, 667, 99, 9, 9]
[999, 355, 5]
[999, 464, 3]
[999, 358, 4]
[999, 372, 3]
[999, 652, 29, 16]
[999, 518, 17, 13]
[999, 473, 7]
[999, 418, 2]
[999, 453, 19, 17]
[999, 458, 3]
[999, 367, 3]
[999, 747, 140, 5, 3]
[999, 455, 6]
[999, 325, 2]
[999, 456, 5, 4]
[999, 651, 110, 4, 2]
[999, 582, 9, 4]
[999, 337, 2]
[999, 424, 5]
[999, 332, 2]
[999, 441, 6]
[999, 501, 11, 6]
[999, 419, 2]
[999, 357, 20, 7]
[999, 363, 4]
[999, 515, 3]
[999, 536, 7, 5]
[999, 718, 143, 3, 2]
[999, 517, 23, 7, 7]
[999, 435, 5]
[999, 385, 2]
[999, 506, 8, 6]
[999, 173, 7]
[999, 175, 4, 2]
[999, 359, 2]
[999, 171, 3, 2]
[999, 633, 15, 12]
[999, 365, 4]
[999, 688, 98, 6, 6]
[999, 554, 20, 10]
[999, 737, 163, 6, 5]
[999, 596, 99, 4]
[999, 636, 28, 18, 18]
[999, 289, 3, 3]
[999, 434, 23, 13]
[999, 324, 3]
[999, 341, 2]
[999, 702, 120, 5, 2]
[999, 268, 6, 3]
[999, 596, 9, 9]
[999, 108, 4, 2]
[999, 645, 87, 4, 3]
[999, 362, 3]
[999, 665, 17, 14]
[999, 602, 16, 10]
[999, 519, 40, 9, 9]
[999, 636, 34, 9, 9]
[999, 607, 16, 8]
[999, 562, 46, 9, 9]
[999, 496, 8]
[999, 270, 4]
[999, 388, 4]
[999, 338, 4]
[999, 661, 120, 2]
[999, 613, 32, 8, 8]
[999, 397, 4]
[999, 348, 5, 5]
[999, 605, 59, 4, 4]
[999, 412, 3]
[999, 613, 28, 7, 7, 2]
[999, 596, 43, 19, 19]
[999, 473, 8, 6]
[999, 318, 2]
[999, 247, 4]
[999, 512, 4]
[999, 414, 5]
[999, 422, 8]
[999, 380, 4]
[999, 373, 5, 5]
[999, 382, 11, 7]
[999, 216, 2]
[999, 569, 16, 10]
[999, 207, 3, 2]
[999, 607, 91, 19, 19]
[999, 197, 3, 2]
[999, 375, 10]
[999, 235, 2]
[999, 444, 8]
[999, 414, 7, 6]
[999, 530, 9, 6]
[999, 392, 3]
[999, 506, 23, 6]
[999, 458, 3]
[999, 289, 2]
