[999, 943, 939]
[999, 932, 927]
[999, 949, 943]
[999, 959, 955, 953]
[999, 928, 919]
[999, 960, 957, 955]
[999, 970, 966]
[999, 948, 938, 936]
[999, 931, 925]
[999, 936, 931]
[999, 923, 908, 907]
[999, 903, 882, 880]
[999, 937, 921]
[999, 969, 967]
[999, 962, 959]
[999, 948, 942]
[999, 962, 959]
[999, 953, 950]
[999, 940, 924]
[999, 967, 966, 964]
[999, 959, 955]
[999, 923]
[999, 925, 906, 903]
[999, 948, 941]
[999, 934, 924, 922]
[999, 896, 891]
[999, 949, 946, 944]
[999, 967, 964]
[999, 962, 960]
[999, 920, 912]
[999, 951]
[999, 921, 908, 901]
[999, 953, 945]
[999, 954, 951]
[999, 947, 938]
[999, 960, 953]
[999, 909, 896]
[999, 944, 941]
[999, 856, 746, 713, 709]
[999, 923, 909, 905]
[999, 888, 873, 871]
[999, 886, 846, 842, 838]
[999, 969, 967]
[999, 951, 943, 941]
[999, 965, 959, 957]
[999, 954, 949]
[999, 940, 938]
[999, 952, 947]
[999, 932, 925, 923]
[999, 949, 946]
[999, 944, 937]
[999, 966, 965, 963]
[999, 943, 935]
[999, 915, 905, 902]
[999, 936, 934]
[999, 901, 884]
[999, 942, 940]
[999, 942, 940]
[999, 959]
[999, 970, 968]
[999, 952, 947]
[999, 899, 890]
[999, 949, 945]
[999, 932, 921, 919]
[999, 938, 935]
[999, 961]
[999, 899, 885, 883]
[999, 967, 958]
[999, 897, 880, 879]
[999, 962, 953]
[999, 980]
[999, 898, 890]
[999, 965, 961, 959]
[999, 909, 897, 893]
[999, 924, 914]
[999, 937, 934]
[999, 905, 891, 889]
[999, 880, 849, 844]
[999, 968]
[999, 973, 967]
[999, 898, 870, 869]
[999, 862, 819]
[999, 929, 915]
[999, 954, 953]
[999, 927, 923, 921]
[999, 849, 778, 776]
[999, 963, 957]
[999, 947, 935, 933]
[999, 940, 936]
[999, 940, 936]
[999, 963, 960]
[999, 972]
[999, 952, 945]
[999, 944, 939]
[999, 959, 953, 951]
[999, 949, 946]
[999, 953]
[999, 963, 957]
[999, 975, 972, 970]
[999, 942, 940]
[999, 893, 873, 872]
[999, 923, 913]
[999, 934, 933]
[999, 900, 888, 883]
[999, 956, 947]
[999, 976, 975, 973]
[999, 924, 913]
[999, 973, 971]
[999, 940, 932, 928]
[999, 935, 933]
[998, 884, 861, 855, 853]
[999, 957, 952, 950]
[999, 888, 841, 835]
[999, 968]
[999, 939, 938]
[999, 927, 918]
[999, 957, 956]
[999, 951, 945]
[999, 962, 957]
[999, 964, 959, 956]
[999, 918, 911, 910, 908]
[999, 902, 889]
[999, 950, 946]
[999, 936, 933]
[999, 960, 957]
[999, 875, 820, 805]
[999, 916, 901]
[999, 951, 946, 944]
[999, 945, 938]
[999, 953, 947, 945]
[999, 948, 944, 942]
[999, 967]
[999, 901, 887]
[999, 930, 922]
[999, 960, 952]
[999, 927, 922]
[999, 916, 909, 907]
[999, 929, 928, 927]
[999, 960]
[999, 938, 928, 927]
[999, 970, 969]
[999, 875, 836, 832]
[999, 959, 953]
[999, 912, 879, 876]
[999, 948, 947, 945]
[999, 955, 950, 948]
[999, 989, 985]
[999, 955]
[999, 958]
[998, 917, 904, 903]
[999, 950, 948]
[999, 971]
[999, 974, 972]
[999, 902, 888]
[999, 924, 916]
[999, 908, 887, 882, 880]
[999, 901, 893, 892]
[999, 970, 965]
[999, 874, 845, 839]
[999, 957, 955, 953]
[999, 969, 966]
[999, 939, 932, 930]
[999, 867, 782, 763, 760]
[999, 963, 961]
[999, 940, 936, 934]
[999, 968, 966]
[999, 956, 950, 948]
[999, 943, 940]
[999, 919, 905, 899]
[999, 899, 879, 870, 867]
[999, 950, 945]
[999, 952]
[999, 946]
[999, 958, 956]
[999, 972, 962]
[999, 964, 961]
[999, 885, 835, 833]
[999, 971]
[999, 892, 861, 857]
[999, 947, 945]
[999, 932, 931]
[999, 962, 959]
[999, 906, 894]
[999, 951, 946]
[999, 899, 888]
[999, 969, 967]
[999, 925, 918]
[999, 927, 908]
[999, 951, 942]
[999, 953, 948]
[999, 945, 936]
[999, 947, 942]
[999, 908, 901]
[999, 956, 951]
[999, 977]
[999, 959, 955]
[999, 889, 873]
[999, 818, 570, 380, 146, 81, 76]
[999, 964]
[999, 939, 930, 928]
[999, 948, 944]
[999, 918, 906, 902]
[999, 935, 928]
[999, 932, 925]
[999, 945, 932, 931]
[999, 971, 969]
[999, 938, 932]
[999, 937, 929]
[999, 922, 910]
[999, 954]
[999, 962, 960]
[999, 925, 920]
[999, 941, 938]
[999, 907, 898]
[999, 937, 931]
[998, 883, 860]
[999, 951, 949, 945]
[999, 934, 933]
[999, 906, 894]
[999, 963, 958, 956]
[999, 949, 942, 940]
[999, 935, 930, 927]
[999, 948, 939]
[999, 953, 947, 945, 943]
[999, 980]
[999, 942, 933]
[999, 959]
[999, 923, 919]
[999, 966, 961, 959]
[999, 916, 908, 907]
[999, 898, 877, 875]
[999, 962, 959]
[999, 923, 919]
[999, 916, 906, 905, 903]
[999, 970, 968, 966]
[999, 975, 972]
[999, 957, 952]
[999, 972]
[999, 961, 959]
[999, 951]
[999, 964, 959]
[999, 954, 952]
[999, 806, 560, 362, 139, 78, 70, 69]
[999, 946, 940, 939, 937]
[999, 930, 928]
[999, 971, 968, 966]
[999, 978]
[999, 954, 951]
[999, 945]
[999, 961, 956]
[999, 927, 908, 906]
[999, 932, 926]
[999, 959, 956]
[999, 967, 966, 964]
[999, 937, 929]
[999, 948]
[999, 960, 955]
[999, 952, 945]
[999, 952, 949, 947]
[999, 890, 880, 878]
[999, 958, 955]
[999, 968, 963]
[999, 929, 917, 913]
[999, 958, 956]
[999, 939, 933]
[999, 968]
[999, 949, 947, 945]
[999, 908, 898]
[999, 914, 905]
[999, 969, 962]
[999, 889, 860]
[999, 946, 938]
[999, 967, 966]
[999, 967]
[999, 949, 941]
[999, 965, 962]
[999, 970, 962]
[999, 947, 940]
[999, 973]
[999, 925, 924]
[999, 921, 913]
[999, 955, 953]
[999, 902, 895, 894, 892]
[999, 949, 947]
[999, 964]
[999, 900, 877, 873]
[999, 972, 971]
[999, 889, 873, 862]
[999, 952, 937]
[999, 911, 890, 889]
[999, 945, 939]
[999, 946, 937]
[999, 934, 924]
[999, 957]
[999, 817, 601, 396, 185, 104, 99]
[999, 964, 960, 958]
[999, 851, 788, 778]
[999, 963, 959]
[999, 891, 857, 851]
[999, 957, 956, 954]
[999, 953, 945]
[999, 972, 970]
[999, 957, 956]
[999, 970, 966, 963]
[999, 909, 902, 899]
[999, 925, 924, 921]
[999, 969, 967]
[999, 972]
[999, 967, 964]
[999, 944, 940]
[999, 956, 952]
[999, 971, 970, 968]
[999, 942, 925]
[999, 955, 953]
[999, 873, 830, 822, 819]
[999, 947, 937]
[999, 950, 948]
[999, 951, 944]
[999, 903, 883]
[999, 951, 947]
[999, 914, 894, 886]
[999, 936, 933]
[999, 969, 964, 962]
[999, 944]
[999, 962, 957]
[999, 916, 906, 904]
[999, 883, 849, 842]
[999, 932, 927]
[999, 960, 958]
[999, 954]
[999, 935]
[999, 948, 946, 942]
[999, 894, 864, 862]
[999, 951]
[999, 962, 956, 954]
[999, 962, 960]
[999, 941, 925]
[999, 920, 912]
[999, 888, 858, 854]
[999, 954, 953]
[999, 939, 931]
[999, 962, 961]
[999, 945, 937]
[999, 964]
[999, 965, 963]
[999, 950, 944]
[999, 948, 943]
[999, 950, 945]
[999, 893, 858, 850]
[999, 955, 953]
[999, 944, 943]
[999, 934, 924, 921]
[999, 939]
[999, 915, 899]
[999, 966]
[999, 949, 946]
[999, 951]
[999, 951, 943]
[999, 890, 858, 852, 847]
[999, 958]
[999, 957]
[999, 930, 916]
[999, 914, 900, 896]
[999, 980]
[999, 945, 943]
[999, 960, 953, 951]
[999, 956]
[999, 938, 933]
[999, 956]
[999, 968, 966]
[999, 905, 896]
[999, 968, 967, 965]
[999, 940, 935]
[999, 949, 937]
[999, 968]
[999, 946, 934]
[999, 903, 891]
[999, 923, 906, 905]
[999, 929, 914, 907]
[999, 941, 935]
[999, 938, 928, 926]
[999, 875, 854, 852]
[999, 954, 952]
[999, 941, 937, 936, 934]
[999, 944, 942]
[999, 963, 962]
[999, 878, 845, 841]
[999, 927, 916]
[999, 968, 963]
[999, 852, 756, 733, 726, 722]
[999, 923, 914]
[999, 970]
[999, 920, 912]
[999, 944]
[999, 940]
[999, 944, 939]
[999, 959, 958]
[999, 937, 933]
[999, 966]
[999, 929, 911, 909]
[999, 961, 956]
[999, 962, 959]
[999, 929, 921]
[999, 950, 939]
[999, 957]
[999, 860, 808, 807]
[999, 958, 954]
[999, 912, 903]
[999, 951, 946]
[999, 981]
[999, 956]
[999, 936, 919, 917]
[999, 967, 965]
[999, 941, 936]
[999, 932, 925]
[999, 953]
[999, 936, 922, 920]
[999, 952, 950]
[999, 952, 947, 945]
[999, 954, 949]
[999, 953, 942]
[999, 953, 948]
[999, 931, 917, 915]
[999, 964]
[999, 932, 923, 922]
[999, 964, 959]
[999, 967]
[999, 986, 984]
[999, 903, 891]
[999, 960, 956]
[999, 966, 963]
[999, 877, 845]
[999, 962]
[999, 922, 910]
[999, 947]
[999, 967, 965]
[999, 926, 915, 911]
[999, 947, 941]
[999, 961, 960]
[999, 941, 935]
[999, 842, 713, 649, 623, 622, 620]
[999, 936, 930, 928]
[999, 946, 942]
[999, 946, 927]
[999, 957, 951]
[999, 902, 892]
[999, 955, 949]
[999, 952, 948, 946]
[999, 948, 940]
[999, 948, 945, 943]
[999, 889, 870]
[999, 870, 850, 848]
[999, 946, 937, 934]
[999, 943, 938, 936]
[999, 944, 939]
[999, 940, 937]
[999, 953, 942]
[999, 953, 948, 946]
[999, 971, 968]
[999, 949, 948]
[999, 954, 951]
[999, 964]
[999, 946, 934]
[999, 954, 951]
[999, 954, 950]
[999, 972, 967]
[999, 940, 937]
[999, 919, 912, 909]
[999, 953, 950, 945]
[999, 956, 950]
[999, 968, 965]
[999, 932]
[999, 758, 460, 281, 142, 119, 118]
[999, 972, 970]
[999, 944, 937, 935]
[999, 968, 966]
[999, 924, 917, 915]
[999, 963, 957]
[999, 956, 955, 953]
[999, 886, 862]
[999, 857, 799, 794, 791]
[999, 961, 958]
[999, 954, 952]
[999, 899, 893]
[999, 955, 949]
[999, 949, 946]
[999, 977]
[999, 969, 968]
[999, 952, 946]
[999, 911, 905]
[999, 927, 918]
[999, 946, 943]
[999, 915, 907]
[999, 972, 969]
[999, 935, 925]
[999, 963]
[999, 945]
[999, 958, 955]
[999, 950, 941]
[999, 957, 952]
[999, 907, 901]
[999, 899, 876, 874]
[999, 939, 931]
[999, 947, 941]
[999, 971]
[999, 950, 948]
[999, 927, 917]
[999, 950, 947]
[999, 944, 936, 934]
[999, 904, 898, 896]
[999, 930, 926]
[999, 964, 962]
[999, 931, 930]
[999, 904, 896, 894]
[999, 909, 901]
[999, 953, 951]
[999, 971, 969]
[999, 965, 963]
[999, 953, 946, 944]
[999, 943, 931, 927]
[999, 951, 941, 939]
[999, 957, 955]
[999, 907, 893, 887, 885]
[999, 929, 927]
[999, 972]
[999, 949, 933, 931]
[999, 962, 960]
[999, 964]
[999, 947, 944]
[999, 887, 865, 864]
[999, 925, 915, 903]
[999, 947, 943]
[999, 947, 941, 939]
[999, 971, 965]
[999, 861, 834]
[999, 929, 924]
[999, 973, 971]
[999, 949, 943]
[999, 953, 946]
[999, 946, 943]
[999, 954, 952]
[999, 933]
[999, 902, 882]
[999, 941, 930]
[999, 898, 866]
[999, 941, 934]
[999, 916, 909]
[999, 957, 954]
[999, 975, 972]
[999, 917, 898, 896]
[999, 952, 951]
[999, 934, 924, 921, 919]
[999, 902, 868, 863, 861]
[999, 928, 923, 922]
[999, 958]
[999, 949]
[999, 968, 966]
[999, 896, 829, 817, 815]
[999, 943, 936]
[999, 958, 955]
[999, 974, 969]
[999, 963, 957, 955]
[999, 937, 931]
[999, 868, 838, 836]
[999, 965, 964]
[999, 871, 838, 835, 833]
[999, 947, 945]
[999, 973, 968]
[999, 901, 889, 886]
[999, 943, 942, 940]
[999, 979, 978]
[999, 948, 944]
[999, 950, 948]
[999, 927, 916, 913]
[999, 956, 943]
[999, 961, 958, 952]
[999, 953, 950, 948]
[999, 933, 926]
[999, 969, 964]
[999, 921, 917]
[999, 956, 955]
[999, 957]
[999, 955, 953]
[999, 961]
[999, 918, 914]
[999, 928, 925]
[999, 942, 937]
[999, 962, 957]
[999, 924, 920, 918]
[999, 928, 927]
[998, 906, 897]
[999, 938, 930]
[999, 916, 906]
[999, 956, 955]
[999, 967, 958, 956]
[999, 953, 948]
[999, 943, 939]
[999, 923, 914, 911]
[999, 965]
[999, 918, 911]
[999, 932, 929, 927]
[999, 950, 948]
[999, 927, 926, 924]
[999, 986]
[999, 941, 936]
[999, 956, 954]
[999, 932, 930, 926]
[999, 964, 962]
[999, 955, 950]
[999, 944, 942]
[999, 933, 922, 919]
[999, 952, 942]
[999, 970]
[999, 928, 923]
[999, 959, 955]
[999, 972]
[999, 913, 901]
[999, 915, 907, 905]
[999, 920, 909, 907]
[999, 944, 938]
[999, 980]
[999, 946]
[999, 948, 945, 944]
[999, 899, 883, 878]
[999, 969, 965]
[999, 872, 841, 835]
[999, 957, 951]
[999, 948]
[999, 923, 916]
[999, 894, 862, 857]
[999, 968, 964]
[999, 968, 963]
[999, 952, 950]
[999, 933, 930]
[999, 927, 922, 919]
[999, 928, 923, 922]
[999, 965]
[999, 932, 926]
[999, 908, 895, 894]
[999, 971]
[999, 965, 964]
[999, 941, 933]
[999, 859, 794, 784, 783, 781]
[999, 906, 903]
[999, 951, 945]
[999, 979, 978]
[999, 794, 574, 397, 216, 148, 123, 112]
[999, 954, 953]
[999, 938]
[999, 921, 913]
[999, 972, 970]
[999, 938, 930]
[999, 958, 956]
[999, 975, 974]
[999, 930, 911, 907]
[999, 941, 940, 937]
[999, 920, 908]
[999, 957, 950]
[999, 969, 967, 965]
[999, 893, 879]
[999, 919, 915]
[999, 911, 899]
[999, 876, 821, 810]
[999, 936, 934]
[999, 942, 936]
[999, 939, 931]
[999, 935, 934]
[999, 959, 955]
[999, 975]
[999, 941, 937]
[999, 943, 929]
[999, 868, 800, 781, 779]
[999, 947, 945]
[999, 944, 937]
[999, 964, 961, 959]
[999, 941, 933]
[999, 958, 948, 946]
[999, 939, 933, 932]
[998, 928, 921]
[999, 958, 956]
[999, 958]
[999, 919, 910]
[999, 935, 933]
[999, 982, 980]
[999, 888, 862, 859]
[999, 956, 952]
[999, 927, 913, 912]
[999, 928, 914, 908]
[999, 948]
[999, 948, 946]
[999, 960, 959, 957]
[999, 937, 934]
[999, 832, 586, 390, 186, 121, 105, 102]
[999, 955, 954]
[999, 946, 937]
[999, 972, 971]
[999, 967, 961]
[999, 947]
[999, 934, 921]
[999, 977, 976, 974]
[999, 970, 968]
[999, 909, 892]
[999, 941, 940]
[999, 966, 964]
[999, 936, 933]
[999, 955, 953]
[999, 951, 949]
[999, 900, 883, 878]
[999, 926, 908]
[999, 907, 894, 892]
[999, 945, 944]
[999, 869, 832, 827, 825]
[999, 948, 935]
[999, 896, 866, 861]
[999, 952, 950]
[999, 909, 886, 881]
[999, 947, 944]
[999, 962]
[999, 968]
[999, 896, 885]
[999, 961]
[999, 949, 941]
[999, 954, 949]
[999, 931]
[999, 971, 967]
[999, 930, 924, 923]
[999, 972, 967]
[999, 958, 955]
[999, 977, 975]
[999, 941, 937]
[999, 960]
[999, 921, 909]
[999, 962, 961]
[999, 948, 946]
[999, 931, 928, 926]
[999, 905, 887, 883]
[999, 929, 918, 916]
[999, 919, 909]
[999, 846, 721, 622, 571, 566]
[999, 851, 806, 795, 793]
[999, 973, 971, 967]
[999, 913, 903]
[999, 954, 948]
[999, 922, 917]
[999, 957, 955]
[999, 931, 905, 903]
[999, 906, 894]
[999, 946, 937]
[999, 962, 957]
[999, 973, 971]
[999, 936, 924]
[999, 947, 945]
[999, 863, 780, 769, 766]
[999, 929, 925]
[999, 967, 957]
[999, 875, 823, 822]
[999, 964]
[999, 956, 955, 953]
[999, 961, 951]
[999, 930, 928]
[999, 931, 925]
[999, 934, 924]
[999, 966, 962]
[999, 869, 815, 811]
[999, 929, 922]
[999, 944, 942, 941]
[999, 942, 937, 933]
[999, 952, 945]
[999, 820, 629, 425, 240, 143, 116, 108]
[999, 936, 928]
[999, 917, 911, 906]
[999, 898, 882, 880]
[999, 967, 962]
[999, 902, 882, 876]
[999, 864, 821, 815, 813]
[999, 937, 936, 934]
[999, 918, 896, 893, 891]
[999, 948, 946]
[999, 937, 931, 929]
[999, 958, 957]
[999, 952, 949]
[999, 937, 934]
[999, 911, 903]
[999, 884, 870, 863]
[999, 962, 960]
[999, 960, 959]
[999, 951, 948]
[999, 900, 881]
[999, 939, 932, 930]
[999, 938, 934]
[999, 915, 904]
[999, 958, 957, 955]
[999, 963, 960]
[999, 865, 822, 809]
[999, 945, 941]
[999, 976]
[999, 945, 941]
[999, 967, 963]
[999, 931, 930]
[999, 962, 961]
[999, 963, 962]
[999, 921, 903, 901]
[999, 901, 891]
[999, 916, 910]
[999, 870, 845]
[999, 943, 940]
[999, 913, 905, 903]
[999, 950, 945, 943]
[999, 962, 959]
[999, 916, 906]
[998, 944, 942]
[999, 969]
[999, 947, 941, 939]
[999, 950]
[999, 961, 953, 949]
[999, 949, 948, 946]
[999, 943, 937]
[999, 896, 881, 879]
[999, 877, 828, 820, 816]
[999, 949, 947]
[999, 935, 926]
[999, 917, 900]
[999, 967, 964]
[999, 971]
[999, 960]
[999, 967, 962]
[999, 980]
[999, 966]
[999, 945, 942]
[999, 944, 939, 937]
[999, 971, 969]
[999, 954, 937, 933, 932]
[999, 944, 942]
[999, 912, 900]
[999, 970]
[999, 910, 885, 883]
[999, 935, 916, 914]
[999, 917, 914, 913]
[999, 971, 968]
[999, 945, 940, 937, 934]
[999, 923, 908]
[999, 936, 934]
[999, 968]
[999, 937, 933]
[999, 943, 938, 937, 934]
[999, 901, 895]
[999, 961, 960]
[999, 958]
[999, 941, 925, 923]
[999, 923, 911, 909]
[999, 948, 943]
[999, 961, 958]
[999, 926, 918, 915]
[999, 858, 768, 754, 751]
[999, 959, 958]
[999, 937, 929, 927]
[999, 909, 898, 893]
[999, 910, 899, 898]
[999, 951]
[999, 975, 972, 971, 969]
[999, 946, 944]
[999, 933, 926]
[999, 971, 969]
[999, 966, 963]
[999, 940, 936]
[999, 911, 906]
[999, 943, 940]
[999, 945]
[999, 894, 871, 870]
[999, 959, 955]
[999, 928, 919, 917]
[999, 935, 914]
[999, 902, 880, 875]
[999, 960, 957]
[999, 943, 937]
[999, 958]
[999, 972]
[999, 903, 885, 876, 874]
[999, 943, 942]
[999, 969, 966, 964]
[999, 862, 796, 791, 789]
[999, 950, 945]
[999, 895, 873, 871, 870, 868]
[999, 943, 936, 931]
[999, 964, 960]
[999, 930, 925]
[999, 922, 919, 915]
[999, 971, 967]
[999, 856, 786, 769, 767, 763]
[999, 950, 949]
[999, 960, 957]
[999, 920, 913, 912]
[999, 957, 953]
[999, 971]
[999, 962, 955]
[999, 961, 956, 953]
[999, 918, 911]
[999, 943, 941]
[999, 973, 971]
[999, 959, 955]
[999, 950, 934]
[999, 831, 610, 433, 269, 176, 135, 120, 118]
[999, 973, 971]
[999, 972, 966]
[999, 947, 944]
[999, 925, 918]
[999, 928, 915]
[999, 932, 929]
[999, 951, 947]
[999, 920, 916]
[999, 917, 896, 890]
[999, 952, 948]
[999, 953, 947]
[999, 951, 944]
[999, 964, 962, 960]
[999, 946, 938]
[999, 955, 948]
[999, 947, 943]
[999, 944]
[999, 977, 975]
[999, 943, 942]
[999, 970, 964, 962]
[999, 967, 962]
[999, 917, 900, 897]
[999, 879, 833, 824]
[999, 965, 963]
[999, 979, 977]
[999, 952, 945]
[999, 947, 944]
[999, 923, 916]
[999, 945, 932, 931]
[999, 896, 878, 876]
[999, 928, 924]
[999, 958, 952, 950]
[999, 948, 940]
[999, 921, 907, 905]
[999, 939, 930]
[999, 966, 963]
[999, 958, 954]
[999, 937, 929, 927]
[999, 962, 959]
[999, 956, 953, 951]
[999, 946, 944]
[999, 940, 933]
[999, 945, 937]
[999, 960, 952]
[999, 962, 958]
[999, 937, 929, 927]
[999, 977]
[999, 943, 937]
[999, 926, 917, 915]
[999, 932, 922]
[999, 950, 949]
[999, 922, 908, 902]
[999, 966, 959]
[999, 847, 719, 676, 661, 659, 656]
[999, 966, 961]
[999, 958]
[999, 971]
[999, 966, 963]
[999, 930, 922, 919]
[999, 973, 971]
[999, 918, 911]
[999, 949, 945, 943]
[999, 914, 893, 892]
[999, 927, 920, 918]
[999, 867, 842, 837]
[999, 921, 901]
[999, 963, 961]
[999, 937, 931]
[999, 952, 951]
[999, 919, 898]
[999, 954, 951]
[999, 953, 951]
[999, 930, 918, 914]
[999, 949, 946]
[999, 953, 951]
[999, 964, 961]
[999, 940, 932]
[999, 929]
[999, 960, 956]
[999, 965]
[999, 956, 954]
[999, 958, 955]
[999, 958, 954]
[999, 944, 935]
[999, 923, 902, 900]
[999, 920, 902, 897, 893]
[999, 925, 922]
[999, 957]
[999, 942, 936, 932]
[999, 883, 866]
[999, 908, 900]
[999, 933, 925]
[999, 920, 910, 907]
[999, 921, 902, 901]
[999, 947, 941, 939]
[999, 973]
[999, 949, 945]
[999, 915, 907]
