[29.59, 29.55, 29.52]
[29.46, 29.41, 29.39, 29.38]
[29.69, 29.66, 29.62]
[29.72, 29.7, 29.69]
[29.53, 29.51, 29.47, 29.47, 29.47, 29.46]
[29.43, 29.37, 29.32, 29.31]
[29.47, 29.46]
[29.63, 29.63, 29.59]
[29.44, 29.41, 29.4, 29.39]
[29.72, 29.63, 29.59]
[29.55, 29.52, 29.44]
[29.75, 29.7, 29.66]
[29.68, 29.67, 29.64]
[29.71, 29.67, 29.64]
[29.69, 29.69, 29.66]
[29.64, 29.6, 29.55, 29.55]
[29.63, 29.56, 29.52, 29.51]
[29.72, 29.69, 29.63]
[29.63, 29.62, 29.6]
[29.74, 29.7, 29.68]
[29.69, 29.58, 29.53, 29.53]
[29.66, 29.64, 29.61]
[29.62, 29.51, 29.43, 29.43]
[29.55, 29.48, 29.43]
[29.6, 29.6, 29.58]
[29.54, 29.52, 29.51]
[29.57, 29.55, 29.49, 29.48]
[29.64, 29.61, 29.57]
[29.64, 29.62, 29.57, 29.56]
[29.8, 29.77, 29.76]
[29.73, 29.71, 29.7]
[29.62, 29.6, 29.59, 29.57]
[29.55, 29.52, 29.49, 29.49]
[29.84, 29.82, 29.79, 29.78]
[29.35, 29.29, 29.28]
[29.58, 29.54, 29.51]
[29.6, 29.55, 29.49, 29.49]
[29.67, 29.65, 29.64, 29.63]
[29.66, 29.59, 29.56]
[29.48, 29.41, 29.37]
[29.79, 29.76, 29.72]
[29.78, 29.73, 29.72]
[29.61, 29.56, 29.53]
[29.68, 29.58, 29.52]
[29.67, 29.63, 29.62]
[29.49, 29.45, 29.43]
[29.61, 29.57, 29.56]
[29.72, 29.73, 29.69]
[29.69, 29.66, 29.64]
[29.67, 29.64, 29.62, 29.61]
[29.54, 29.51, 29.5]
[29.77, 29.74, 29.74, 29.73]
[29.74, 29.68, 29.62, 29.62]
[29.84, 29.83, 29.82]
[29.59, 29.6, 29.59]
[29.74, 29.7, 29.64, 29.63]
[29.56, 29.49, 29.44]
[29.75, 29.73, 29.71, 29.7]
[29.66, 29.62, 29.57]
[29.74, 29.69, 29.68, 29.67]
[29.52, 29.5, 29.48]
[29.7, 29.65, 29.63, 29.62, 29.61]
[29.59, 29.61, 29.56]
[29.46, 29.38, 29.32]
[29.64, 29.57, 29.52]
[29.66, 29.6, 29.52, 29.5]
[29.58, 29.54, 29.5, 29.5]
[29.7, 29.67, 29.65, 29.64]
[29.86, 29.83, 29.81, 29.8]
[29.83, 29.76, 29.73, 29.72]
[29.68, 29.67, 29.64]
[29.74, 29.7, 29.68, 29.68]
[29.85, 29.83, 29.82]
[29.71, 29.69, 29.68]
[29.62, 29.61, 29.59]
[29.63, 29.57, 29.57, 29.55]
[29.74, 29.72, 29.72, 29.71]
[29.73, 29.64, 29.57]
[29.68, 29.64, 29.58]
[29.7, 29.7, 29.68]
[29.45, 29.37, 29.3, 29.29]
[29.64, 29.61, 29.6]
[29.62, 29.6, 29.51, 29.5]
[29.73, 29.72, 29.71]
[29.6, 29.59, 29.55]
[29.65, 29.64, 29.62]
[29.69, 29.7, 29.67, 29.66]
[29.74, 29.66, 29.62, 29.61]
[29.52, 29.5, 29.4, 29.39]
[29.7, 29.64, 29.59]
[29.5, 29.45, 29.41, 29.4]
[29.64, 29.61, 29.54, 29.53]
[29.62, 29.63, 29.61, 29.6]
[29.6, 29.58, 29.54]
[29.9, 29.89, 29.87]
[29.77, 29.72, 29.69]
[29.64, 29.6, 29.59]
[29.57, 29.54, 29.52, 29.51]
[29.81, 29.79, 29.73]
[29.7, 29.69, 29.67]
[29.75, 29.72]
[4999, 4903, 4890, 4889, 4887]
[4999, 4861, 4851]
[4999, 4829, 4820]
[4999, 4939, 4937]
[4999, 4916, 4911, 4909]
[4999, 4840, 4821, 4816]
[4999, 4890, 4886]
[4999, 4903, 4893]
[4999, 4788, 4778]
[4999, 4776, 4763]
[4999, 4870, 4856]
[4999, 4906, 4894]
[4999, 4749, 4729, 4727]
[4999, 4923, 4915]
[4999, 4908, 4898]
[4999, 4899, 4894]
[4999, 4942, 4934]
[4999, 4913, 4908]
[4999, 4870, 4857]
[4999, 4805, 4793, 4791]
[4999, 4752, 4733, 4724]
[4999, 4801, 4800]
[4999, 4902, 4892, 4890]
[4999, 4850, 4840]
[4999, 4826, 4808]
[4999, 4824, 4816, 4814]
[4999, 4856, 4853]
[4999, 4904, 4897, 4895]
[4999, 4747, 4736]
[4999, 4832, 4818, 4815]
[4999, 4890, 4884]
[4999, 4862, 4858, 4856]
[4999, 4881, 4864, 4862]
[4999, 4880, 4874]
[4999, 4883, 4876, 4874]
[4999, 4828]
[4999, 4923, 4917, 4915]
[4999, 4813, 4801, 4799]
[4999, 4927, 4916]
[4999, 4879, 4874]
[4999, 4911, 4905]
[4999, 4713, 4684, 4680]
[4999, 4936, 4933, 4931]
[4999, 4938, 4933]
[4999, 4902, 4893, 4889]
[4999, 4869, 4854]
[4999, 4889, 4883]
[4999, 4911, 4906, 4904]
[4999, 4944]
[4999, 4829, 4818, 4815]
[4999, 4886, 4880, 4878]
[4999, 4878, 4873, 4871]
[4999, 4889, 4878]
[4999, 4901, 4897]
[4999, 4933, 4931]
[4999, 4837, 4818, 4816]
[4999, 4923, 4918, 4916]
[4999, 4812, 4804, 4803]
[4999, 4890, 4886, 4883]
[4999, 4890, 4878]
[4999, 4860, 4854]
[4999, 4859, 4849]
[4999, 4900, 4896, 4894]
[4999, 4894, 4889]
[4999, 4877, 4870, 4866]
[4999, 4881, 4875, 4869]
[4999, 4736, 4717, 4715]
[4999, 4865, 4856, 4854]
[4999, 4852, 4840]
[4999, 4808, 4800]
[4999, 4782, 4757]
[4999, 4754, 4744, 4742]
[4999, 4936, 4934]
[4999, 4922]
[4999, 4907, 4904]
[4999, 4834, 4823, 4819]
[4999, 4828, 4823, 4821]
[4999, 4858, 4849, 4847]
[4999, 4900, 4898, 4896]
[4999, 4838, 4830, 4828]
[4999, 4908, 4900]
[4999, 4926, 4925, 4923]
[4999, 4935, 4933]
[4999, 4844, 4832]
[4999, 4888, 4879, 4877]
[4999, 4840, 4834, 4831]
[4999, 4914, 4907, 4905]
[4999, 4874, 4862, 4860]
[4999, 4722, 4704, 4700]
[4999, 4926, 4919]
[4999, 4787, 4774, 4770]
[4999, 4815, 4801]
[4999, 4928, 4923, 4921]
[4999, 4838, 4825]
[4999, 4784, 4765]
[4999, 4894, 4887, 4883]
[4999, 4919, 4918, 4916]
[4999, 4851, 4842]
[4999, 4859, 4847]
[4999, 4839, 4822]
