[499, 365, 171, 3]
[498, 406, 225, 118, 45, 33]
[499, 456, 436, 432, 431]
[499, 363, 175, 55, 40, 36, 35]
[499, 437, 361, 249, 126, 36, 11, 11]
[499, 440, 406, 380, 374, 369, 366, 365]
[499, 469, 464]
[499, 451, 428, 423, 420]
[499, 427, 292, 178, 53, 27, 26]
[499, 456, 441, 437]
[499, 435, 313, 182, 12]
[499, 419, 275, 150, 8]
[499, 445, 393, 369, 365, 364]
[499, 391, 243, 80, 7, 6]
[499, 350, 185, 55, 19, 16]
[499, 452, 431, 429]
[499, 433, 286, 167, 20, 14]
[499, 419, 325, 221, 64, 4]
[499, 409, 226, 100, 24, 13]
[499, 470, 458, 456]
[499, 410, 269, 152, 15, 11]
[499, 454, 439, 437]
[499, 430, 320, 190, 57, 18, 16]
[499, 455, 445]
[499, 430, 271, 158, 12, 9]
[499, 446, 424, 423]
[499, 464, 461]
[499, 401, 233, 97, 17, 6]
[499, 410, 235, 124, 38, 22]
[499, 458, 448]
[499, 456, 447, 444]
[499, 440, 382, 335, 281, 211, 133, 67, 38, 37]
[499, 442, 370, 268, 184, 67, 35, 34]
[499, 372, 192, 69, 41, 36, 35]
[499, 404, 255, 143, 24, 18]
[499, 453, 440, 438]
[499, 416, 251, 109, 3]
[499, 423, 283, 157, 35, 15]
[499, 449, 397, 344, 268, 157, 80, 37, 35, 28, 26]
[499, 440, 403, 387, 378, 374]
[499, 465, 457]
[499, 404, 243, 94, 5]
[499, 434, 341, 218, 94, 44, 37, 36]
[499, 383, 214, 58, 13, 13]
[499, 410, 243, 99, 10, 7]
[499, 450, 433, 429]
[499, 458, 450]
[499, 458, 449, 448]
[499, 431, 337, 233, 79, 7, 4]
[499, 477, 474, 471]
[499, 436, 382, 344, 327, 325]
[499, 442, 381, 323, 257, 172, 87, 34, 32]
[499, 434, 302, 167, 23, 18]
[499, 451, 413, 384, 376, 374]
[499, 410, 251, 127, 36, 29]
[499, 412, 221, 112, 5]
[499, 446, 391, 375]
[499, 422, 311, 201, 56, 4, 4]
[499, 455, 440]
[499, 444, 408, 396]
[499, 461, 450]
[499, 416, 240, 102, 4]
[499, 445, 412, 405]
[499, 415, 258, 130, 14, 12]
[499, 434, 325, 211, 77, 34, 16]
[499, 451, 427, 426, 424]
[499, 466]
[499, 419, 273, 156, 19, 13]
[499, 366, 198, 56, 20, 20]
[499, 451, 442, 440, 438]
[499, 466, 464]
[499, 458, 429, 428]
[499, 459, 446, 444]
[499, 431, 307, 174, 55, 25, 25]
[499, 439, 333, 210, 47, 34, 29]
[499, 465, 457, 455]
[499, 452, 410, 392, 390, 387]
[499, 455, 429, 422]
[499, 391, 213, 48, 14]
[499, 433, 336, 208, 77, 15, 12]
[499, 388, 217, 49, 5]
[499, 452, 441]
[499, 442, 399, 385, 378]
[499, 471, 470]
[499, 422, 245, 94, 41, 39]
[499, 411, 248, 92, 24, 23]
[499, 399, 216, 100, 14]
[499, 458, 451]
[499, 454, 440]
[499, 346, 139, 5, 5]
[499, 426, 336, 212, 69, 16]
[499, 449, 389, 349, 339, 337, 333]
[499, 450, 421, 412, 411]
[499, 445, 401, 381, 376]
[499, 467, 448, 445, 442]
[499, 399, 233, 108, 22, 15]
[499, 434, 379, 351, 345, 341]
[499, 418, 293, 178, 79, 36, 35]
[499, 456, 443, 440]
[499, 456, 449]
[499, 441, 404, 402, 400]
[499, 442, 414, 412]
[499, 431, 290, 168, 29, 26, 16]
[499, 444, 389, 316, 205, 128, 42, 28, 26]
[498, 449, 392, 364, 359, 358]
[499, 455, 413, 406, 404]
[499, 460, 454, 448]
[499, 446, 430, 423]
[499, 451, 428, 421, 420, 417]
[499, 444, 411, 400]
[499, 449, 416, 404, 401]
[499, 367, 180, 48, 11]
[499, 407, 239, 136, 36, 28]
[499, 363, 191, 56, 3]
[499, 467, 445, 439]
[499, 455, 443, 438]
[499, 456, 440, 435]
[499, 461, 453, 451]
[499, 420, 251, 121, 19, 8]
[499, 414, 242, 129, 6]
[499, 439, 381, 308, 185, 74, 45, 40]
[499, 456, 432, 429, 426]
[499, 427, 250, 89, 23]
[499, 293, 76, 10, 10]
[499, 457, 451]
[499, 464, 456]
[499, 428, 291, 162, 53, 17]
[499, 341, 158, 23, 19]
[499, 466, 452, 449]
[499, 451, 408, 395, 390]
[499, 469, 465]
[499, 453, 443, 441]
[499, 409, 224, 109, 38, 28]
[499, 380, 214, 70, 20, 16]
[499, 428, 255, 130, 20, 15]
[499, 425, 286, 167, 5]
[499, 464, 453]
[499, 425, 263, 131, 18]
[499, 454, 416, 410, 409, 406]
[499, 478, 473, 471]
[499, 417, 245, 119, 13]
[499, 419, 256, 137, 24, 15]
[499, 475]
[499, 475, 466, 465]
[499, 431, 291, 148, 29, 15, 8]
[499, 410, 261, 127, 14, 9]
[499, 393, 221, 49, 11, 9]
[499, 358, 120, 6, 6]
[499, 452, 416, 397, 391, 387]
[499, 461, 460]
[499, 471, 465, 464, 462]
[499, 452, 433, 425]
[499, 391, 211, 90, 38, 35, 33]
[499, 441, 399, 382]
[499, 427, 271, 139, 50, 10]
[499, 459, 453]
[499, 470, 462]
[499, 455, 441, 438]
[499, 425, 296, 169, 39, 32]
[499, 451, 427, 417, 416]
[499, 471, 469]
[499, 434, 330, 203, 64, 12, 12]
[499, 338, 191, 37, 27]
[499, 440, 368, 240, 106, 25, 21, 20, 16]
[499, 458, 450]
[499, 434, 386, 368, 365]
[499, 473, 467, 463]
[499, 459, 446, 445]
[499, 447, 406, 348, 258, 166, 44, 18, 13, 12]
[499, 412, 245, 109, 28, 18]
[499, 463, 461]
[499, 462, 450, 448]
[499, 465, 453, 452]
[499, 420, 284, 172, 29, 22]
[499, 448, 416, 398]
[499, 467, 464]
[499, 457, 433]
[499, 426, 295, 160, 55, 32, 29]
[499, 439, 402, 393]
[499, 415, 240, 100, 29, 11, 9]
[499, 425, 286, 192, 54, 27]
[499, 383, 224, 58, 18]
[499, 472, 469]
[499, 441, 360, 233, 99, 30, 21]
[499, 442, 394, 347, 316, 306]
[499, 376, 204, 37, 31]
[499, 462, 444, 440, 438]
[499, 441, 393, 370, 360, 356]
[499, 392, 225, 117, 34, 28]
[499, 474, 464, 462]
[499, 395, 225, 126, 25, 19]
[499, 455, 428]
[499, 454, 427, 417, 416]
[499, 441, 383, 349, 337, 336]
[499, 467, 463]
[499, 388, 220, 91, 26, 23]
[499, 459, 453]
[499, 476, 470]
[499, 468, 461, 460]
[499, 439, 342, 224, 109, 51, 50]
[499, 475]
[499, 377, 203, 67, 37, 36]
[499, 445, 389, 352, 347, 345, 343, 342]
[499, 410, 230, 110, 5, 3]
[499, 431, 311, 187, 62, 45, 40]
[499, 410, 242, 87, 30, 26]
[499, 472, 469]
[499, 459, 434, 430]
[499, 459, 443, 439]
[499, 453, 413, 400, 398]
[499, 438, 375, 309, 184, 62, 12, 10, 3]
[499, 445, 418, 416, 413]
[499, 385, 236, 108, 23, 20]
[499, 432, 289, 170, 8, 5]
[499, 425, 274, 136, 15, 9]
[499, 470, 467]
[499, 446, 429]
[499, 441, 383, 329, 271, 179, 95, 40, 12, 6]
[499, 413, 266, 130, 5]
[499, 446, 408, 396, 389]
[499, 445, 381, 310, 192, 111, 50, 15]
[499, 436, 312, 174, 67, 15, 15]
[499, 425, 296, 165, 35, 20]
[499, 466, 453, 445, 444]
[499, 443, 387, 346, 320, 319]
[499, 372, 190, 68, 35, 33]
[499, 426, 307, 194, 72, 16, 11]
[499, 435, 358, 255, 141, 44, 15, 15]
[499, 434, 355, 224, 92, 34, 27, 12]
[499, 432, 308, 162, 18, 7]
[499, 414, 231, 113, 20]
[499, 352, 156, 4]
[499, 380, 202, 74, 37, 27]
[499, 434, 337, 218, 107, 38, 30]
[499, 427, 294, 159, 39, 34, 24]
[499, 448, 426, 422, 419]
[499, 469, 463, 460]
[499, 407, 219, 51, 15]
[499, 473, 470]
[499, 443, 369, 248, 120, 49, 27]
[499, 457, 428, 426]
[499, 468, 463]
[499, 454, 442, 436]
[499, 437, 391, 375, 372]
[499, 445, 369, 265, 136, 42, 19, 14]
[499, 479, 477]
[499, 449, 390, 346, 305, 286, 272, 261, 260]
[499, 383, 217, 101, 40, 13]
[499, 448, 430, 427]
[499, 433, 312, 181, 35, 21, 18]
[499, 444, 396, 379, 378]
[499, 401, 248, 97, 10]
[499, 439, 382, 332, 266, 152, 46, 19]
[499, 414, 252, 119, 25, 16]
[499, 407, 223, 86, 15]
[499, 441, 400, 388, 386]
[499, 417, 263, 160, 10, 6]
[499, 424, 302, 175, 21, 13]
[499, 431, 330, 219, 74, 11]
[499, 468, 454, 447]
[499, 392, 205, 57, 30, 30]
[499, 432, 341, 235, 123, 46, 34]
[499, 397, 230, 118, 56, 48, 46]
[499, 451, 414, 393, 381]
[499, 477, 468]
[499, 460, 447, 443, 442, 440, 437]
[499, 426, 296, 184, 24, 16]
[499, 445, 389, 348, 327, 326]
[499, 377, 206, 23, 14]
[499, 461, 431, 421, 413, 411]
[499, 401, 242, 141, 20, 13, 11]
[499, 429, 303, 156, 41, 26, 25]
[499, 439, 360, 242, 91, 38, 30, 27]
[499, 431, 346, 224, 88, 19, 15]
[499, 438, 358, 261, 127, 75, 61, 60]
[499, 406, 236, 81, 6, 6]
[499, 408, 256, 135, 34, 28, 10]
[499, 434, 352, 207, 81, 34, 27]
[499, 387, 207, 59, 32, 30]
[499, 405, 242, 120, 50, 18, 8]
[499, 426, 320, 205, 83, 14, 13]
[499, 463, 460]
[499, 416, 269, 173, 72, 32, 28]
[499, 394, 208, 79, 20]
[499, 465, 459, 457]
[499, 428, 284, 144, 27, 20]
[499, 456, 452]
[499, 447, 375, 234, 101, 53, 40, 27]
[499, 466, 463]
[499, 427, 292, 169, 47, 17]
[499, 417, 256, 121, 14, 13, 5]
[499, 443, 414, 407]
[499, 417, 276, 174, 5]
[499, 424, 323, 202, 85, 47, 43, 41]
[499, 481, 479, 478]
[499, 449, 433, 428]
[499, 444, 395, 363, 348, 347, 346, 345]
[499, 438, 375, 310, 202, 120, 41, 34, 28]
[499, 444, 377, 281, 164, 34, 17]
[499, 444, 392, 327, 225, 115, 64, 45, 37]
[499, 383, 185, 58, 17]
[499, 467, 460]
[499, 450, 387, 301, 182, 109, 51, 33, 12]
[499, 439, 277, 167, 44, 10]
[499, 405, 227, 72, 5, 5]
[499, 464, 453]
[499, 412, 243, 105, 29, 29]
[499, 447, 419, 413]
[499, 459, 451]
[499, 420, 249, 146, 27, 19]
[499, 428, 347, 220, 116, 45, 27, 27]
[499, 424, 255, 138, 6]
[499, 409, 236, 100, 5]
[499, 438, 352, 225, 88, 32, 20, 14]
[499, 456, 438, 436]
[499, 438, 364, 228, 99, 10, 8]
[499, 464, 444]
[499, 442, 362, 241, 143, 71, 19, 16]
[499, 409, 231, 98, 20, 13]
[499, 373, 167, 43, 29, 28]
[499, 409, 256, 145, 11, 10, 6]
[499, 441, 367, 260, 138, 29, 8]
[499, 458, 454]
[499, 381, 228, 113, 37, 29]
[499, 440, 385, 332, 271, 181, 96, 51, 33]
[499, 473, 463]
[499, 407, 247, 125, 33, 18]
[499, 436, 388, 364, 357]
[499, 452, 418, 404, 395, 393]
[499, 434, 324, 191, 105, 37, 36]
[499, 456, 440, 436]
[499, 401, 212, 56, 8, 8]
[499, 447, 398, 379]
[499, 421, 278, 138, 31, 30]
[499, 453, 427, 416]
[499, 451, 404, 373, 349, 348]
[499, 437, 383, 351, 342, 340]
[499, 412, 241, 101, 11]
[499, 453, 429, 427]
[499, 356, 176, 37, 30]
[499, 442, 401, 393, 392]
[499, 465, 458, 455]
[499, 427, 297, 194, 17, 7]
[499, 452, 428, 423, 421]
[499, 434, 315, 202, 30, 25]
[499, 424, 308, 187, 66, 14, 14]
[499, 452, 428, 418, 417]
[499, 468]
[499, 405, 241, 107, 3]
[499, 400, 219, 60, 5]
[499, 424, 278, 142, 31, 27]
[499, 389, 207, 80, 36, 25, 23, 21]
[499, 387, 234, 120, 16]
[499, 439, 331, 206, 54, 9]
[499, 439, 357, 264, 134, 11, 7]
[499, 451, 430]
[499, 434, 310, 185, 50, 27, 26]
[499, 387, 202, 39, 21]
[499, 470]
[499, 451, 438, 435]
[499, 422, 291, 177, 42, 30]
[499, 382, 220, 66, 2]
[499, 459, 440, 439]
[499, 448, 396, 357, 345]
[499, 392, 224, 91, 34, 30]
[499, 319, 105, 3]
[499, 420, 278, 158, 31, 4]
[499, 454, 443]
[499, 475, 472]
[499, 460, 444]
[499, 453, 434, 432, 430]
[499, 453, 427, 420]
[499, 380, 203, 74, 43, 42]
[499, 446, 416, 406, 405, 404]
[499, 332, 163, 22]
[499, 414, 244, 130, 13, 12]
[499, 472, 464]
[499, 451, 433, 430]
[499, 461, 426, 421]
[499, 435, 376, 310, 231, 121, 58, 23, 21]
[499, 453, 434]
[499, 463, 447, 442, 440, 438, 436]
[499, 437, 365, 257, 141, 20, 12]
[499, 459, 447, 445]
[499, 459, 454]
[499, 403, 230, 74, 27, 19]
[499, 460, 451, 445, 444, 441]
[499, 398, 227, 112, 48, 39]
[499, 431, 318, 210, 57, 29, 19]
[499, 416, 258, 124, 26, 12]
[499, 478, 477]
[499, 427, 323, 206, 45, 8]
[499, 446, 381, 286, 176, 85, 44, 30]
[499, 447, 399, 387, 386, 384]
[499, 449, 419, 418]
[499, 448, 434, 431]
[499, 422, 302, 191, 48, 13, 12, 8]
[499, 471, 469]
[498, 414, 247, 129, 2]
[499, 426, 306, 178, 24, 6]
[499, 435, 325, 210, 58, 31]
[499, 463, 446, 436]
[499, 452, 438, 434, 432]
[499, 349, 145, 18, 15]
[499, 410, 221, 37, 13]
[499, 433, 355, 241, 106, 7]
[499, 449, 431, 426]
[499, 438, 327, 209, 60, 5, 5]
[499, 409, 246, 152, 4]
[499, 420, 272, 152, 6, 4]
[499, 422, 278, 155, 24, 17]
[499, 416, 258, 136, 28, 24, 20]
[499, 445, 398, 379, 373]
[499, 469, 463]
[499, 422, 277, 131, 54, 42, 37, 35]
[499, 439, 359, 259, 135, 13, 7]
[499, 441, 347, 222, 124, 27, 19]
[499, 444, 427]
[499, 393, 235, 111, 5]
[499, 477, 475]
[499, 372, 203, 74, 13, 11]
[499, 414, 248, 135, 5]
[499, 445, 407, 389, 382]
[499, 444, 410, 405, 402]
[499, 425, 274, 163, 5]
[499, 397, 240, 87, 49, 44]
[499, 339, 167, 6, 6]
[499, 455, 429, 420]
[499, 399, 244, 132, 15]
[499, 470, 467]
[499, 334, 172, 13, 10]
[499, 391, 215, 72, 9, 9]
[499, 407, 234, 105, 22, 10]
[499, 436, 370, 280, 178, 96, 29, 14]
[499, 440, 352, 238, 118, 40, 26, 18, 9]
[499, 468, 463]
[499, 457, 427, 419, 413]
[499, 424, 255, 138, 29, 21]
[499, 459, 449, 448]
[499, 475, 472, 471]
[499, 442, 404, 370, 353, 344]
[499, 405, 249, 133, 8]
[499, 408, 250, 149, 33, 22]
[499, 414, 253, 111, 12, 8]
[499, 397, 222, 112, 39, 35]
[499, 457, 435]
[499, 399, 228, 82, 8]
[499, 458, 439, 438]
[499, 468, 462]
[499, 426, 279, 151, 19, 13]
[499, 456, 449, 447]
[499, 434, 347, 223, 77, 4]
[499, 457, 451, 450]
[499, 428, 352, 247, 130, 41, 32]
[499, 408, 217, 30, 20, 19]
[499, 401, 256, 147, 60, 28, 27]
[499, 473, 471]
[499, 476, 470, 468]
[499, 446, 409, 391, 387]
[499, 386, 211, 54, 27, 26]
[499, 420, 278, 171, 49, 6]
[499, 462, 454, 452]
[499, 446, 427, 420, 417]
[499, 424, 273, 143, 8, 3]
[499, 379, 216, 9, 9]
[499, 430, 319, 201, 28, 5]
[499, 332, 168, 40, 14]
[499, 433, 340, 205, 94, 30, 25, 24]
[499, 408, 239, 129, 8]
[499, 443, 358, 246, 138, 40, 32, 25]
[499, 413, 217, 97, 27, 25]
[499, 296, 122, 16, 14]
[499, 450, 421, 398, 393, 391]
[499, 451, 445]
[499, 430, 334, 203, 63, 23, 14, 10]
[499, 461, 451, 447]
[499, 443, 387, 361, 340, 322, 317]
[499, 386, 226, 125, 35, 17]
[499, 395, 238, 92, 15, 13]
[499, 455, 436, 431, 430]
[498, 454, 436, 430, 427]
[499, 453, 440, 439]
[499, 447, 410, 371, 366, 363]
[499, 416, 271, 121, 9]
[499, 430, 352, 216, 112, 15, 12]
[499, 452, 438, 435, 433]
[499, 334, 144, 4]
[499, 407, 241, 134, 60, 27, 25]
[499, 444, 370, 260, 122, 52, 40]
[499, 481, 477, 473]
[499, 459, 436, 434]
[499, 434, 381, 368, 364]
[499, 363, 181, 42, 23]
[499, 418, 278, 145, 25, 9]
[499, 445, 389, 376, 369]
[499, 429, 312, 189, 51, 23, 19, 16]
[499, 366, 206, 85, 23, 10]
[499, 467, 459]
[499, 436, 354, 238, 127, 48, 16]
[499, 444, 426, 420]
[499, 467, 466]
[499, 405, 236, 124, 31, 27]
[499, 372, 168, 12, 11, 7]
[499, 440, 408, 393, 391, 389]
[499, 433, 342, 224, 118, 25, 16]
[499, 434, 351, 248, 131, 45, 16, 14]
[499, 419, 275, 154, 21, 19]
[499, 415, 244, 117, 15, 3]
[499, 469, 458]
[499, 407, 230, 119, 27, 23]
[499, 387, 225, 91, 34, 23]
[499, 427, 319, 189, 71, 38, 35, 34]
[499, 388, 192, 28, 18]
[499, 421, 288, 154, 8]
[499, 478, 477]
[499, 453, 437]
[499, 456, 437]
[499, 458, 456]
[499, 463, 457, 455]
[499, 425, 307, 185, 38, 18, 10]
[499, 452, 427, 426, 423]
[499, 464, 444, 441]
[499, 443, 410, 390]
[499, 451, 403, 356, 290, 225, 140, 66, 35, 33]
[499, 461, 449, 447]
[499, 454, 425, 417, 414]
[499, 426, 302, 182, 19, 8]
[499, 407, 228, 114, 10]
[499, 467]
[499, 452, 377, 280, 163, 68, 25, 19]
[499, 409, 247, 123, 14, 9]
[499, 468, 463]
[499, 440, 355, 204, 84, 23, 22, 11]
[499, 321, 113, 4]
[499, 446, 386, 320, 241, 145, 39, 3, 2]
[499, 440, 376, 310, 214, 120, 36, 20]
[499, 441, 413, 407, 405]
[499, 428, 306, 181, 3]
[499, 439, 351, 232, 114, 40, 27, 26]
[499, 467, 465, 464]
[499, 453, 446]
[499, 457, 413, 375, 364]
[499, 471, 465]
[499, 440, 348, 231, 94, 12, 10]
[499, 450, 414, 407]
[499, 461, 438, 432]
[499, 461, 454]
[499, 416, 245, 145, 50, 33]
[499, 458, 446, 444]
[499, 440, 407, 396, 394]
[499, 404, 229, 89, 5]
[499, 419, 288, 182, 9]
[499, 435, 349, 228, 112, 35, 28, 27]
[499, 462, 453]
[499, 362, 182, 22, 19]
[499, 387, 226, 106, 23, 16]
[499, 421, 272, 162, 78, 61, 50, 40, 39]
[499, 466, 455, 452]
[499, 462, 453, 450]
[499, 427, 300, 177, 54, 22]
[499, 445, 403, 396]
[499, 464, 453, 452]
[499, 436, 380, 335, 310, 307, 304]
[499, 437, 404, 398]
[499, 446, 386, 331, 239, 135, 73, 47, 39, 37]
[499, 385, 227, 87, 41, 37]
[499, 418, 277, 153, 54, 32, 30]
[499, 441, 399, 389, 386]
[499, 423, 307, 198, 71, 15]
[499, 422, 264, 132, 9]
[499, 420, 255, 135, 6]
[499, 454, 441, 436]
[499, 437, 385, 349, 339, 337]
[499, 450, 427, 422, 420, 417]
[499, 460, 447]
[499, 417, 264, 130, 3]
[499, 411, 261, 143, 16, 10]
[499, 445, 400, 379, 374, 369]
[499, 468, 467]
[499, 473, 459]
[499, 375, 220, 96, 34, 26]
[499, 447, 431, 430]
[499, 358, 178, 38, 5]
[499, 444, 380, 346, 328, 323, 321]
[499, 371, 201, 16, 14]
[499, 445, 410, 402, 401, 399]
[499, 469, 464, 462]
[499, 435, 345, 206, 82, 12, 12]
[499, 482, 476]
[499, 447, 415, 406, 397]
[499, 460, 437, 428, 425]
[499, 452, 417, 399, 398, 396, 394]
[499, 418, 262, 124, 20, 17]
[499, 432, 332, 186, 73, 33, 26]
[499, 461, 445, 443]
[499, 445, 423, 421]
[499, 407, 232, 98, 4]
[499, 448, 442, 440]
[499, 378, 177, 10]
[499, 415, 266, 140, 31, 12]
[499, 462]
[499, 455, 443]
[499, 434, 358, 231, 116, 47, 40, 39]
[499, 451, 439, 438, 436, 433]
[499, 453, 450]
[499, 469]
[499, 324, 140, 10, 6]
[499, 456, 439, 437]
[499, 408, 222, 106, 23, 10]
[499, 460, 448]
[499, 430, 321, 183, 19, 6]
[499, 462, 452, 444]
[499, 392, 203, 66, 29]
[499, 362, 190, 31, 21, 19]
[499, 413, 242, 122, 38, 24]
[499, 431, 356, 261, 131, 46, 38, 37, 32]
[499, 474, 472, 469]
[499, 371, 218, 85, 33, 32]
[499, 426, 329, 193, 48, 23, 20, 16]
[499, 449, 412, 403, 401]
[499, 407, 230, 107, 11]
[499, 430, 319, 215, 6]
[499, 452, 393, 366, 360]
[499, 388, 223, 113, 22, 12]
[499, 428, 260, 151, 11]
[499, 359, 198, 63, 22, 22]
[499, 429, 345, 203, 70, 36]
[499, 460, 449]
[499, 467, 464, 463]
[499, 419, 255, 128, 4]
[499, 469, 464, 462]
[499, 445, 425, 423]
[499, 423, 272, 150, 33, 14]
[499, 439, 376, 301, 173, 64, 30, 27, 26]
[499, 428, 292, 179, 23, 5]
[499, 466, 465]
[499, 448, 411, 401, 397]
[499, 440, 352, 220, 120, 28, 16]
[499, 447, 433, 430]
[499, 419, 285, 161, 11, 9]
[499, 421, 277, 155, 28, 17]
[499, 462, 460]
[499, 447, 419, 414]
[499, 459, 446, 441]
[499, 447, 402, 380, 379]
[499, 447, 431, 427]
[499, 432, 309, 178, 33, 4]
[499, 399, 244, 119, 34, 15]
[499, 311, 81, 8]
[499, 432, 376, 322, 242, 154, 75, 49, 38, 31]
[499, 472, 464, 463]
[499, 461, 456]
[499, 419, 269, 120, 17, 11]
[499, 412, 224, 103, 36, 22]
[499, 433, 319, 194, 91, 48, 35, 34]
[499, 388, 222, 89, 17, 13]
[499, 467, 451]
[499, 446, 401, 379, 378, 375]
[499, 462, 452]
[499, 446, 418, 406, 401]
[499, 435, 383, 341, 325, 321, 319]
[499, 411, 228, 103, 10]
[499, 431, 322, 210, 79, 8]
[498, 440, 360, 211, 104, 50, 39, 37]
[499, 477, 470, 466]
[499, 471, 469]
[499, 450, 414, 389, 386, 382]
[499, 476, 475]
[499, 440, 359, 243, 142, 52, 11]
[499, 474, 472]
[499, 434, 350, 234, 118, 28, 9]
[499, 428, 272, 124, 41, 29]
[499, 457, 448, 446]
[499, 446, 383, 284, 177, 44, 33, 28]
[499, 391, 236, 93, 5, 5]
[499, 438, 376, 318, 196, 81, 2]
[499, 452, 431, 427]
[499, 452, 429, 420]
[499, 471, 469]
[499, 414, 254, 130, 27, 18]
[499, 423, 304, 160, 43, 24, 19]
[499, 441, 403, 395]
[499, 429, 242, 118, 39]
[499, 420, 282, 109, 24, 17]
[499, 407, 247, 118, 37, 21]
[499, 398, 232, 89, 27, 24, 16]
[499, 422, 262, 152, 12]
[499, 397, 240, 112, 42, 31]
[499, 435, 379, 318, 194, 108, 19, 5]
[499, 391, 237, 113, 4]
[499, 399, 233, 108, 23, 20]
[499, 423, 304, 171, 4]
[499, 451, 433, 428, 424, 421]
[499, 391, 219, 100, 16]
[499, 409, 239, 139, 9]
[499, 445, 401, 383, 381]
[499, 448, 415, 404, 399]
[499, 446, 389, 341, 286, 199, 109, 17, 11]
[499, 450, 428, 424]
[499, 444, 394, 349, 327]
[499, 436, 342, 216, 108, 11, 9]
[499, 473, 467, 464]
[499, 352, 170, 37, 32, 31]
[499, 458, 449, 448, 446]
[499, 386, 220, 106, 21]
[499, 420, 248, 103, 26, 24]
[499, 421, 302, 193, 40, 11]
[499, 460, 444, 441]
[499, 409, 207, 89, 44, 35, 33]
[499, 410, 244, 109, 4]
[499, 417, 237, 117, 19, 14, 6]
[499, 451, 406, 391]
[498, 418, 267, 123, 18]
[499, 442, 405, 392, 390]
[499, 457, 443]
[499, 426, 302, 152, 26]
[499, 479, 477]
[499, 467, 464, 461]
[499, 455, 427, 423]
[499, 441, 379, 279, 173, 58, 35, 29]
[499, 414, 258, 85, 21, 16]
[499, 448, 424, 413]
[499, 428, 333, 206, 28, 15]
[499, 446, 397, 363, 341, 337]
[499, 444, 366, 243, 79, 34, 26]
[499, 427, 357, 261, 156, 50, 11, 11]
[499, 458, 452, 449]
[499, 368, 161, 10, 10]
[499, 448, 435]
[499, 435, 335, 205, 61, 5, 5]
[499, 459, 450, 446]
[499, 422, 288, 152, 28, 11]
[499, 444, 431, 429]
[499, 471, 464, 463]
[499, 478]
[499, 443, 411, 408]
[499, 355, 150, 30, 12]
[499, 453, 409, 395, 394]
[499, 432, 362, 239, 100, 30, 19]
[499, 466, 461]
[499, 436, 387, 372, 369]
[499, 474]
[499, 361, 164, 55, 27]
[499, 458, 447]
[499, 369, 210, 26, 7]
[499, 419, 257, 120, 46, 20, 20]
[499, 426, 271, 120, 17, 16, 13]
[499, 447, 429, 412]
[499, 456, 408, 407]
[499, 437, 362, 227, 127, 53, 16]
[499, 462, 455, 446, 445]
[498, 441, 362, 255, 130, 44, 33, 27]
[499, 382, 191, 33, 26]
[499, 452, 404, 397, 394, 390, 387]
[499, 489]
[499, 430, 302, 171, 27, 14]
[499, 454, 432, 431]
[499, 479, 478]
[499, 382, 215, 62, 7, 7]
[499, 424, 289, 161, 7, 7]
[499, 450, 427, 422, 420]
[499, 424, 311, 185, 30, 4, 4]
[499, 401, 227, 57, 27, 12]
[499, 459, 429, 425]
[499, 440, 403, 401]
[499, 464, 453]
[499, 399, 241, 118, 41, 27, 26, 20]
[499, 449, 417, 403]
[499, 454, 433, 423, 420, 418]
[499, 428, 300, 176, 39, 20]
[499, 393, 221, 50, 3]
[499, 409, 227, 51, 10, 10]
[499, 412, 250, 132, 5]
[499, 441, 316, 202, 69, 43, 33]
[499, 414, 277, 143, 51, 23]
[499, 444, 409, 393, 390]
[499, 424, 263, 152, 8]
[499, 430, 305, 189, 57, 27, 26]
[499, 418, 227, 85, 12, 9]
[499, 455, 434, 425]
[499, 453, 442]
[499, 392, 206, 67, 19]
[499, 456, 438, 436]
[499, 457, 430, 427]
[499, 428, 318, 198, 87, 35, 28, 27]
[499, 438, 389, 375, 374]
[499, 438, 390, 370, 366, 364]
[499, 438, 393, 379]
[499, 408, 239, 98, 16, 15]
[499, 424, 276, 149, 19, 11]
[499, 395, 218, 84, 38, 19]
[499, 449, 411, 406]
[499, 447, 399, 357, 341, 338]
[499, 397, 223, 102, 23, 17]
[499, 415, 245, 129, 5]
[499, 452, 430, 426]
[499, 433, 316, 204, 109, 48, 28, 27]
[499, 448, 430]
[499, 456, 439, 432]
[499, 407, 254, 127, 24, 8]
[499, 402, 237, 121, 53, 35, 32]
[499, 441, 396, 366, 353, 343]
[499, 468, 464]
[499, 443, 376, 309, 199, 107, 35, 26]
[499, 340, 163, 54, 42, 40]
[499, 477, 471]
[499, 454, 441]
[499, 421, 264, 132, 10]
[499, 407, 241, 116, 52, 36, 35]
[499, 410, 227, 85, 5, 5]
[499, 411, 248, 118, 5]
[499, 405, 247, 107, 21, 16]
[499, 456, 454]
[499, 468, 465]
[499, 422, 264, 131, 6]
[498, 472, 471]
[499, 372, 205, 67, 28, 14]
[499, 449, 404, 387, 376]
[499, 468, 463]
[499, 414, 236, 108, 4]
[499, 444, 411, 398, 397, 395]
[499, 466, 457, 446]
[499, 447, 410, 399, 398]
[499, 464, 450]
[499, 478]
[499, 465, 449, 443]
[499, 466, 465]
[499, 462, 460]
[499, 461, 443, 435, 432]
[499, 448, 378, 284, 161, 48, 34, 21]
[499, 418, 274, 124, 30, 29, 26]
[499, 455, 436, 427, 425]
[499, 439, 387, 356, 349]
[499, 470, 463, 461]
[499, 420, 252, 148, 22, 13]
[499, 434, 372, 292, 189, 57, 4]
[499, 406, 242, 129, 12, 7]
[499, 453, 433, 428]
[499, 450, 420, 407, 406]
[499, 416, 238, 96, 59, 56]
[499, 433, 302, 203, 35, 22]
[499, 471, 467]
[499, 466, 462]
[499, 438, 365, 263, 138, 46, 6, 4]
[499, 439, 374, 315, 218, 111, 16, 11]
[499, 408, 237, 104, 4, 4]
[499, 413, 225, 129, 57, 53, 50, 49]
[499, 448, 409, 403]
[499, 437, 412, 408, 404]
[499, 418, 251, 109, 8, 6]
[499, 425, 311, 201, 54, 23]
[499, 455, 441, 436]
[499, 389, 234, 115, 41, 35, 31]
[499, 457, 442, 441]
[499, 440, 408, 399, 398]
[499, 408, 221, 89, 20]
[499, 476]
[499, 435, 298, 179, 35, 34]
[499, 431, 341, 220, 106, 72, 57, 55]
[499, 428, 299, 196, 76, 22, 7]
[499, 435, 366, 256, 146, 67, 26, 11]
[499, 435, 343, 234, 118, 59, 33, 31]
[499, 413, 230, 106, 17, 12]
[499, 378, 219, 64, 8, 8]
[499, 442, 368, 255, 129, 68, 31, 30]
[499, 414, 248, 117, 25, 21]
[499, 431, 322, 210, 66, 28, 23]
[499, 447, 369, 247, 119, 19, 8]
[499, 426, 281, 177, 11, 7]
[499, 448, 409, 392]
[499, 425, 288, 153, 5]
[499, 464, 456]
[499, 454, 437, 430]
[499, 364, 175, 33, 22]
[499, 436, 369, 270, 155, 16, 15]
[499, 439, 376, 306, 211, 115, 29, 13]
[499, 443, 420, 416]
[499, 415, 263, 121, 32, 19]
[499, 454, 418, 413]
[499, 344, 140, 5]
[499, 429, 326, 201, 91, 24, 21]
[499, 434, 341, 214, 89, 6, 6]
[499, 433, 336, 218, 102, 10]
[499, 446, 397, 361, 342, 339]
[499, 435, 360, 245, 138, 55, 24, 20, 18]
[499, 449, 430, 423]
[499, 448, 444]
[499, 467, 465]
[499, 436, 344, 233, 100, 42, 34, 33, 32]
[499, 440, 375, 322, 237, 147, 30, 6]
[499, 454, 424]
[499, 384, 208, 70, 4]
[498, 412, 239, 122, 5, 5]
[499, 447, 382, 280, 165, 42, 19]
[499, 445, 376, 285, 172, 68, 42, 36, 31]
[499, 469, 468]
[499, 408, 232, 96, 4]
[499, 444, 379, 276, 150, 62, 34, 33]
[499, 469, 466]
[499, 423, 253, 71, 16, 11]
[499, 476]
[499, 447, 398, 367, 356]
[499, 469, 462]
[499, 462, 460, 458]
[499, 444, 355, 244, 116, 40, 22, 21]
[499, 466, 464]
[499, 434, 365, 279, 143, 68, 30, 23]
[499, 447, 403, 388, 384]
[499, 460, 441, 435]
[499, 449, 419, 410]
[499, 387, 242, 140, 30, 18, 16]
[499, 412, 254, 106, 9, 7]
[499, 445, 397, 376, 368]
[499, 452, 418, 399]
[499, 434, 389, 370]
[499, 450, 443, 439]
[499, 423, 280, 135, 20, 15]
[499, 452, 429, 426]
[499, 448, 403, 374, 369, 367]
[499, 426, 321, 197, 30, 5]
[499, 436, 266, 165, 24, 13, 8]
[499, 400, 243, 117, 38, 21, 13]
[499, 415, 235, 80, 6]
[499, 412, 241, 89, 8]
[499, 442, 406, 393, 391]
[499, 448, 421, 417]
[499, 425, 263, 140, 42, 17, 17]
[499, 430, 331, 190, 77, 42, 21]
[499, 427, 317, 214, 67, 23, 15]
[499, 389, 233, 97, 6, 6]
[499, 414, 258, 145, 31, 10, 10]
[499, 443, 405, 390, 384, 379]
[499, 402, 247, 121, 27, 22]
[499, 458, 446, 442]
[499, 458, 433, 425]
[499, 445, 369, 236, 107, 49, 27, 10]
[499, 451, 423, 422, 420]
[499, 447, 355, 221, 87, 10]
[499, 430, 304, 206, 79, 41, 37]
[499, 465, 449, 445]
[499, 451, 444, 443, 440]
[499, 428, 328, 203, 57, 9, 6]
[499, 440, 388, 353, 345, 344]
[499, 411, 236, 88, 8, 8]
[499, 435, 333, 227, 38, 13, 13]
[499, 452, 438, 435]
[499, 354, 206, 73, 9, 7]
[499, 463, 452]
[499, 440, 374, 293, 190, 82, 14]
[499, 452, 447]
[499, 408, 246, 119, 28, 24]
[499, 409, 246, 38, 6]
[499, 332, 136, 18, 13]
[499, 434, 365, 266, 142, 47, 38]
[499, 431, 303, 169, 37, 17]
[499, 450, 421, 417]
[499, 456, 431, 406, 398]
[499, 397, 230, 116, 40, 26]
[499, 413, 263, 138, 12]
[499, 449, 431, 422, 421, 418]
[499, 457, 449, 448]
[499, 391, 199, 31, 23]
[499, 436, 375, 297, 168, 99, 57, 44, 32, 20]
[499, 432, 353, 210, 75, 10]
[499, 452, 436, 430]
[499, 421, 307, 177, 65, 17]
[499, 412, 238, 102, 6]
[499, 430, 288, 180, 7]
[499, 419, 260, 104, 9, 7]
[498, 399, 244, 114, 30, 23, 14]
[499, 380, 211, 54, 7, 7]
[499, 397, 235, 101, 14, 12]
[499, 443, 385, 331, 278, 221, 121, 37, 17]
[499, 404, 233, 76, 25]
[499, 431, 342, 211, 69, 5]
[499, 459, 451, 449]
[499, 447, 381, 281, 179, 99, 61, 50, 46, 26]
[499, 471]
[499, 471, 463, 461]
[499, 314, 146, 5]
[499, 465, 456, 452, 450]
[499, 470, 462]
[499, 416, 255, 160, 41, 25]
[499, 443, 412]
[499, 404, 228, 88, 4, 4]
[499, 466, 464]
[499, 464, 458, 456]
[499, 479, 476]
[499, 457, 451, 447]
[499, 453, 430, 424]
[499, 377, 207, 12, 12]
[499, 395, 230, 82, 8]
[499, 423, 300, 187, 83, 47, 43, 41]
[499, 442, 423, 422]
[499, 448, 418, 406]
[499, 384, 209, 40, 22]
[499, 449, 410, 403]
[499, 409, 243, 104, 23, 22]
[499, 454, 426, 418, 414, 412]
[499, 376, 210, 50, 28, 26]
