[904, 896, 895, 894]
[904, 848, 841]
[907, 899]
[906, 878]
[904, 859, 856]
[906, 897]
[903, 888]
[903, 887, 886, 885]
[903, 869, 867]
[911, 904, 903]
[903, 882, 880]
[903, 892]
[906, 893]
[905, 860, 859]
[904, 870, 869]
[906, 894]
[907, 885, 881]
[904, 901]
[905, 878]
[910, 904]
[905, 891]
[908, 885]
[906, 894, 893]
[904, 839, 836, 835]
[906, 876, 875]
[905, 883, 881]
[909, 895, 894]
[902, 856]
[904, 894]
[904, 898]
[903, 884]
[906, 883, 881]
[903, 880]
[905, 900, 899]
[904, 896]
[903, 828, 821, 818]
[902, 859, 858]
[906, 838, 836]
[903, 890, 887]
[906, 882, 879]
[910, 869, 867]
[904, 898]
[901, 864, 859]
[909, 897]
[903, 873]
[906, 875, 874]
[906, 885]
[906, 870]
[903, 869, 868]
[903, 882]
[905, 884]
[906, 895]
[906, 888]
[905, 899]
[907, 894]
[904, 891, 890]
[903, 887]
[907, 894]
[904, 884]
[908, 881, 880]
[906, 892]
[906, 900, 899]
[907, 894, 893, 892]
[908, 895]
[907, 898]
[907, 886]
[907, 876, 873]
[903, 881, 879]
[905, 891, 889]
[909, 905]
[905, 888]
[901, 828, 823, 822]
[901, 859, 857]
[903, 892]
[902, 813, 801, 798]
[903, 887, 884]
[905, 857, 851]
[905, 887, 885, 884]
[902, 852, 851]
[904, 893, 892]
[904, 887]
[906, 891, 890]
[903, 853, 852]
[906, 882]
[903, 877]
[904, 882, 881, 880]
[908, 877]
[901, 882, 881]
[904, 892]
[906, 889]
[905, 891, 890]
[904, 812, 794, 793]
[906, 894]
[905, 891]
[905, 885, 883, 882]
[903, 882, 879, 878]
[903, 885, 883, 881]
[904, 878, 876]
[903, 881, 879]
[903, 870, 868]
