[907, 792, 700]
[905, 790, 727, 726]
[906, 735, 662, 657, 656]
[904, 776, 678]
[906, 758, 676]
[906, 725, 701]
[905, 828, 730, 678]
[906, 781, 730, 707, 697]
[904, 825, 778, 736, 719, 695, 691]
[905, 816, 743]
[902, 811, 748, 732]
[902, 813, 734, 697, 690]
[908, 788, 658, 620]
[901, 743, 669]
[903, 749, 662, 661]
[909, 769, 697, 693]
[907, 827, 757, 720, 703]
[911, 779, 715]
[901, 795, 671, 643]
[905, 827, 742, 697]
[903, 797, 741, 695, 692]
[905, 763, 643, 600]
[904, 742, 631]
[905, 857, 809, 769, 764, 762]
[904, 832, 772, 720, 711, 704]
[904, 820, 739]
[904, 823, 731, 726, 720, 714]
[903, 780, 718]
[905, 786, 668]
[903, 763, 689]
[905, 787, 732, 710, 704, 699]
[906, 801, 671, 638, 635]
[903, 745, 619, 582]
[908, 806, 729, 705, 704]
[906, 828, 725, 684]
[907, 781, 694, 660]
[902, 765, 700, 684]
[906, 787, 634, 609]
[906, 759, 711, 708]
[905, 808, 702, 692]
[903, 783, 650, 598]
[909, 756, 693]
[904, 756, 675, 672]
[906, 799, 665, 626]
[906, 820, 744, 735]
[904, 811, 724, 705]
[905, 784, 753, 744]
[903, 758, 665, 650]
[905, 739, 647]
[905, 710, 633]
[905, 787, 720, 711, 700]
[907, 817, 738, 725, 724, 717]
[905, 770, 697, 648]
[905, 792, 702]
[904, 748, 645, 644]
[904, 766, 655]
[905, 798, 710, 708]
[905, 770, 719, 703]
[901, 837, 819, 816, 809]
[907, 822, 737, 723]
[905, 779, 658, 612]
[905, 788, 713, 696, 689]
[905, 793, 700, 685]
[904, 773, 708, 707]
[905, 787, 679]
[908, 841, 726, 695, 679, 668]
[904, 822, 781, 780]
[906, 781, 692, 670, 662]
[903, 805, 721, 704]
[906, 824, 768, 744, 727]
[905, 749, 617, 589]
[909, 818, 730, 716]
[905, 780, 664]
[907, 761, 687]
[902, 805, 713]
[905, 825, 669, 633]
[904, 803, 676, 645]
[902, 774, 672]
[906, 756, 708, 700]
[903, 756, 654]
[904, 784, 673]
[908, 802, 715]
[908, 740, 705]
[906, 829, 750, 696]
[903, 761, 725, 711]
[907, 790, 785]
[905, 745, 662]
[909, 792, 692]
[906, 769, 745, 744]
[903, 765, 720]
[907, 833, 698, 647]
[907, 773, 699, 695]
[907, 812, 731, 719, 712]
[905, 784, 722, 708]
[901, 767, 706]
[905, 772, 658]
[905, 790, 722, 643, 642]
[905, 817, 738, 720]
[907, 796, 739, 733, 706]
[906, 810, 675, 640]
