[904, 347, 95]
[903, 364, 82]
[906, 355, 87]
[905, 363, 95, 94]
[904, 366, 83]
[902, 373, 81]
[903, 345, 82, 81]
[906, 334, 88, 87]
[904, 367, 81]
[908, 371, 77]
[904, 395, 85]
[902, 380, 98]
[909, 370, 91]
[905, 377, 85]
[901, 345, 104]
[906, 339, 99, 97]
[903, 393, 101]
[906, 368, 81]
[904, 375, 91]
[903, 340, 83]
[907, 348, 103]
[903, 347, 99]
[905, 377, 92]
[908, 359, 78]
[905, 368, 102, 99]
[902, 346, 77]
[907, 400, 87]
[909, 366, 83]
[901, 397, 92]
[909, 351, 100]
[906, 340, 103, 102]
[903, 380, 86]
[905, 349, 109, 108]
[905, 338, 98, 97]
[905, 378, 96]
[903, 352, 106, 105]
[904, 334, 81]
[906, 332, 102]
[904, 371, 87]
[905, 375, 85]
[901, 354, 109]
[906, 345, 93, 92]
[903, 346, 106, 105]
[904, 337, 101, 100]
[906, 333, 94]
[903, 339, 84, 83]
[904, 392, 83]
[902, 373, 107, 105]
[903, 369, 98]
[904, 358, 96, 95]
[905, 396, 89]
[903, 375, 102]
[903, 368, 86, 85]
[904, 343, 106]
[905, 373, 101]
[906, 363, 105, 104]
[905, 340, 100, 99]
[905, 358, 108]
[904, 316, 112, 110]
[903, 338, 97]
[905, 346, 112, 107]
[907, 357, 79]
[904, 334, 110, 109]
[905, 350, 99]
[904, 370, 92]
[907, 361, 89]
[903, 355, 92, 91]
[906, 349, 82]
[903, 370, 99]
[904, 358, 96]
[903, 354, 84, 83]
[902, 358, 89]
[903, 379, 111, 110]
[907, 331, 107]
[904, 351, 104]
[907, 336, 84, 83]
[909, 334, 100, 98]
[904, 346, 98]
[910, 364, 98]
[906, 380, 88]
[906, 381, 88]
[910, 394, 83, 82]
[906, 349, 100, 99]
[907, 349, 98, 97]
[902, 376, 78]
[907, 364, 95]
[907, 366, 77]
[902, 349, 95, 94]
[904, 356, 99]
[906, 366, 106]
[906, 343, 80, 79]
[907, 354, 77]
[905, 374, 100, 97]
[906, 373, 95]
[904, 381, 93]
[906, 370, 88]
[908, 366, 84]
[901, 380, 88, 87]
[903, 344, 99, 95]
[908, 392, 81]
