[908, 744, 416, 124]
[903, 698, 346, 112, 111]
[905, 704, 357, 101]
[906, 776, 543, 224, 179, 164]
[903, 756, 462, 122]
[903, 765, 506, 151, 150]
[905, 679, 287, 134, 129]
[905, 756, 468, 143]
[907, 783, 512, 185]
[906, 816, 761, 754, 752]
[908, 795, 595, 299, 111, 110]
[903, 712, 383, 111, 110]
[905, 765, 493, 174, 172]
[906, 761, 501, 170]
[904, 717, 376, 122, 121]
[906, 770, 521, 181]
[902, 706, 356, 115]
[905, 746, 463, 141]
[902, 709, 380, 117]
[905, 693, 357, 96]
[909, 795, 563, 230, 168, 146]
[904, 711, 392, 112]
[901, 802, 669, 445, 161]
[904, 733, 418, 128]
[908, 708, 367, 116]
[910, 784, 542, 211, 159, 137]
[906, 751, 469, 132]
[908, 791, 536, 206, 191]
[904, 792, 573, 232, 133, 123]
[906, 741, 394, 118]
[908, 896]
[905, 798, 561, 230, 139, 110, 109]
[905, 795, 557, 214, 186]
[904, 661, 276, 115, 110]
[904, 821, 770, 754, 752]
[907, 779, 514, 181, 180, 176]
[903, 730, 384, 129]
[908, 885, 883]
[909, 752, 457, 143]
[904, 801, 602, 271, 104, 102]
[902, 765, 539, 212, 183, 182]
[903, 678, 259, 162, 151]
[906, 716, 382, 111, 110]
[908, 759, 514, 206, 191]
[904, 740, 448, 103]
[907, 735, 422, 141]
[909, 768, 498, 166, 157]
[907, 828, 796, 793]
[907, 839, 832, 831]
[905, 715, 376, 124]
[902, 763, 509, 172, 171]
[903, 631, 215, 195]
[908, 756, 446, 120]
[904, 710, 364, 111]
[907, 767, 528, 203, 168, 130, 127]
[908, 756, 473, 136]
[904, 837, 825, 818]
[911, 813, 663, 373, 135]
[904, 730, 408, 131]
[901, 694, 345, 117]
[904, 716, 382, 110, 109]
[903, 750, 451, 143]
[906, 778, 532, 197, 165, 153]
[904, 795, 566, 245, 155, 148]
[904, 745, 439, 131]
[904, 763, 511, 179, 178]
[905, 811, 768, 766]
[904, 695, 349, 132, 129]
[907, 818, 767, 762]
[904, 831, 815, 813]
[904, 775, 518, 189, 182]
[904, 812, 726, 622, 408, 150]
[904, 809, 738, 717, 713]
[907, 731, 417, 139, 138]
[905, 783, 550, 214, 150, 134]
[902, 634, 232, 180, 161]
[904, 716, 391, 119]
[905, 764, 500, 135]
[904, 843, 838, 837]
[904, 726, 415, 127]
[906, 782, 557, 229, 148, 144]
[905, 709, 366, 100]
[905, 796, 604, 285, 108, 106]
[905, 778, 529, 193, 174, 173]
[907, 748, 481, 155]
[901, 687, 319, 109]
[909, 782, 537, 193, 179]
[905, 775, 543, 235, 187, 170]
[904, 709, 350, 109, 108]
[904, 736, 441, 133]
[906, 708, 336, 89]
[905, 675, 300, 156, 148]
[904, 820, 737, 697, 695]
[903, 756, 480, 137]
[903, 782, 556, 227, 121, 115]
[909, 851, 846]
[902, 773, 512, 179, 177]
[904, 785, 513, 189]
[906, 802, 600, 290, 127, 125]
[904, 835, 827, 826]
