[902, 655, 346, 343]
[903, 659, 354, 348, 346]
[904, 616, 330, 325]
[906, 719, 407, 322, 309]
[909, 655, 343, 338]
[905, 561, 293, 290]
[904, 693, 368, 367]
[904, 598, 295, 292]
[907, 633, 352, 350]
[904, 673, 382, 378, 373]
[904, 664, 299]
[905, 712, 385, 312, 301]
[906, 646, 334, 330]
[904, 624, 302]
[906, 731, 431, 293, 286]
[907, 720, 400, 342, 341]
[908, 650, 338, 334]
[905, 561, 342, 332]
[908, 775, 544, 349, 343]
[902, 611, 341, 338]
[905, 645, 361, 360]
[907, 650, 359, 350]
[906, 767, 504, 313, 307]
[905, 604, 324, 321]
[907, 694, 401, 342]
[908, 730, 473, 311, 305]
[904, 661, 347, 346]
[906, 594, 317, 311]
[910, 669, 357, 356]
[902, 682, 345, 344]
[908, 754, 461, 334, 313]
[907, 686, 384, 368]
[904, 679, 340, 335]
[905, 570, 275, 271]
[904, 668, 350]
[906, 601, 300]
[906, 698, 352, 351]
[912, 779, 570, 347, 325]
[903, 770, 488, 296, 292]
[907, 653, 374, 366]
[904, 594, 312, 311]
[908, 636, 334, 328]
[906, 646, 330, 328]
[906, 610, 320, 318]
[906, 642, 352, 348]
[905, 541, 289, 279]
[907, 758, 455, 315, 302]
[907, 727, 408, 366]
[905, 756, 490, 338, 330]
[904, 681, 345, 341]
[903, 540, 307, 297]
[904, 656, 342, 341]
[905, 659, 347, 345]
[907, 677, 345, 343]
[907, 628, 323, 320]
[903, 637, 334, 320]
[907, 592, 329, 326]
[904, 586, 309, 301]
[906, 685, 386, 356]
[904, 647, 376, 360]
[905, 685, 396, 373]
[903, 707, 415, 301, 289]
[903, 616, 322, 320]
[904, 716, 385, 340, 339]
[902, 639, 344, 340]
[909, 699, 402, 333, 309]
[902, 628, 349, 346]
[907, 684, 370, 364]
[904, 736, 407, 322, 300]
[908, 672, 381, 377]
[905, 588, 278, 275]
[906, 645, 346, 342]
[905, 667, 356, 355]
[903, 680, 388, 336]
[906, 612, 316, 314]
[907, 604, 317, 315]
[903, 690, 363, 361]
[903, 694, 406, 320, 305]
[907, 636, 360, 355]
[904, 648, 331, 328]
[905, 689, 389, 341]
[904, 724, 400, 332, 305]
[901, 651, 398, 385]
[903, 652, 368, 362]
[906, 582, 329, 321]
[904, 721, 373, 369]
[904, 754, 469, 317, 296]
[904, 673, 397, 381]
[910, 685, 372, 336]
[902, 707, 414, 357]
[908, 722, 402, 308, 281]
[908, 695, 391, 321, 296]
[901, 705, 375, 354, 353]
[904, 578, 346, 337]
[904, 628, 347]
[907, 608, 324, 322]
[903, 630, 335, 333]
[906, 611, 331, 328]
[905, 660, 332, 330, 325]
[904, 679, 385, 379]
