[456, 445]
[453, 376, 254, 86]
[452, 331, 132, 58, 55]
[455, 416, 377, 357]
[450, 340, 150, 65]
[454, 394, 300, 123, 74, 71]
[452, 359, 195, 63]
[451, 405, 376, 368]
[453, 349, 176, 41]
[451, 405, 353, 244, 101, 81, 68]
[452, 406, 363, 312, 228, 105, 80, 72]
[450, 326, 130, 87, 78]
[451, 330, 129, 94, 86]
[452, 422, 417]
[453, 346, 162, 54, 53]
[453, 427]
[452, 435, 434]
[452, 334, 147, 70, 69]
[453, 349, 161, 59]
[454, 381, 234, 58]
[453, 395, 265, 99, 96]
[452, 320, 127, 94, 88]
[450, 325, 120, 76, 73]
[452, 335, 143, 65, 64]
[453, 344, 162, 71]
[454, 405, 308, 144, 74, 71]
[452, 385, 277, 109, 94]
[451, 352, 182, 61]
[451, 403, 323, 184, 67]
[451, 402, 316, 143, 57]
[452, 395, 276, 128, 88, 82]
[452, 416, 409]
[454, 407, 369, 339, 326]
[450, 377, 240, 70]
[451, 399, 310, 137, 61]
[453, 357, 187, 69]
[453, 332, 120, 71, 64]
[454, 391, 269, 103, 92]
[450, 372, 237, 71]
[452, 352, 167, 57, 56]
[451, 358, 189, 51]
[450, 320, 119, 99, 88]
[451, 331, 132, 64]
[451, 345, 157, 75, 74]
[452, 400, 275, 103, 89, 87]
[454, 351, 175, 56, 54]
[453, 413, 354, 237, 92, 91]
[453, 352, 174, 65]
[451, 358, 189, 65]
[452, 401, 301, 133, 59, 58]
[451, 351, 193, 65]
[452, 410, 388, 384]
[453, 349, 156, 67, 64]
[454, 409, 394, 392]
[452, 424, 419]
[452, 353, 173, 67, 63]
[451, 338, 152, 80, 75]
[451, 353, 180, 63, 62]
[455, 400, 292, 145, 69, 67]
[454, 401, 315, 151, 67]
[452, 372, 224, 77]
[453, 391, 259, 87, 86]
[452, 382, 229, 69]
[454, 413, 380, 346, 318, 307, 305]
[454, 427, 423, 422]
[452, 344, 154, 69, 68]
[452, 392, 284, 118, 82, 68, 67]
[452, 352, 179, 63]
[452, 401, 324, 180, 72]
[452, 362, 195, 58]
[452, 376, 251, 96, 90]
[454, 427, 424]
[451, 393, 263, 96, 93]
[452, 406, 354, 221, 81, 80]
[452, 400, 293, 142, 62]
[454, 382, 232, 68]
[453, 381, 279, 127, 82, 80]
[457, 402, 325, 181, 62]
[452, 381, 223, 66]
[450, 389, 275, 107, 89, 79]
[452, 354, 196, 54]
[450, 334, 168, 62, 60]
[451, 400, 298, 154, 55]
[454, 346, 166, 51]
[454, 382, 260, 84]
[454, 409, 362, 288, 165, 65, 63]
[451, 353, 166, 60]
[455, 399, 312, 158, 67, 66]
[451, 365, 206, 67]
[450, 362, 193, 55]
[451, 344, 158, 69, 68]
[451, 417, 413]
[451, 341, 155, 74, 72]
[450, 381, 227, 60]
[457, 398, 283, 96, 91]
[453, 357, 189, 77]
[454, 426, 425, 424]
[454, 393, 278, 108, 85, 78]
[452, 361, 179, 67]
[453, 353, 165, 64, 63]
