[9.0, 0.31, 0.31]
[8.6, 0.22, 0.21]
[10.46, 0.24, 0.23]
[9.62, 0.32, 0.27]
[5.91, 0.19, 0.18]
[13.34, 0.3, 0.25]
[9.71, 0.24, 0.24]
[10.39, 0.41, 0.4]
[8.82, 0.26, 0.26]
[7.28, 0.26, 0.25]
[7.39, 0.2, 0.18]
[10.03, 2.43, 0.35, 0.35]
[8.5, 0.22, 0.21]
[10.29, 0.16, 0.15]
[7.87, 0.24, 0.24]
[7.08, 0.2, 0.19]
[6.46, 0.16, 0.14, 0.04]
[10.21, 0.41, 0.38]
[9.02, 2.22, 1.33, 1.34]
[8.26, 0.28, 0.27]
[10.65, 0.24, 0.23]
[8.81, 0.25, 0.24]
[10.11, 0.34, 0.34]
[10.19, 0.24, 0.23]
[10.86, 0.26, 0.25]
[8.61, 0.26, 0.26]
[7.5, 0.2, 0.19]
[10.52, 0.66, 0.37]
[11.4, 0.75, 0.5]
[7.18, 0.18, 0.16]
[8.16, 0.25, 0.24]
[8.48, 0.27, 0.27]
[9.21, 1.82, 0.76, 0.46, 0.32]
[8.98, 0.28, 0.28]
[7.94, 1.64, 0.6, 0.58, 0.05]
[7.42, 0.44, 0.39]
[7.35, 0.14, 0.13]
[7.64, 0.56, 0.32]
[8.03, 0.15, 0.13]
[7.09, 0.25, 0.24, 0.05]
[7.66, 0.16, 0.15]
[5.33, 0.39, 0.36, 0.14, 0.05]
[4.6, 0.15, 0.13, 0.03]
[4.48, 0.13, 0.11]
[9.82, 0.28, 0.28]
[11.55, 2.18, 0.76, 0.53]
[9.21, 0.29, 0.29, 0.17, 0.05]
[11.5, 0.73, 0.51]
[7.11, 0.14, 0.13]
[9.65, 0.47, 0.35]
[6.7, 0.32, 0.31]
[10.41, 0.8, 0.45]
[8.88, 0.25, 0.24]
[9.32, 0.24, 0.24]
[8.3, 0.36, 0.34]
[8.01, 0.17, 0.16]
[11.55, 0.6, 0.49]
[8.26, 0.34, 0.32]
[7.92, 0.36, 0.36]
[9.5, 1.22, 0.93]
[10.68, 0.84, 0.73, 0.66, 0.65, 0.58]
[6.21, 0.28, 0.28, 0.05, 0.05]
[8.09, 0.4, 0.4]
[11.14, 0.32, 0.32]
[10.61, 0.21, 0.21]
[10.18, 0.45, 0.46]
[9.67, 0.42, 0.42]
[9.65, 0.45, 0.39]
[9.45, 0.19, 0.18]
[7.89, 0.18, 0.17]
[9.61, 1.19, 0.46, 0.43, 0.08, 0.05]
[10.83, 0.7, 0.33]
[6.87, 0.19, 0.17, 0.04]
[4.75, 0.16, 0.13, 0.04]
[8.15, 0.23, 0.22]
[8.22, 0.46, 0.47]
[6.96, 0.48, 0.5]
[9.37, 0.18, 0.17]
[10.97, 0.15, 0.13]
[7.8, 0.24, 0.22]
[9.76, 0.23, 0.22]
[9.47, 0.29, 0.29]
[8.78, 0.78, 0.44, 0.41, 0.05]
[7.64, 1.11, 0.37, 0.34, 0.05]
[9.55, 1.24, 0.39]
[5.8, 0.15, 0.14]
[7.89, 0.16, 0.15]
[8.89, 0.25, 0.25]
[8.03, 0.36, 0.36]
[9.15, 0.15, 0.14]
[11.16, 0.21, 0.2]
[8.98, 0.31, 0.3]
[9.03, 0.85, 0.87, 0.85, 0.81, 0.73]
[9.07, 0.3, 0.3]
[9.42, 0.22, 0.21]
[9.64, 0.36, 0.36]
[7.51, 0.92, 0.94, 0.91]
[3.67, 0.09, 0.08]
[11.21, 2.66, 1.59, 1.71, 0.04]
[8.04, 0.13, 0.12]
