[9.89, 1.09, 0.65, 0.44]
[10.82, 4.0, 0.87, 0.86, 0.83]
[3.94, 0.16]
[10.58, 6.18, 3.63, 3.43]
[10.08, 4.14, 3.34]
[9.76, 5.8, 4.44, 3.66, 3.62]
[10.35, 4.24, 1.1, 0.86]
[8.24, 6.43, 5.42, 5.4]
[10.45, 4.27, 1.94, 1.65]
[8.49, 0.38]
[9.28, 6.8, 5.69, 5.45]
[11.35, 4.52, 1.69, 0.93]
[9.51, 4.91, 3.96]
[8.47, 2.21, 0.67]
[12.9, 8.05, 7.53, 7.14]
[5.5, 0.3, 0.3]
[8.98, 2.97, 2.29, 2.15, 2.05]
[9.21, 2.35, 0.41]
[9.45, 3.33, 1.65, 1.5]
[11.27, 1.79, 1.36, 0.95, 0.55]
[10.44, 2.4, 1.98]
[9.19, 2.42, 1.03]
[9.22, 4.95, 3.42, 3.2]
[6.8, 0.26]
[9.34, 6.7, 6.59]
[7.93, 1.95, 0.87, 0.59]
[9.26, 3.24, 1.07]
[10.71, 6.59, 5.91, 5.68]
[8.96, 2.09, 0.42]
[6.46, 0.26]
[11.57, 8.94, 8.3]
[9.0, 4.03, 2.21, 2.12]
[4.71, 0.33]
[8.29, 2.44, 0.56]
[11.17, 3.78, 1.4]
[9.88, 4.24, 3.24, 1.56]
[9.22, 3.08, 1.63, 0.65, 0.56]
[11.69, 7.37, 6.99]
[10.73, 2.51, 0.46]
[10.34, 2.65, 1.05]
[7.8, 0.85, 0.4]
[8.72, 1.86, 0.36]
[12.76, 4.99, 2.34, 1.68]
[7.85, 0.69, 0.43]
[8.58, 3.05, 2.51, 2.4]
[7.79, 0.45, 0.35]
[9.74, 0.88, 0.48]
[9.99, 4.38, 1.42]
[9.45, 4.92, 4.07, 3.97]
[6.67, 0.34, 0.32]
[9.01, 1.6, 0.36]
[10.81, 1.41, 0.88]
[11.41, 6.86, 5.22, 4.88, 3.77]
[9.05, 1.18, 0.8]
[7.73, 0.51, 0.44, 0.4]
[3.25, 0.12]
[10.6, 3.08, 1.9]
[7.29, 0.15, 0.13]
[7.75, 0.66, 0.37]
[5.39, 0.23]
[9.8, 6.47, 4.5, 3.72, 3.09]
[7.67, 0.86, 0.84]
[8.33, 1.66, 0.56]
[11.31, 3.69, 2.06, 1.76]
[8.41, 4.0, 3.87]
[9.29, 2.23, 1.07, 0.72]
[9.26, 5.81, 5.37]
[7.07, 0.46, 0.4]
[9.35, 2.56, 2.22, 2.16, 2.1]
[9.08, 0.93, 0.63]
[9.89, 3.61, 2.58, 1.6, 1.54]
[8.3, 0.22]
[8.98, 1.05, 0.61]
[9.26, 4.41, 2.62, 2.02, 0.88, 0.78]
[6.72, 4.58, 3.24, 2.56, 0.65]
[9.76, 1.8, 1.24, 0.85]
[7.27, 0.73, 0.62]
[11.14, 5.17, 1.18]
[9.98, 3.13, 2.16, 1.27]
[9.47, 6.64, 5.08, 4.91]
[8.41, 3.63, 0.87]
[6.07, 0.19]
[9.39, 2.6, 0.81]
[10.13, 6.25, 4.95, 4.2]
[9.0, 5.74, 3.92, 2.19, 1.9]
[9.37, 1.25, 0.37]
[8.77, 0.59, 0.47]
[7.99, 0.5, 0.34, 0.33]
[7.91, 0.49, 0.39]
[11.56, 6.82, 6.06]
[9.33, 6.77, 5.65, 5.61]
[8.7, 1.1, 0.48, 0.44]
[8.22, 2.86, 0.89, 0.8, 0.41]
[9.12, 2.17, 0.83, 0.82]
[9.46, 3.99, 2.32, 1.39]
[10.19, 8.3, 6.91, 6.79]
[6.49, 0.14]
[9.12, 1.15, 0.29]
[6.27, 0.19]
[10.18, 7.69, 6.72]
