[13.99, 0.19, 0.18]
[20.94, 8.69, 7.26, 7.08]
[13.45, 1.14, 0.85, 0.6, 0.45, 0.43]
[17.96, 12.63, 11.83, 11.74]
[15.35, 0.51, 0.35, 0.22]
[18.38, 5.52, 3.49, 3.3, 3.12]
[19.98, 3.87, 0.52, 0.39, 0.28]
[11.01, 1.04, 0.84]
[10.5, 0.1, 0.1]
[20.52, 9.47, 5.83, 5.74]
[12.57, 1.32, 1.15]
[12.07, 0.11, 0.1]
[24.43, 19.49, 18.61]
[0.63, 0.06]
[18.45, 4.74, 2.59, 1.94, 1.77, 1.7, 1.65, 1.58]
[23.01, 17.17, 16.61]
[18.01, 1.72, 0.22]
[20.37, 15.69, 15.41]
[19.81, 4.21, 2.15, 1.46]
[9.21, 1.39]
[20.9, 12.39, 11.53, 11.43, 11.22]
[13.6, 3.28, 2.61]
[16.46, 1.1, 0.46, 0.31]
[16.37, 1.64, 0.47, 0.42]
[17.5, 5.61, 4.08, 4.02]
[21.88, 12.92, 11.31, 11.14]
[22.43, 19.01, 18.78]
[21.85, 5.2, 3.84, 3.62]
[8.41, 0.53, 0.42]
[19.36, 10.05, 9.1]
[19.37, 3.93, 2.42, 1.94, 1.81]
[22.44, 17.38, 16.65]
[2.78, 0.1]
[22.61, 17.85, 17.47]
[21.44, 16.63, 16.46]
[20.65, 10.5, 8.93]
[20.13, 7.14, 4.33, 3.59]
[20.91, 15.19, 14.6]
[22.96, 18.45, 17.52, 17.19]
[21.94, 12.21, 10.83, 10.67]
[5.66, 0.19, 0.16]
[9.24, 1.65, 1.39]
[14.09, 2.12, 2.01, 1.9]
[18.87, 13.45, 13.17]
[18.33, 5.84, 4.3, 4.17]
[22.85, 15.71, 14.81]
[15.87, 1.44, 0.19]
[17.29, 2.11, 0.38, 0.3]
[13.65, 0.54, 0.26]
[15.98, 2.81, 2.03, 1.95]
[23.68, 15.43, 13.15, 12.58]
[21.59, 14.03, 12.7]
[20.44, 5.91, 2.77, 2.23]
[19.91, 7.55, 4.6, 3.42, 2.7]
[25.41, 21.62, 21.42]
[19.37, 5.77, 5.09, 5.03]
[15.68, 2.03, 0.52, 0.26]
[19.16, 2.27, 0.23]
[15.29, 4.6, 3.28]
[14.5, 6.01, 5.22]
[14.81, 0.48, 0.43]
[21.67, 17.35, 16.9]
[21.02, 13.51, 13.01]
[22.77, 20.03, 19.97, 19.88]
[17.25, 3.83, 2.52, 2.42]
[21.01, 10.98, 9.33, 9.24]
[22.52, 14.95, 13.9, 13.86]
[19.16, 4.9, 3.7]
[11.51, 1.07, 0.4, 0.26]
[14.57, 1.17, 0.7, 0.41]
[21.21, 12.4, 11.71]
[13.19, 1.36, 0.79, 0.74]
[12.16, 0.12, 0.11]
[3.25, 0.04]
[19.62, 13.59, 13.37]
[16.17, 1.63, 1.14]
[7.8, 1.24, 0.6]
[8.57, 0.16, 0.15]
[19.74, 5.42, 4.61, 4.47, 4.39, 4.23]
[23.55, 19.08, 18.74]
[22.89, 11.39, 9.5, 9.42]
[19.47, 3.37, 0.74, 0.64]
[14.91, 3.09, 2.65, 2.62]
[20.38, 9.62, 8.38, 7.77]
[17.27, 4.73, 3.87, 3.73, 3.44]
[18.15, 3.99, 2.31, 2.15]
[20.21, 7.37, 3.9, 3.51, 3.38]
[21.23, 15.52, 13.94, 13.5, 13.11]
[6.1, 0.04, 0.04]
[9.84, 0.61, 0.51, 0.35]
[20.78, 5.95, 2.32, 2.23, 2.14]
[20.26, 14.81, 14.01]
[18.14, 2.02, 0.29]
[19.36, 4.89, 1.26, 0.84]
[18.86, 7.28, 6.46]
[22.62, 15.03, 14.19, 13.81]
[10.1, 0.24, 0.23]
[12.14, 0.74, 0.39, 0.3]
[24.05, 18.63, 17.51, 17.19]
[20.14, 9.71, 8.69, 8.56]
