[1.72, 0.29, 0.28]
[3.52, 2.52, 2.35]
[1.22, 0.34]
[1.94, 1.14, 0.95]
[0.84, 0.22]
[1.27, 0.71, 0.51]
[1.43, 0.52]
[1.82]
[1.07, 1.06]
[0.64, 0.62, 0.56]
[1.35, 0.44]
[1.22, 0.72]
[1.75, 0.67, 0.47]
[1.49, 0.41]
[0.94, 0.73]
[2.19, 0.28]
[1.27, 0.84]
[1.05, 0.77]
[2.13, 0.42]
[2.21, 1.18, 0.55]
[1.71, 0.32]
[3.31, 2.6]
[2.57, 0.46]
[1.72, 0.32]
[1.35, 0.55, 0.38]
[1.33, 0.92, 0.34, 0.34]
[2.02, 0.46]
[1.46, 1.14, 0.76]
[1.19, 1.17, 1.06, 0.69, 0.67]
[1.91, 0.38]
[1.72, 0.3]
[2.18, 0.76, 0.33]
[0.54, 0.45]
[2.6, 0.7, 0.66]
[1.34, 0.31]
[1.64, 0.45]
[2.26, 0.57]
[1.51, 0.28]
[2.66, 0.45]
[1.67, 0.67]
[2.32, 0.44]
[1.4, 0.69]
[1.62, 0.28]
[1.61, 0.37]
[1.49, 0.5]
[1.24, 0.25]
[2.33, 1.14, 0.49]
[2.26, 1.61, 0.69]
[1.79, 0.28]
[0.38, 0.26]
[2.19, 1.67, 0.51]
[2.13, 0.32]
[1.79, 0.3]
[1.21, 0.34]
[2.25, 0.32]
[0.83]
[2.6, 0.32]
[2.29, 1.2, 1.18]
[2.0, 0.85]
[0.85, 0.53, 0.36]
[1.78, 0.63, 0.38]
[3.45, 1.28, 1.02]
[1.95, 0.34]
[2.8, 0.71, 0.65]
[1.14, 0.52]
[1.72, 0.26]
[1.17, 0.86]
[1.31, 0.23]
[0.81, 0.36, 0.36]
[1.32, 0.52]
[1.62, 0.44]
[0.53, 0.46]
[1.95, 0.29]
[2.4, 0.4]
[2.64, 0.3]
[2.47, 1.06, 0.47]
[1.68, 0.41]
[1.38, 0.64, 0.42]
[2.2, 0.33]
[2.72, 0.38]
[1.81, 0.49]
[3.08, 0.59, 0.51]
[2.63, 0.82, 0.52]
[0.74]
[3.13, 0.5]
[2.45, 1.18, 0.48]
[2.74, 0.37]
[1.83, 0.44]
[1.79, 0.34]
[0.64, 0.47]
[1.67, 0.31]
[1.75, 0.24]
[2.9, 1.06, 1.04, 0.92]
[1.4, 0.27]
[1.94, 1.26, 1.15, 0.8]
[0.95, 0.25]
[1.66, 0.36]
[1.4, 0.3]
[1.2, 0.55]
[0.84, 0.47, 0.44]
