[3.49, 1.18, 0.47]
[2.21, 0.21]
[1.5, 0.3]
[4.42, 2.89, 0.98]
[4.83, 0.34]
[5.13, 3.08, 1.42]
[2.87, 0.57, 0.53]
[4.32, 1.46, 1.21, 0.6]
[6.47, 1.94, 0.48]
[5.44, 3.04, 1.72, 1.23, 0.84]
[4.65, 0.89, 0.6]
[3.1, 0.57]
[5.61, 0.49]
[4.55, 0.48]
[4.42, 0.65]
[3.12, 0.25]
[3.01, 0.25]
[2.43, 0.51]
[3.69, 0.85, 0.73]
[3.45, 0.37]
[4.74, 0.35]
[3.03, 0.54, 0.45]
[5.25, 0.56, 0.53]
[5.41, 0.61]
[4.88, 2.44, 0.73]
[4.63, 2.28, 2.04, 2.02]
[3.46, 1.73, 0.87]
[2.17, 0.46, 0.44]
[2.02, 0.74]
[5.17, 1.37, 0.46]
[6.13, 2.15, 0.55]
[4.89, 2.46, 1.88]
[2.87, 1.6, 1.53]
[6.16, 1.12, 0.82]
[3.72, 0.76, 0.45]
[3.58, 0.46]
[1.7, 0.42]
[4.68, 1.02, 0.79]
[4.51, 1.64, 0.62]
[3.18, 1.72, 1.09]
[2.96, 0.37]
[2.28, 0.43]
[4.28, 0.41, 0.37]
[5.33, 3.26, 2.43, 0.99]
[3.46, 0.75, 0.61]
[2.25, 0.37]
[1.98, 0.26, 0.25]
[5.15, 1.34, 0.75]
[3.52, 1.33, 1.23, 0.88]
[4.16, 1.35]
[3.13, 0.6, 0.59]
[3.6, 1.7, 1.63]
[2.63, 0.31]
[6.49, 4.86, 4.67, 4.42]
[3.68, 1.88, 1.32, 0.99]
[3.95, 1.13, 0.49]
[4.48, 3.05, 1.55, 0.83, 0.64]
[4.06, 0.23]
[2.54, 0.44]
[3.96, 0.41]
[5.14, 1.88, 0.84, 0.84]
[3.11, 0.44]
[4.01, 2.14, 0.41]
[2.94, 0.22]
[3.7, 0.56]
[3.92, 1.11, 0.55]
[4.86, 3.62, 3.1]
[2.99, 0.26]
[5.7, 1.13, 0.58]
[4.46, 0.74, 0.73]
[3.51, 0.24]
[4.25, 0.72, 0.65]
[5.32, 0.75, 0.52]
[4.48, 2.23, 1.19, 1.08]
[3.75, 0.49]
[4.23, 0.5]
[2.05, 0.34]
[3.35, 1.38, 1.33]
[4.94, 0.88, 0.58]
[5.63, 2.41, 2.35]
[3.23, 0.31, 0.31]
[5.18, 2.68, 1.92]
[3.95, 2.52, 2.05, 1.02, 1.01]
[1.88, 0.26]
[3.85, 2.57, 1.91, 1.38]
[2.31, 0.27]
[3.63, 0.65, 0.47]
[6.52, 2.03, 1.08, 1.04]
[4.65, 1.03, 0.54]
[3.43, 0.63]
[3.73, 0.94]
[3.86, 0.63]
[4.67, 0.51]
[3.64, 2.26, 0.61]
[4.28, 0.73, 0.5]
[4.36, 2.43, 0.85, 0.8]
[1.44, 0.26]
[5.16, 2.46, 0.72]
[4.14, 0.36, 0.31]
[4.82, 2.32, 2.15]
