[9.77, 6.7, 5.13, 4.76, 4.41]
[10.16, 7.17, 6.47]
[10.14, 5.91, 5.0]
[10.74, 6.82, 5.15, 3.57]
[5.51, 0.32]
[10.83, 7.23, 5.82]
[5.94, 0.35]
[8.29, 2.81, 1.02]
[4.92, 0.25]
[9.63, 3.18, 0.72]
[9.26, 1.35, 0.91]
[14.53, 12.03]
[9.46, 3.62, 2.42, 0.52]
[9.54, 0.75, 0.66]
[10.16, 3.84, 2.71, 2.56]
[10.13, 4.51, 3.58]
[10.12, 7.33, 5.86, 5.82]
[7.27, 2.29, 1.8, 1.67]
[10.69, 8.13, 7.43, 7.37]
[9.57, 2.3, 1.56]
[8.29, 0.88, 0.4]
[8.8, 5.63, 4.34, 3.75]
[8.84, 4.31, 1.13, 1.09]
[8.33, 2.22, 1.14]
[7.01, 2.47, 0.6, 0.56]
[8.76, 1.25, 0.47]
[7.26, 0.61, 0.24]
[5.64, 2.1, 1.03, 0.67, 0.43]
[11.41, 10.06, 9.97]
[9.16, 3.17, 1.82, 1.73]
[7.74, 1.53, 0.64, 0.61, 0.57, 0.41]
[8.93, 4.23, 3.76]
[7.34, 2.48, 1.55]
[9.13, 3.11, 2.02, 1.93]
[8.12, 2.35, 1.32]
[12.0, 7.67, 7.28]
[9.54, 4.0, 3.1, 2.07, 1.48]
[10.0, 1.23, 0.86, 0.84]
[9.93, 7.2, 6.6]
[11.01, 4.48, 2.87, 2.28, 1.11]
[3.75, 0.22]
[9.33, 1.64, 0.7]
[10.67, 5.72, 3.27]
[11.39, 7.08, 6.27]
[9.67, 4.32, 0.93]
[8.44, 2.72, 1.06, 1.0, 0.7]
[9.09, 0.91, 0.35]
[7.91, 0.9]
[9.51, 3.35, 0.87]
[9.05, 3.97, 1.25]
[8.3, 2.79, 1.87, 0.93]
[8.98, 0.91]
[10.75, 1.85, 0.51]
[9.18, 4.5, 3.06, 2.33]
[11.76, 8.15, 7.45, 7.37]
[3.75, 0.21]
[7.63, 3.95, 3.08]
[7.8, 1.12, 0.65]
[9.03, 3.55, 3.25, 2.37, 2.27, 1.95]
[8.93, 2.58, 0.73]
[7.88, 0.44]
[11.73, 7.03, 6.44]
[9.66, 3.77, 3.22]
[9.81, 2.24, 1.65]
[9.95, 3.1, 2.83]
[4.47, 0.42, 0.35]
[7.59, 0.65, 0.38]
[10.14, 7.65, 6.56, 6.24, 5.0]
[7.37, 1.44, 0.71]
[8.71, 2.87, 1.82, 1.0]
[8.33, 1.0, 0.31]
[5.43, 0.34]
[12.46, 9.13, 8.79]
[8.62, 5.01, 4.16]
[8.76, 3.64, 2.72]
[10.72, 5.35, 5.05, 4.96]
[10.71, 8.56, 6.1, 5.47]
[9.47, 5.15, 4.42]
[6.24, 0.67, 0.36]
[7.85, 4.07, 2.21]
[10.41, 5.78, 4.47, 3.41]
[10.49, 5.56, 4.65, 4.05]
[8.03, 0.96, 0.44]
[10.22, 6.54, 5.54, 5.53]
[8.95, 4.26, 2.81, 1.16]
[9.63, 6.01, 4.69, 3.41, 3.11, 3.01]
[9.39, 5.2, 3.55, 3.15]
[4.62, 0.95, 0.78, 0.52]
[4.29, 0.42]
[9.31, 2.06, 0.37]
[4.65, 0.25]
[9.79, 3.75, 2.85, 2.62]
[10.89, 7.9, 7.67, 7.52]
[6.49, 1.22, 0.41, 0.32]
[9.46, 2.11, 1.35, 1.16]
[7.07, 1.55, 0.94, 0.78]
[9.94, 5.61, 3.29, 3.15]
[5.7, 1.43, 0.57]
[7.92, 0.48]
[4.53, 0.28]
