[2.36, 0.18]
[12.48, 3.53, 1.5]
[11.63, 1.38, 0.6]
[7.0, 0.23]
[13.09, 4.58, 1.31]
[9.43, 1.62, 0.55]
[12.83, 6.85, 5.3]
[8.19, 1.86, 1.78]
[11.23, 0.48, 0.48]
[11.69, 9.5, 9.19]
[9.51, 3.48, 1.39]
[11.85, 3.37, 2.94, 1.83]
[12.38, 1.71, 0.99]
[14.33, 8.49, 6.53]
[8.32, 2.17, 1.32, 0.94]
[13.77, 5.96, 4.98, 4.83]
[6.49, 0.41]
[12.66, 0.83, 0.45]
[8.33, 2.98, 2.8]
[6.36, 0.26]
[14.19, 8.97, 6.89]
[5.12, 0.32]
[15.68, 6.67, 3.41]
[10.85, 6.98, 6.38]
[10.33, 4.76, 4.64]
[10.45, 1.49, 1.03]
[14.03, 8.12, 6.45, 6.28]
[9.92, 0.67]
[9.52, 0.55, 0.54]
[12.8, 2.32, 2.25, 1.83]
[12.1, 3.32, 0.72]
[9.48, 1.49, 1.05]
[14.1, 1.82, 1.41]
[13.45, 7.84, 5.55, 5.35]
[13.86, 8.3, 7.45, 5.9]
[14.56, 3.81, 0.83]
[9.34, 1.26, 0.51]
[6.48, 0.85]
[9.32, 0.47]
[12.71, 6.74, 1.63, 1.22]
[8.76, 1.3, 0.94]
[8.94, 4.98, 4.34]
[13.98, 6.08, 5.7]
[10.15, 0.72, 0.58]
[14.3, 5.12, 2.87, 1.01]
[11.58, 0.57]
[9.26, 0.81]
[14.81, 8.47, 7.98]
[14.94, 6.62, 5.32, 5.09]
[13.8, 9.76, 9.52]
[13.77, 3.26, 1.91]
[12.93, 1.65, 0.98]
[9.71, 3.91, 3.8]
[12.29, 0.94]
[13.1, 4.53, 1.7, 0.98]
[14.19, 6.33, 5.43]
[9.45, 1.64, 1.35]
[10.02, 1.24, 1.05]
[12.0, 1.76, 0.78]
[14.04, 7.41, 6.65]
[14.59, 8.33, 6.84]
[15.08, 10.55, 7.34]
[14.14, 10.16, 10.01]
[11.45, 2.69, 1.3]
[10.71, 1.91, 1.21, 0.97]
[11.71, 1.66, 1.65]
[14.47, 1.09, 0.79]
[15.79, 12.75, 12.44]
[12.56, 3.16, 1.53, 1.42]
[11.05, 3.56, 1.78]
[8.95, 0.43]
[14.87, 5.24, 4.24, 3.68]
[13.43, 3.81, 3.55]
[14.23, 3.51, 1.35, 0.94]
[11.83, 4.44, 1.11]
[12.03, 0.78, 0.78]
[10.41, 3.54, 3.32]
[5.19, 2.07, 2.02]
[12.36, 5.06, 1.97, 1.6, 0.84]
[11.66, 1.21, 1.24]
[11.13, 0.73, 0.59]
[9.98, 0.79, 0.75]
[15.28, 2.35, 1.03]
[4.69, 0.27]
[14.87, 3.99, 1.99]
[10.23, 0.37]
[15.37, 9.64, 8.82, 7.28]
[14.25, 7.88, 7.41]
[4.1, 0.34]
[10.39, 4.55, 3.48, 2.59, 2.08]
[13.93, 7.7, 6.41, 6.31]
[10.8, 6.57, 5.28, 4.55]
[13.85, 7.86, 2.46, 2.16, 1.8]
[3.82, 0.24]
[12.85, 0.79, 0.75]
[13.25, 3.15, 0.65]
[13.75, 2.65, 0.72]
[8.39, 0.51]
[12.32, 2.91, 1.78]
[13.86, 3.84, 0.7]
