[997, 743, 520, 387, 289, 238, 229]
[997, 864, 850, 849]
[997, 826, 768, 761, 760]
[997, 720, 480, 330, 227, 215]
[997, 772, 554, 407, 286, 238, 229, 225]
[997, 818, 777, 775]
[997, 867, 853, 852]
[997, 811, 689, 654, 651]
[997, 619, 374, 218, 179, 174]
[997, 689, 463, 313, 215, 184, 182]
[997, 651, 425, 271, 199, 187, 184]
[997, 825, 761, 749]
[997, 677, 436, 310, 259, 247]
[997, 731, 503, 340, 238, 199, 196]
[997, 873, 870]
[997, 656, 377, 257, 214, 213]
[997, 867, 857]
[997, 907, 899, 898]
[997, 928, 920, 919]
[997, 821, 744, 737]
[997, 691, 447, 291, 242, 226]
[997, 621, 379, 220, 181, 177]
[997, 721, 464, 269, 225, 216]
[997, 600, 315, 218, 201, 195, 194]
[997, 823, 741, 734, 733]
[997, 567, 329, 209, 196, 195]
[997, 586, 358, 191, 181, 179]
[997, 667, 426, 285, 211, 198]
[997, 557, 285, 192, 191]
[997, 825, 766, 756, 754]
[997, 708, 463, 307, 237, 225, 224]
[997, 783, 576, 434, 318, 254, 233, 232, 231]
[997, 745, 507, 347, 261, 237, 235]
[997, 661, 385, 252, 205, 196, 191, 189]
[997, 716, 510, 348, 273, 248, 244]
[997, 783, 576, 446, 364, 345, 343, 342]
[997, 689, 439, 299, 239, 222, 215, 214]
[997, 707, 499, 329, 240, 219]
[997, 675, 413, 273, 214, 204, 202]
[997, 771, 552, 406, 342, 323, 321]
[997, 726, 491, 341, 240, 201, 193]
[997, 703, 473, 321, 241, 227]
[997, 705, 477, 331, 254, 222, 214]
[997, 907, 897, 896]
[997, 704, 525, 373, 284, 239, 233, 232]
[997, 688, 472, 318, 244, 227, 222, 221]
[997, 898, 887]
[997, 633, 414, 286, 234, 224]
[997, 604, 388, 233, 211, 208]
[997, 830, 752, 747]
[997, 810, 616, 486, 423, 408, 406]
[997, 692, 501, 322, 232, 219]
[997, 747, 516, 374, 303, 285, 284]
[997, 816, 736, 731]
[997, 828, 768, 764, 763]
[997, 776, 591, 440, 300, 231, 207]
[997, 692, 481, 313, 226, 203]
[997, 773, 557, 404, 254, 204, 180, 179]
[997, 898, 887]
[997, 704, 448, 313, 243, 227, 226]
[997, 852, 839, 838]
[997, 899, 887, 886]
[997, 577, 335, 231, 197, 194, 193]
[997, 655, 403, 271, 235, 232]
[997, 758, 513, 380, 271, 228, 221]
[997, 642, 373, 253, 198, 188, 187, 186]
[997, 843, 808]
[997, 867, 842, 841]
[997, 820, 733, 723]
[997, 800, 634, 516, 472, 467]
[997, 802, 642, 583, 579]
[997, 843, 786, 783]
[997, 783, 616, 480, 407, 390, 388]
[997, 586, 298, 200, 195]
[997, 750, 539, 410, 358, 349]
[997, 788, 625, 543, 532, 530]
[997, 796, 632, 538, 509]
[997, 794, 637, 582, 580]
[997, 790, 578, 436, 313, 271, 264, 263]
[997, 784, 560, 385, 288, 238, 218, 215, 214]
[997, 798, 654, 605, 596]
[997, 806, 703, 692]
[997, 802, 681, 654, 652]
[997, 715, 480, 327, 258, 236, 235, 234, 232]
[997, 880, 868]
[997, 762, 531, 380, 285, 231, 213]
[997, 810, 692, 666, 665]
[997, 760, 513, 361, 274, 232, 220]
[997, 784, 585, 449, 334, 272, 253, 249, 245]
[997, 837, 813]
[997, 832, 743, 733, 732]
[997, 745, 517, 366, 264, 225, 220]
[997, 615, 309, 217, 208, 207]
[997, 757, 547, 393, 286, 234, 222, 221]
[997, 913, 907]
[997, 765, 577, 455, 352, 307, 298]
[997, 582, 322, 216, 201, 191, 188]
[997, 870, 859, 858]
[997, 724, 470, 309, 209, 188, 184]
[997, 719, 472, 305, 228, 204, 197]
[997, 754, 527, 341, 217, 189, 184]
[997, 814, 711, 696, 692]
[997, 753, 536, 398, 269, 223, 205, 201]
[997, 761, 543, 386, 277, 222, 210]
[997, 664, 413, 293, 207, 188, 185]
[997, 885, 874, 873]
[997, 703, 489, 333, 254, 237, 236]
[997, 803, 625, 494, 431, 415, 414]
[997, 778, 575, 421, 302, 240, 216, 213]
[997, 639, 386, 249, 209, 207]
[997, 731, 511, 358, 236, 188, 167, 166, 165]
[997, 688, 433, 288, 230, 219]
[997, 781, 567, 405, 288, 240, 232]
[997, 833, 776, 769]
[997, 774, 555, 424, 315, 258, 247, 245]
[997, 680, 436, 284, 225, 207, 206]
[997, 813, 721, 716]
[997, 774, 572, 428, 332, 291, 290]
[997, 782, 626, 550, 531, 528, 527]
[997, 727, 475, 337, 235, 207, 201]
[997, 784, 583, 441, 319, 246, 206, 192]
[997, 769, 571, 427, 327, 291, 288, 286]
[997, 503, 281, 188, 183, 180]
[997, 727, 510, 343, 256, 229, 226]
[997, 484, 247, 176]
[997, 706, 474, 311, 230, 211, 206]
[997, 716, 476, 327, 255, 242, 241]
[997, 794, 640, 592, 588]
[997, 698, 465, 320, 252, 241]
[997, 653, 378, 255, 232, 230]
[997, 830, 761, 756, 754]
[997, 801, 638, 539, 507, 504]
[997, 843, 791, 783, 782]
[997, 748, 521, 381, 299, 262, 256]
[997, 727, 497, 343, 265, 229, 217, 216]
[997, 813, 721, 707, 700]
[997, 681, 454, 271, 190, 178]
[997, 613, 357, 231, 206, 204]
[997, 776, 589, 435, 347, 309, 308]
[997, 744, 525, 393, 287, 240, 225, 223]
[997, 614, 348, 225, 198, 197]
[997, 702, 441, 310, 246, 225]
[997, 852, 823, 821]
[997, 799, 648, 588, 581]
[997, 696, 417, 280, 232, 229]
[997, 876, 873]
[997, 823, 711, 685, 684]
[997, 786, 630, 571, 564]
[997, 726, 460, 310, 240, 229, 227]
[997, 613, 363, 224, 203, 201]
[997, 812, 660, 600, 586, 583]
[997, 773, 568, 447, 405, 402, 401]
[997, 766, 533, 379, 265, 225, 209, 206]
[997, 897, 878]
[997, 803, 654, 590, 584]
[997, 765, 580, 471, 441, 439]
[997, 895, 891, 890]
[997, 849, 829, 826]
[997, 519, 284, 201, 196, 193]
[997, 789, 604, 467, 396, 390]
[997, 878, 867]
[997, 834, 778, 772, 771]
[997, 726, 482, 339, 261, 249, 248]
[997, 862, 851, 849]
[997, 788, 639, 582, 572]
[997, 733, 521, 366, 249, 197, 183]
[997, 812, 729, 719]
[997, 796, 631, 544, 535, 534]
[997, 772, 560, 423, 298, 250, 242, 240]
[997, 842, 797, 794, 793]
[997, 838, 774, 768]
[997, 797, 611, 470, 362, 285, 251, 248]
[997, 678, 447, 316, 248, 237]
[997, 871, 840, 838, 837]
[997, 782, 553, 391, 270, 216, 200, 199]
[997, 837, 799, 798]
[997, 826, 745, 742]
[997, 793, 598, 450, 339, 288, 269, 268]
[997, 621, 360, 241, 214]
[997, 677, 443, 301, 225, 217]
[997, 781, 590, 488, 450, 449]
[997, 766, 536, 387, 290, 222, 198, 196]
[997, 790, 591, 463, 372, 341, 339]
[997, 823, 765, 763]
[997, 658, 426, 288, 215, 203, 202]
[997, 811, 727, 721, 720]
[997, 565, 308, 203, 202]
[997, 716, 516, 357, 263, 246]
[997, 782, 599, 488, 416, 399]
[997, 685, 420, 254, 180, 178, 177]
[997, 550, 273, 187, 186]
[997, 757, 562, 424, 343, 316, 311]
[997, 749, 535, 374, 272, 228, 223, 222, 221]
[997, 796, 613, 485, 413, 402]
[997, 641, 411, 276, 228, 220]
[997, 736, 535, 358, 269, 245]
[997, 792, 622, 530, 498, 495]
[997, 758, 549, 399, 294, 228, 213, 212]
[997, 856, 843, 842]
[997, 842, 778, 772]
[997, 583, 352, 211, 187, 182]
[997, 780, 559, 411, 308, 265, 253]
[997, 759, 540, 388, 261, 213, 202, 201]
[997, 845, 817, 816]
[997, 651, 417, 260, 206, 191, 190]
[997, 777, 569, 432, 327, 271, 263]
[997, 776, 562, 416, 340, 322, 320]
[997, 856, 839, 837]
[997, 742, 527, 376, 277, 249]
[997, 812, 655, 551, 529, 526]
[997, 763, 518, 368, 269, 236, 229]
[997, 785, 607, 497, 453, 452]
[997, 774, 549, 396, 296, 261, 258]
[997, 787, 614, 493, 416, 383]
[997, 694, 473, 340, 251, 228, 225, 223]
[997, 780, 662, 638, 635, 634]
[997, 881, 867, 865]
[997, 765, 578, 446, 365, 339, 338]
[997, 702, 470, 315, 220, 189]
[997, 769, 568, 414, 319, 252, 227, 224, 223]
[997, 776, 576, 404, 309, 266, 264]
[997, 736, 543, 412, 326, 306, 305]
[997, 797, 643, 554, 541]
[997, 807, 637, 560, 554, 552]
[997, 721, 495, 341, 258, 236, 234]
[997, 835, 793]
[997, 707, 483, 326, 244, 219]
[997, 740, 497, 322, 224, 202, 201]
[997, 854, 833]
[997, 832, 776, 772, 769]
[997, 846, 806, 797]
[997, 601, 375, 226, 194, 186]
[997, 750, 532, 372, 269, 221, 212, 211]
[997, 702, 418, 278, 230, 225]
[997, 739, 523, 376, 259, 209, 194, 192]
[997, 702, 479, 325, 220, 205, 204]
[997, 611, 371, 227, 187, 179, 177]
[997, 812, 650, 592, 583, 582]
[997, 793, 607, 444, 346, 290, 275, 274]
[997, 780, 573, 431, 317, 263, 257]
[997, 839, 779, 773]
[997, 809, 717, 710]
[997, 879, 871]
[997, 783, 596, 461, 391, 387, 386]
[997, 693, 481, 324, 232, 202, 199]
[997, 802, 649, 548, 517]
[997, 722, 496, 324, 217, 190, 184]
[997, 816, 701, 687, 685]
[997, 705, 512, 368, 292, 270, 263]
[997, 745, 517, 375, 264, 209, 205]
[997, 806, 662, 592, 576]
[997, 774, 530, 383, 277, 219, 204, 202]
[997, 530, 287, 197, 189, 188]
[997, 787, 620, 544, 531, 528]
[997, 784, 609, 481, 423, 419]
[997, 824, 790, 786, 785]
[997, 794, 576, 401, 301, 272, 268]
[997, 912, 910]
[997, 913, 909, 908]
[997, 757, 552, 399, 302, 243, 213]
[997, 800, 665, 639, 635, 634]
[997, 520, 296, 193]
[997, 540, 305, 198, 197]
[997, 823, 735, 729]
[997, 707, 458, 278, 222, 208]
[997, 781, 541, 395, 285, 240, 237]
[997, 774, 542, 400, 291, 244, 230]
[997, 512, 301, 191, 189]
[997, 676, 441, 261, 202, 196]
[997, 796, 600, 495, 458]
[997, 848, 837]
[997, 853, 825, 824]
[997, 803, 642, 565, 558]
[997, 758, 546, 408, 316, 272]
[997, 813, 690, 681]
[997, 859, 825]
[997, 841, 808, 804]
[997, 806, 700, 689, 686]
[997, 775, 579, 452, 373, 346, 344]
[997, 642, 408, 240, 194, 190]
[997, 918, 914, 913]
[997, 827, 782, 780]
[997, 799, 687, 680, 679]
[997, 814, 747, 746]
[997, 742, 522, 361, 268, 234, 229]
[997, 882, 876]
[997, 846, 758, 750]
[997, 804, 661, 614, 611, 610]
[997, 834, 791, 789]
[997, 783, 587, 432, 323, 274, 264, 261]
[997, 720, 502, 358, 266, 212, 200, 198]
[997, 714, 481, 322, 242, 230]
[997, 639, 405, 266, 214, 212]
[997, 723, 467, 322, 232, 206, 202]
[997, 591, 326, 217, 198, 196]
[997, 864, 841, 839]
[997, 613, 353, 249, 223, 219, 217]
[997, 704, 456, 308, 238, 228]
[997, 806, 678, 631, 630]
[997, 788, 603, 488, 437, 434]
[997, 852, 824, 821, 820]
[997, 853, 835]
[997, 615, 349, 229, 204, 203, 201]
[997, 722, 430, 272, 218, 210]
[997, 835, 778, 777]
[997, 770, 521, 362, 257, 217, 214]
[997, 774, 572, 403, 265, 226, 222]
[997, 796, 677, 659, 658, 657]
[997, 778, 586, 453, 355, 323, 319]
[997, 686, 434, 294, 225, 214, 210, 209]
[997, 719, 502, 352, 258, 238, 236]
[997, 854, 832, 831]
[997, 781, 579, 446, 364, 346]
[997, 833, 777, 774]
[997, 645, 368, 225, 202, 200]
[997, 758, 557, 408, 295, 234, 198, 191]
[997, 643, 381, 237, 215, 214]
[997, 830, 744, 733, 732]
[997, 808, 652, 576, 563, 558]
[997, 826, 721, 704]
[997, 844, 811, 809]
[997, 711, 472, 325, 234, 210, 207]
[997, 744, 520, 368, 270, 219, 204]
[997, 824, 771, 765]
[997, 782, 566, 424, 327, 288, 287]
[997, 744, 510, 355, 247, 195, 190]
[997, 790, 657, 635, 632]
[997, 815, 677, 643, 639]
[997, 766, 588, 469, 417, 413, 408]
[997, 796, 661, 605, 599]
[997, 729, 492, 341, 233, 190, 185, 183]
[997, 695, 457, 306, 224, 204, 201]
[997, 779, 560, 420, 294, 240, 233, 232]
[997, 774, 590, 465, 382, 343, 338]
[997, 830, 765, 760]
[997, 784, 567, 415, 316, 245, 231, 230]
[997, 711, 465, 297, 210, 182]
[997, 865, 851]
[997, 602, 366, 200, 172, 171]
[997, 820, 735, 730, 729]
[997, 844, 808]
[997, 768, 595, 491, 422, 414]
[997, 495, 281, 212, 204]
[997, 820, 762, 757]
[997, 813, 712, 700]
[997, 870, 858, 857]
[997, 853, 835, 834]
[997, 813, 684, 663, 661]
[997, 838, 785, 774, 772]
[997, 862, 824, 822, 821]
[997, 846, 763, 758]
[997, 748, 523, 362, 261, 225, 221]
[997, 502, 266, 199, 194]
[997, 831, 800]
[997, 724, 536, 385, 293, 225, 206, 203]
[997, 589, 330, 199, 196]
[997, 730, 502, 360, 285, 253, 250]
[997, 792, 589, 444, 352, 310, 298, 295, 294]
[997, 854, 836, 835]
[997, 856, 831, 827]
[997, 593, 335, 209, 184, 177, 174, 172]
[997, 727, 533, 378, 285, 259]
[997, 607, 338, 221, 199, 191]
[997, 793, 609, 498, 453, 452]
[997, 878, 868]
[997, 843, 819, 815, 813]
[997, 858, 827]
[997, 829, 784, 779]
[997, 853, 819]
[997, 783, 620, 527, 495, 493]
[997, 771, 574, 440, 321, 241, 210, 204]
[997, 753, 524, 374, 274, 222, 209]
[997, 839, 762, 756, 755]
[997, 496, 271, 186, 185]
[997, 708, 447, 300, 235, 214]
[997, 776, 597, 489, 439, 434, 433]
[997, 801, 674, 635, 629]
[997, 812, 684, 641, 640]
[997, 855, 819, 816, 814]
[997, 724, 458, 316, 239, 210, 204, 203]
[997, 798, 648, 562, 548]
[997, 872, 850, 848]
[997, 723, 489, 356, 280, 263, 260]
[997, 830, 766, 756, 754]
[997, 830, 719, 710, 706]
[997, 815, 703, 682, 678]
[997, 856, 806, 799]
[997, 671, 428, 294, 214, 203, 200]
[997, 857, 833, 826]
[997, 550, 269, 190, 189]
[997, 695, 430, 284, 240, 227]
[997, 756, 560, 433, 342, 298, 288]
[997, 869, 839]
[997, 648, 398, 256, 192, 186]
[997, 895, 885, 884]
[997, 675, 433, 262, 187, 176, 175]
[997, 850, 826, 824]
[997, 875, 872]
[997, 833, 775, 770]
[997, 871, 863]
[997, 888, 879]
[997, 902, 893, 892]
[997, 835, 813, 811]
[997, 889, 873, 872]
[997, 808, 696, 656, 654]
[997, 670, 407, 233, 195, 192]
[997, 716, 466, 313, 221, 190, 189, 188]
[997, 783, 609, 478, 400, 386]
[997, 756, 552, 415, 341, 320]
[997, 734, 493, 346, 253, 211]
[997, 636, 373, 242, 196, 192]
[997, 743, 531, 376, 273, 238, 233]
[997, 710, 491, 340, 263, 244]
[997, 872, 848, 846]
[997, 719, 491, 343, 252, 234, 233]
[997, 853, 834, 832]
[997, 739, 526, 369, 256, 200, 181, 180]
[997, 822, 750]
[997, 663, 394, 256, 209, 199, 198]
[997, 860, 830, 825, 824]
[997, 798, 651, 572, 545, 544, 543]
[997, 805, 720, 716]
[997, 799, 675, 650, 648]
[997, 819, 711, 691, 690]
[997, 811, 696, 663, 659]
[997, 804, 680, 656, 655]
[997, 753, 548, 414, 287, 228, 210]
[997, 785, 600, 452, 348, 291, 275]
[997, 723, 495, 378, 286, 256, 254]
[997, 721, 465, 299, 234, 212, 204]
[997, 660, 416, 274, 234, 225, 224]
[997, 752, 523, 369, 270, 238, 235]
[997, 700, 481, 328, 239, 200, 194]
[997, 678, 427, 288, 223, 194, 189]
[997, 692, 445, 278, 206, 203, 202]
[997, 600, 305, 179, 177]
[997, 469, 215, 196]
[997, 838, 798, 796]
[997, 712, 494, 340, 253, 212, 200]
[997, 776, 607, 488, 431, 415]
[997, 853, 818, 817]
[997, 795, 633, 554, 543]
[997, 705, 468, 320, 233, 213, 212]
[997, 617, 365, 249, 205, 204]
[997, 730, 509, 365, 276, 253, 251]
[997, 815, 658, 561, 531, 526]
[997, 765, 588, 458, 369, 322, 315]
[997, 824, 750, 739]
[997, 741, 514, 359, 256, 214, 208]
[997, 811, 661, 600, 598]
[997, 760, 551, 409, 282, 232, 229]
[997, 698, 486, 336, 247, 221, 212]
[997, 683, 436, 296, 233, 228, 227]
[997, 725, 492, 343, 248, 211, 197]
[997, 870, 850, 849]
[997, 791, 619, 520, 491, 490]
[997, 785, 605, 480, 411, 396, 395, 394]
[997, 749, 498, 370, 279, 249, 248, 245]
[997, 768, 546, 400, 273, 225, 222]
[997, 623, 349, 200, 177, 175]
[997, 573, 344, 196, 182]
[997, 633, 391, 227, 183]
[997, 781, 592, 453, 366, 336, 329, 328]
[997, 865, 845]
[997, 818, 687, 652, 651]
[997, 852, 808, 800]
[997, 757, 524, 380, 253, 203, 195, 191]
[997, 883, 876, 873]
[997, 729, 503, 343, 233, 197, 189]
[997, 553, 321, 223, 188, 186]
[997, 829, 784, 783]
[997, 683, 459, 298, 209, 201]
[997, 757, 525, 378, 264, 211, 191, 182, 181]
[997, 738, 500, 355, 272, 250, 246]
[997, 833, 758, 751]
[997, 838, 784, 779]
[997, 835, 787, 782, 781]
[997, 822, 761, 758]
[997, 502, 258, 218, 217]
[997, 869, 853, 852]
[997, 833, 787]
[997, 788, 603, 496, 422, 411, 410]
[997, 801, 671, 621, 620, 618]
[997, 900, 894]
[997, 721, 479, 317, 225, 196, 194]
[997, 863, 845, 842]
[997, 849, 813]
[997, 708, 475, 321, 236, 210, 206]
[997, 777, 592, 487, 438, 424, 422]
[997, 789, 597, 456, 346, 299, 291]
[997, 791, 603, 471, 368, 319, 303, 299]
[997, 537, 287, 204, 202]
[997, 686, 427, 271, 225, 220]
[997, 719, 478, 318, 240, 216, 214]
[997, 849, 827, 826]
[997, 801, 703, 694, 692]
[997, 828, 756, 753]
[997, 823, 689, 660, 657]
[997, 769, 559, 397, 297, 246, 233, 232]
[997, 779, 577, 457, 360, 311, 306]
[997, 745, 553, 395, 307, 256, 250]
[997, 835, 780, 776]
[997, 605, 359, 217, 199]
[997, 799, 684, 680]
[997, 753, 519, 373, 258, 213, 202, 201]
[997, 745, 521, 328, 234, 211, 206]
[997, 785, 597, 438, 344, 274, 247, 246]
[997, 836, 802, 800]
[997, 588, 329, 216, 197]
[997, 855, 836, 835]
[997, 786, 586, 474, 338, 256, 206, 195]
[997, 715, 482, 326, 213, 197, 196]
[997, 843, 825, 824]
[997, 848, 800, 793]
[997, 597, 351, 203, 189, 188]
[997, 788, 611, 523, 501, 500]
[997, 691, 467, 310, 248, 223, 221]
[997, 666, 420, 270, 223, 217]
[997, 752, 515, 349, 262, 237, 234]
[997, 732, 513, 343, 230, 192, 176, 173]
[997, 854, 833, 832]
[997, 730, 506, 368, 297, 274]
[997, 895, 879, 875]
[997, 868, 859, 856]
[997, 793, 668, 634, 631]
[997, 718, 506, 366, 272, 242, 240]
[997, 765, 545, 416, 323, 269, 253]
[997, 772, 576, 423, 366, 356]
[997, 886, 875, 874]
[997, 710, 475, 320, 225, 202, 201]
[997, 730, 520, 367, 255, 227, 221, 220]
[997, 726, 489, 329, 257, 230, 226, 225]
[997, 779, 575, 417, 288, 231, 221, 220]
[997, 667, 435, 277, 211, 188, 187]
[997, 841, 819]
[997, 612, 352, 214, 197, 196]
[997, 889, 885, 882]
[997, 707, 486, 316, 252, 241]
[997, 816, 704, 683, 679]
[997, 636, 395, 251, 217, 215, 212]
[997, 563, 304, 175, 169, 168, 165]
[997, 667, 432, 279, 206, 190, 188, 187]
[997, 762, 568, 417, 313, 262, 254]
[997, 808, 711, 706]
[997, 807, 642, 524, 487, 484]
[997, 733, 512, 364, 277, 247, 245, 244]
[997, 713, 459, 298, 220, 213]
[997, 573, 304, 202, 197]
[997, 810, 684, 647, 642, 640, 639]
[997, 798, 614, 485, 372, 306, 279, 275]
[997, 685, 416, 257, 212, 204, 203]
[997, 936, 934, 933]
[997, 771, 526, 364, 267, 238, 235]
[997, 762, 517, 371, 276, 233, 219]
[997, 817, 731, 723]
[997, 786, 619, 538, 515, 514]
[997, 797, 659, 609, 602]
[997, 697, 451, 286, 207, 194]
[997, 752, 551, 417, 337, 282, 271, 268]
[997, 753, 525, 380, 304, 270, 266]
[997, 692, 471, 299, 236, 228]
[997, 784, 591, 459, 390, 376]
[997, 714, 452, 320, 246, 228]
[997, 784, 557, 408, 290, 234, 227, 226]
[997, 816, 692, 679, 677]
[997, 714, 477, 312, 236, 225]
[997, 707, 484, 328, 247, 222, 218, 217]
[997, 879, 862, 860]
[997, 868, 860, 857]
[997, 821, 743, 733, 730]
[997, 709, 443, 271, 210, 205]
[997, 716, 493, 297, 216, 207, 206]
[997, 782, 559, 402, 280, 215, 179, 171, 166]
[997, 839, 799, 795]
[997, 787, 610, 510, 466, 465]
[997, 826, 743, 737, 735]
[997, 867, 857, 856]
[997, 843, 778, 774]
[997, 772, 570, 416, 305, 249, 232, 231]
[997, 739, 512, 351, 268, 240, 239]
[997, 863, 837, 832]
[997, 757, 512, 348, 255, 221, 220]
[997, 794, 685, 667, 666]
[997, 574, 318, 199, 191]
[997, 780, 585, 472, 403, 378, 376]
[997, 844, 797, 795]
[997, 742, 516, 382, 301, 255, 246]
[997, 761, 531, 365, 263, 230, 226]
[997, 499, 243, 185, 184]
[997, 883, 872]
[997, 697, 453, 274, 191, 182]
[997, 878, 872]
[997, 921, 907, 905]
[997, 819, 682, 658, 655]
[997, 702, 498, 319, 206, 186, 184]
[997, 740, 490, 354, 257, 225, 224]
[997, 743, 522, 373, 276, 229, 213]
[997, 753, 529, 396, 310, 255, 244]
[997, 686, 459, 304, 232, 219, 218]
[997, 856, 829, 827]
[997, 845, 806, 802]
[997, 491, 216, 189]
[997, 927, 922, 920]
[997, 760, 550, 382, 278, 247, 242]
[997, 783, 572, 405, 272, 213, 185, 179, 178]
[997, 717, 458, 296, 237, 227]
[997, 802, 651, 574, 566, 565]
[997, 767, 578, 443, 341, 290, 279, 278]
[997, 808, 693, 674, 671]
[997, 866, 850, 847]
[997, 695, 474, 344, 253, 226, 224]
[997, 853, 778, 763, 762, 761]
[997, 822, 731, 713]
[997, 657, 388, 234, 198, 196]
[997, 745, 534, 376, 243, 207, 201]
[997, 793, 635, 566, 557]
[997, 817, 712, 704, 702]
[997, 698, 444, 280, 234, 229]
[997, 817, 706, 693]
[997, 642, 392, 246, 205, 202, 201]
[997, 601, 360, 209, 196]
[997, 880, 876, 875]
[997, 728, 521, 339, 237, 208, 205]
[997, 754, 527, 393, 312, 284, 282]
[997, 683, 413, 264, 210, 200, 199]
[997, 789, 602, 474, 395, 367]
[997, 713, 493, 350, 257, 221, 215, 214]
[997, 702, 481, 322, 242, 215, 212]
[997, 837, 782, 773]
[997, 868, 858]
[997, 737, 502, 365, 282, 257, 255]
[997, 797, 662, 624]
[997, 667, 421, 252, 210]
[997, 860, 838]
[997, 818, 709, 692, 691]
[997, 866, 862, 861]
[997, 830, 772, 770]
[997, 813, 706, 692, 688]
[997, 877, 869, 865]
[997, 794, 658, 607, 605]
[997, 823, 746, 735]
[997, 645, 393, 238, 206, 203]
[997, 855, 844, 842]
[997, 804, 628, 525, 500]
[997, 595, 354, 205, 175]
[997, 820, 763, 761]
[997, 741, 517, 358, 259, 222, 214]
[997, 770, 532, 377, 253, 215, 211]
[997, 742, 531, 382, 281, 218, 197, 196]
[997, 764, 577, 451, 370, 335, 333]
[997, 808, 697, 675, 672, 669]
[997, 875, 866]
[997, 643, 408, 263, 215, 205]
[997, 817, 744, 739]
[997, 709, 467, 283, 212, 208]
[997, 896, 894]
[997, 832, 787, 786, 785]
[997, 688, 456, 300, 236, 219]
[997, 685, 440, 274, 233, 225]
[997, 875, 867, 866]
[997, 773, 546, 393, 285, 215, 196, 192]
[997, 757, 533, 401, 317, 295, 291]
[997, 760, 540, 386, 307, 255, 242, 241]
[997, 741, 513, 360, 273, 220, 197, 193, 190]
[997, 757, 527, 376, 256, 216, 207]
[997, 685, 435, 272, 214, 202, 201]
[997, 761, 529, 375, 240, 194, 186]
[997, 800, 650, 563, 550, 548]
[997, 773, 559, 417, 319, 269, 240, 239]
[997, 757, 528, 378, 284, 241, 236, 235]
[997, 854, 819, 817]
[997, 691, 484, 331, 261, 240, 235]
[997, 769, 565, 401, 284, 224, 212, 209]
[997, 786, 564, 406, 281, 217, 187, 182]
[997, 697, 467, 319, 249, 243]
[997, 726, 478, 318, 226, 212, 205, 204]
[997, 841, 798, 796]
[997, 700, 498, 348, 261, 218, 203, 200]
[997, 758, 546, 396, 283, 234, 224, 223]
[997, 890, 879, 877]
[997, 700, 446, 306, 227, 202, 201]
[997, 559, 317, 191, 186]
[997, 634, 371, 239, 211, 209]
[997, 812, 703, 694]
[997, 901, 886, 885]
[997, 779, 591, 454, 370, 349, 348]
[997, 829, 757, 756]
[997, 797, 632, 527, 492, 485]
[997, 837, 800, 799]
[997, 695, 456, 304, 243, 226]
[997, 858, 830]
[997, 827, 772, 769]
[997, 674, 408, 242, 206, 195]
[997, 830, 768, 765]
[997, 712, 472, 331, 234, 216]
[997, 741, 514, 361, 253, 200, 188, 186]
[997, 679, 463, 317, 241, 202, 196]
[997, 603, 358, 197, 184, 182]
[997, 768, 573, 441, 378, 368]
[997, 897, 888, 886]
[997, 547, 291, 212, 198, 196]
[997, 805, 655, 591, 588, 587]
[997, 836, 795, 794]
[997, 650, 387, 241, 208]
[997, 866, 838]
[997, 833, 797, 795]
[997, 841, 812, 809]
[997, 701, 455, 300, 228, 219, 218]
[997, 789, 557, 437, 378, 358]
[997, 682, 473, 320, 239, 212, 211]
[997, 693, 471, 283, 213, 197, 193]
[997, 614, 339, 215, 187, 182]
[997, 588, 320, 225, 211]
[997, 695, 484, 321, 218, 199, 197]
[997, 831, 778, 772]
[997, 730, 520, 357, 254, 198, 189]
[997, 796, 678, 668, 667]
[997, 681, 451, 297, 233, 214]
[997, 777, 574, 436, 334, 295, 283, 282]
[997, 713, 458, 318, 253, 235, 233]
[997, 759, 536, 389, 306, 278, 277]
[997, 789, 604, 478, 352, 277, 240, 234]
[997, 821, 737, 731]
[997, 698, 497, 347, 269, 231]
[997, 865, 856, 855]
[997, 715, 515, 343, 244, 200, 192]
[997, 876, 869]
[997, 839, 810, 809]
[997, 844, 796, 794]
[997, 913, 907, 906]
[997, 681, 429, 267, 215, 212]
[997, 844, 817, 813, 812]
[997, 837, 757, 756]
[997, 716, 477, 320, 243, 227, 226]
[997, 804, 682, 670, 669]
[997, 751, 512, 357, 222, 191, 190]
[997, 544, 300, 181]
[997, 780, 562, 412, 291, 231, 218, 217]
[997, 832, 770, 765, 764]
[997, 795, 605, 490, 424, 414, 413]
[997, 761, 573, 446, 352, 319, 313]
[997, 618, 392, 229, 202, 199]
[997, 712, 496, 354, 242, 212, 208, 207]
[997, 776, 583, 442, 350, 307, 305]
[997, 917, 910]
[997, 651, 408, 267, 221, 216]
[997, 776, 573, 426, 342, 314, 313]
[997, 751, 529, 385, 280, 221, 189, 183, 182]
[997, 829, 776, 773]
[997, 859, 837, 836]
[997, 619, 361, 221, 191, 187]
[997, 877, 858]
[997, 900, 893, 891]
[997, 801, 644, 589, 577]
[997, 859, 841, 837]
[997, 779, 609, 495, 456, 447]
[997, 763, 527, 386, 295, 228, 203, 199]
[997, 879, 872, 870]
[997, 796, 680, 661, 659]
[997, 731, 491, 326, 239, 218, 216]
[997, 690, 446, 303, 203, 186]
[997, 811, 708, 697]
[997, 559, 326, 201, 194]
[997, 714, 475, 309, 239, 217, 215]
[997, 730, 513, 384, 301, 268, 267]
[997, 736, 533, 364, 272, 227, 220, 219]
[997, 823, 732, 723, 720]
[997, 730, 505, 345, 251, 216, 208]
[997, 843, 783, 774]
[997, 750, 517, 358, 265, 219, 214]
[997, 737, 494, 331, 212, 191, 180, 176]
[997, 773, 574, 448, 329, 287, 277]
[997, 791, 629, 519, 480, 475]
[997, 728, 514, 340, 244, 210, 207]
[997, 843, 778, 773]
[997, 844, 787, 784, 783]
[997, 831, 760, 757, 755]
[997, 739, 516, 350, 243, 191, 180]
[997, 737, 532, 398, 313, 291]
[997, 871, 860]
[997, 796, 653, 591, 583]
[997, 781, 591, 467, 417, 406, 405]
[997, 780, 551, 383, 276, 218, 195, 187, 184]
[997, 659, 394, 216, 188, 185]
[997, 737, 505, 360, 247, 198, 194]
[997, 706, 471, 294, 219, 210]
[997, 780, 567, 411, 304, 250, 234]
[997, 664, 427, 249, 192, 179]
[997, 787, 602, 495, 469, 464]
[997, 756, 527, 388, 270, 225, 210, 209]
[997, 823, 703, 660, 658]
[997, 848, 800, 797]
[997, 634, 388, 253, 227, 221]
[997, 767, 527, 357, 257, 222, 208]
[997, 729, 512, 341, 275, 250, 249]
[997, 699, 443, 286, 225, 219]
[997, 891, 884, 879]
[997, 793, 607, 483, 426, 409]
[997, 771, 533, 365, 260, 202, 189, 188]
[997, 914, 911]
[997, 694, 460, 277, 216, 197, 196]
[997, 854, 822, 820]
[997, 765, 545, 381, 269, 238, 229]
[997, 808, 631, 525, 497]
[997, 659, 393, 285, 234, 221, 220]
[997, 793, 633, 561, 551]
[997, 830, 744, 734, 733]
[997, 667, 438, 265, 193, 174, 172]
[997, 856, 822, 815]
[997, 708, 495, 328, 254, 240]
[997, 779, 572, 401, 281, 235, 223]
[997, 841, 796, 789]
[997, 766, 541, 369, 259, 225, 221]
[997, 757, 521, 382, 275, 218, 185, 180]
[997, 607, 352, 203, 197]
[997, 737, 526, 357, 257, 221, 219]
[997, 688, 441, 273, 214, 202]
[997, 746, 546, 399, 300, 245, 232, 230, 228]
[997, 747, 539, 398, 278, 231, 218, 217]
[997, 858, 830, 827, 826]
[997, 802, 634, 500, 393, 358, 356]
[997, 753, 525, 393, 283, 225, 199, 196]
[997, 878, 864, 863]
[997, 847, 833, 832]
[997, 819, 742, 737]
[997, 835, 792, 790]
[997, 792, 627, 514, 489, 488]
[997, 844, 785, 779, 778]
[997, 790, 595, 466, 379, 351, 350]
[997, 864, 841, 840]
[997, 717, 499, 347, 262, 244]
[997, 672, 416, 248, 213, 207]
[997, 699, 507, 360, 254, 226, 219]
[997, 924, 922]
[997, 836, 788, 786]
[997, 819, 735, 731]
[997, 786, 620, 550, 543, 542]
[997, 845, 772, 767, 766, 765]
[997, 872, 845]
[997, 782, 600, 486, 423, 410]
[997, 601, 348, 188, 175]
[997, 776, 570, 425, 309, 238, 207, 196]
[997, 774, 583, 476, 436, 434]
[997, 726, 517, 370, 279, 231, 217]
[997, 788, 594, 458, 382, 356, 354, 353]
[997, 704, 425, 289, 232, 212]
[997, 754, 541, 378, 255, 201, 182]
[997, 895, 890]
[997, 818, 726, 719]
[997, 757, 536, 388, 260, 192, 173, 170]
[997, 760, 544, 423, 334, 307, 302]
[997, 649, 392, 247, 187, 180]
[997, 747, 526, 376, 312, 303]
[997, 740, 534, 384, 281, 248, 241]
[997, 639, 385, 238, 201, 196, 195]
[997, 836, 809, 808]
[997, 643, 375, 269, 230, 220]
[997, 724, 501, 347, 247, 214, 211]
[997, 797, 640, 536, 490, 485, 484]
[997, 841, 797, 793, 792]
[997, 715, 482, 314, 242, 213, 207]
[997, 618, 349, 229, 196, 195]
[997, 780, 550, 399, 288, 246, 239]
[997, 740, 500, 357, 258, 212, 208, 207]
[997, 658, 386, 241, 215]
[997, 642, 354, 231, 218, 210]
[997, 852, 824, 823]
[997, 873, 867]
[997, 649, 392, 232, 190, 185]
[997, 649, 369, 230, 196]
[997, 816, 736, 724, 722]
[997, 859, 830, 828]
[997, 625, 380, 213, 185, 183]
[997, 856, 837, 834]
[997, 826, 717, 699]
[997, 762, 553, 398, 276, 227, 204, 201]
[997, 799, 728, 721]
[997, 815, 634, 501, 431, 425]
[997, 864, 846, 845]
[997, 672, 404, 257, 215, 210]
[997, 800, 649, 578, 560, 559]
[997, 851, 834, 833]
[997, 618, 384, 244, 195, 186]
[997, 875, 863, 861]
[997, 939, 931]
[997, 842, 780, 775, 773]
[997, 758, 516, 346, 244, 213, 208, 207]
[997, 626, 383, 255, 217, 214]
[997, 897, 895]
[997, 768, 552, 412, 316, 259, 248]
[997, 688, 414, 268, 201, 193]
[997, 816, 745, 736, 735]
[997, 747, 521, 361, 254, 218, 206]
[997, 742, 545, 397, 294, 263, 256]
[997, 705, 500, 334, 230, 189, 178]
[997, 786, 606, 501, 466, 464]
[997, 801, 620, 514, 452, 446]
[997, 830, 742, 741]
[997, 622, 343, 213, 190, 187]
[997, 654, 377, 252, 225, 224]
[997, 646, 370, 241, 219, 216]
[997, 750, 521, 365, 283, 254, 252]
[997, 884, 877]
[997, 851, 834, 832]
[997, 680, 464, 302, 221, 197, 193]
[997, 855, 838, 837]
[997, 643, 387, 236, 206, 201]
[997, 814, 701, 678, 675]
[997, 868, 826, 823]
[997, 683, 420, 262, 194, 188]
[997, 812, 710, 698, 696]
[997, 758, 549, 388, 277, 208, 191]
[997, 707, 485, 317, 238, 218]
[997, 910, 904, 903]
[997, 700, 458, 282, 233, 225]
[997, 856, 839]
[997, 607, 355, 218, 188, 187]
[997, 887, 880]
[997, 771, 584, 431, 305, 246, 213, 208]
[997, 705, 467, 332, 240, 222, 216]
[997, 754, 529, 373, 253, 205, 194, 191]
[997, 829, 722, 697]
[997, 785, 627, 552, 543]
[997, 903, 897, 896]
[997, 911, 904, 903]
[997, 837, 761, 757, 755]
[997, 801, 647, 567, 549, 546]
[997, 844, 756, 750, 749]
[997, 727, 486, 313, 217, 197]
[997, 681, 458, 317, 240, 215, 213]
[997, 604, 339, 207, 193]
[997, 882, 873]
[997, 841, 811, 810]
[997, 788, 626, 538, 516, 513]
[997, 699, 484, 334, 239, 208, 202, 201]
[997, 701, 471, 310, 235, 214, 210]
[997, 753, 515, 353, 250, 223, 219]
[997, 732, 488, 332, 228, 207]
[997, 753, 533, 381, 252, 187, 168, 161]
[997, 639, 434, 292, 222, 217]
[997, 889, 870, 866]
[997, 602, 369, 222, 196, 193, 189, 188]
[997, 805, 667, 619, 615]
[997, 668, 446, 285, 222, 203]
[997, 797, 620, 521, 485, 483]
[997, 738, 521, 382, 272, 243, 233]
[997, 875, 868, 866]
[997, 768, 584, 475, 423, 417, 416]
[997, 637, 400, 265, 213, 208]
[997, 824, 753, 750]
[997, 842, 773, 765, 764]
[997, 676, 437, 291, 210, 195]
[997, 659, 422, 252, 205, 203]
[997, 578, 306, 208, 207]
[997, 882, 863, 857, 856]
[997, 884, 869]
[997, 880, 870, 869]
[997, 738, 510, 335, 245, 219, 216]
[997, 879, 871, 869]
[997, 881, 865, 863]
[997, 684, 446, 288, 214, 202]
[997, 783, 590, 480, 424, 420]
[997, 884, 874, 872]
[997, 810, 686, 647, 643]
[997, 670, 439, 254, 199, 189, 187]
[997, 767, 559, 401, 277, 228, 198, 192]
[997, 667, 388, 250, 230, 226]
[997, 833, 764, 760]
[997, 455, 236, 191, 184]
[997, 824, 756, 752]
[997, 825, 756, 748]
[997, 662, 426, 259, 197, 190, 189]
[997, 782, 565, 438, 375, 360, 358]
[997, 884, 873]
[997, 689, 463, 311, 213, 186, 183]
[997, 760, 545, 382, 304, 250, 221, 209, 207]
[997, 843, 803, 801]
[997, 861, 828, 827]
[997, 783, 584, 439, 296, 232, 209]
[997, 642, 396, 245, 191, 186]
