[997, 209, 137]
[997, 201, 166, 153, 152]
[997, 241, 198, 172]
[997, 197, 131, 128]
[997, 200, 133]
[997, 208, 172, 151, 147]
[997, 214, 136, 128]
[997, 222, 176, 164, 162]
[997, 220, 167, 160]
[997, 198, 122, 120]
[997, 217, 167, 153, 151]
[997, 217, 174, 164, 159]
[997, 220, 165, 156]
[997, 236, 166, 155]
[997, 216, 163, 155, 152]
[997, 227, 169, 154, 151]
[997, 223, 214]
[997, 232, 131]
[997, 198, 150, 143]
[997, 185, 102]
[997, 210, 146]
[997, 211, 127, 123]
[997, 204, 153, 142, 140]
[997, 201, 158, 148, 144]
[997, 206, 152, 147]
[997, 224, 149, 147]
[997, 218, 115]
[997, 214, 147, 141]
[997, 203, 158, 150, 147]
[997, 214, 157, 149]
[997, 213, 169, 154, 150]
[997, 202, 196]
[997, 200, 125, 121]
[997, 205, 163, 155, 150]
[997, 203, 153, 149]
[997, 221, 165, 157]
[997, 222, 167, 160]
[997, 222, 157, 146]
[997, 200, 138, 133]
[997, 213, 195, 176, 164]
[997, 205, 129, 124]
[997, 224, 118, 117]
[997, 206, 161, 154]
[997, 200, 141, 140]
[997, 226, 177, 167, 165]
[997, 211, 160, 148]
[997, 190, 122, 118]
[997, 216, 161, 152, 149]
[997, 194, 123, 122]
[997, 212, 179, 164, 159]
[997, 203, 157, 152]
[997, 209, 122, 121]
[997, 202, 133, 129]
[997, 200, 155, 149]
[997, 189, 131, 127]
[997, 207, 157, 147]
[997, 236, 140, 137]
[997, 210, 125, 124]
[997, 206, 152, 144, 139]
[997, 218, 163, 155, 149]
[997, 213, 142, 139]
[997, 212, 137, 133]
[997, 208, 171, 162, 157]
[997, 209, 170, 161, 156]
[997, 205, 132, 128]
[997, 200, 144, 138]
[997, 224, 152, 145]
[997, 209, 179, 164, 154]
[997, 204, 140, 136]
[997, 209, 141, 135]
[997, 195, 111, 108]
[997, 198, 114]
[997, 220, 127, 119]
[997, 196, 128, 126]
[997, 214, 145, 137, 136]
[997, 227, 156, 153]
[997, 210, 128, 126]
[997, 194, 153, 139]
[997, 204, 146, 134]
[997, 214, 161, 151]
[997, 222, 201, 188, 187]
[997, 205, 144, 139]
[997, 196, 187]
[997, 231, 147, 143]
[997, 218, 156, 147]
[997, 207, 149, 141]
[997, 212, 153, 149]
[997, 232, 146, 143]
[997, 221, 158, 152]
[997, 213, 188, 169, 167]
[997, 208, 135, 127]
[997, 216, 178, 172]
[997, 199, 152, 143, 140]
[997, 221, 148, 144]
[997, 215, 150, 143, 142]
[997, 224, 167, 158]
[997, 207, 153, 148]
[997, 231, 162, 152]
[997, 208, 169, 157]
[997, 214, 135, 129]
[997, 218, 166, 156, 154]
[997, 211, 146, 139]
[997, 202, 128, 123]
[997, 193, 127, 126]
[997, 211, 146, 139, 138]
[997, 202, 155, 147, 145]
[997, 225, 146, 132]
[997, 211, 170, 154, 150]
[997, 228, 178, 158]
[997, 231, 168, 152, 151]
[997, 221, 155, 150]
[997, 208, 145, 138, 137]
[997, 205, 133, 126, 125]
[997, 229, 173, 165, 164]
[997, 225, 163, 156]
[997, 200, 157, 145, 142]
[997, 205, 158, 150]
[997, 211, 123, 121]
[997, 209, 133, 131]
[997, 209, 145, 134]
[997, 207, 151, 141]
[997, 212, 169, 159, 156]
[997, 210, 137, 133]
[997, 224, 137]
[997, 225, 135, 133]
[997, 215, 125, 124]
[997, 202, 124, 121]
[997, 230, 121, 120]
[997, 207, 137, 132]
[997, 212, 155, 144, 143]
[997, 212, 146, 140]
[997, 203, 153, 143, 142]
[997, 208, 136]
[997, 203, 140, 130, 129]
[997, 201, 131, 128]
[997, 212, 173, 168]
[997, 200, 125, 122]
[997, 223, 162, 154]
[997, 205, 150, 146]
[997, 219, 168, 164]
[997, 198, 122, 119]
[997, 202, 141, 138]
[997, 216, 145, 139]
[997, 203, 134, 133]
[997, 194, 124, 119]
[997, 202, 122, 120]
[997, 199, 153, 144, 142]
[997, 206, 142, 133]
[997, 224, 151, 137, 135]
[997, 224, 136, 134]
[997, 205, 172, 156, 155]
[997, 221, 149, 143]
[997, 205, 144, 137]
[997, 228, 199, 183, 173]
[997, 216, 141, 128]
[997, 211, 145, 143]
[997, 233, 154, 147]
[997, 206, 140, 138]
[997, 200, 135, 127]
[997, 208, 127]
[997, 228, 148]
[997, 211, 165, 146, 145]
[997, 225, 149, 144]
[997, 220, 149, 143]
[997, 197, 121]
[997, 198, 133, 132]
[997, 206, 171, 163, 159]
[997, 241, 130, 127]
[997, 227, 169, 160]
[997, 216, 156, 144, 141]
[997, 209, 164, 152, 150]
[997, 213, 115, 113]
[997, 205, 142, 139]
[997, 207, 135, 128]
[997, 210, 125]
[997, 223, 159, 150, 147]
[997, 216, 169, 155, 153]
[997, 201, 155, 150]
[997, 204, 118]
[997, 228, 154, 151]
[997, 214, 168, 152, 151]
[997, 214, 197, 182, 168]
[997, 196, 143, 137]
[997, 207, 139, 128, 126]
[997, 218, 123, 120]
[997, 218, 114, 111]
[997, 213, 178, 163, 159]
[997, 220, 196, 183, 171]
[997, 227, 153, 148]
[997, 225, 164, 162]
[997, 212, 154, 142]
[997, 206, 144, 140]
[997, 216, 176, 164]
[997, 211, 160, 157]
[997, 207, 164, 153, 152]
[997, 200, 169, 160, 157]
[997, 233, 145, 139]
[997, 220, 163, 154, 153]
[997, 232, 165, 157, 155]
[997, 212, 147, 142]
[997, 215, 134, 131]
[997, 214, 171, 160]
[997, 226, 132, 125]
[997, 196, 155, 146, 144]
[997, 197, 131, 125]
[997, 210, 134, 132]
[997, 209, 134, 129]
[997, 208, 129, 127]
[997, 208, 145, 141]
[997, 201, 132, 131]
[997, 205, 140, 132]
[997, 222, 194, 179, 171]
[997, 220, 160, 153]
[997, 228, 152, 131]
[997, 189, 181]
[997, 205, 134, 130]
[997, 229, 140, 134]
[997, 205, 127, 126]
[997, 210, 119, 115]
[997, 224, 144, 137]
[997, 226, 169, 157]
[997, 229, 169, 154]
[997, 214, 197, 188]
[997, 209, 134, 131]
[997, 220, 187, 179]
[997, 216, 133, 128]
[997, 208, 134, 131]
[997, 217, 194, 175, 173]
[997, 210, 150, 143]
[997, 207, 134, 132]
[997, 215, 173, 163]
[997, 206, 151, 146]
[997, 210, 138, 132]
[997, 217, 164, 155, 150]
[997, 217, 165, 151, 150]
[997, 201, 122, 120]
[997, 211, 168, 156, 152]
[997, 210, 156, 150]
[997, 225, 148, 144]
[997, 214, 161, 152]
[997, 217, 150, 142]
[997, 197, 126, 125]
[997, 211, 131, 130]
[997, 237, 161, 160]
[997, 194, 154, 147]
[997, 216, 145, 141]
[997, 227, 125, 123]
[997, 220, 170, 160, 158]
[997, 208, 153, 146]
[997, 229, 189, 174]
[997, 202, 124, 122]
[997, 203, 143, 133]
[997, 215, 130, 126]
[997, 210, 133, 129]
[997, 208, 138, 134]
[997, 207, 143, 140]
[997, 225, 151, 142]
[997, 213, 154, 145, 144]
[997, 212, 168, 152]
[997, 220, 176, 164, 161]
[997, 205, 168, 158, 154]
[997, 214, 147, 146]
[997, 207, 130, 126]
[997, 231, 177, 168, 166]
[997, 212, 121, 117]
[997, 205, 153, 145, 142]
[997, 213, 153, 147]
[997, 203, 120, 119]
[997, 215, 161, 154]
[997, 219, 164, 161]
[997, 225, 163, 158]
[997, 218, 149, 142]
[997, 208, 133, 129]
[997, 202, 130, 128]
[997, 231, 207, 189, 178]
[997, 226, 207, 190, 189]
[997, 215, 160, 152, 150]
[997, 211, 130, 128]
[997, 205, 126, 123]
[997, 208, 165, 161]
[997, 207, 157, 150]
[997, 227, 189, 167]
[997, 229, 175, 168]
[997, 211, 173, 161, 156]
[997, 208, 127, 124]
[997, 222, 170, 163]
[997, 231, 169, 153, 151]
[997, 220, 149, 142]
[997, 213, 155, 139, 138]
[997, 213, 149, 140, 135]
[997, 230, 159, 154]
[997, 223, 155, 144, 142]
[997, 209, 121, 120]
[997, 194, 138, 137]
[997, 198, 179, 164, 158]
[997, 208, 136, 134]
[997, 198, 133, 129]
[997, 233, 150, 149]
[997, 216, 162, 161]
[997, 219, 139, 135]
[997, 228, 136, 134]
[997, 196, 154, 147]
[997, 229, 198, 180, 178]
[997, 190, 136, 132]
[997, 209, 159, 150]
[997, 218, 154, 146]
[997, 210, 115]
[997, 211, 169, 160, 156]
[997, 215, 161, 148]
[997, 219, 143, 139]
[997, 213, 117, 115]
[997, 199, 120, 119]
[997, 204, 121, 119]
[997, 222, 189, 169, 162]
[997, 213, 146, 138]
[997, 223, 190, 165, 161]
[997, 219, 156, 155]
[997, 220, 189, 181]
[997, 226, 169, 160, 157]
[997, 210, 133, 131]
[997, 222, 147, 139, 138]
[997, 211, 184, 172, 162]
[997, 227, 157, 150]
[997, 191, 118, 117]
[997, 214, 149, 147]
[997, 209, 143, 132]
[997, 212, 147, 140]
[997, 219, 183, 172, 168]
[997, 227, 144, 140]
[997, 196, 148, 145]
[997, 216, 198, 174, 171]
[997, 205, 143, 132]
[997, 234, 168, 161]
[997, 216, 156, 149]
[997, 201, 150, 144]
[997, 219, 182, 167, 163]
[997, 213, 159, 149]
[997, 225, 128, 126]
[997, 203, 178, 161, 153]
[997, 202, 127, 121]
[997, 219, 157, 150]
[997, 207, 125, 124]
[997, 209, 144, 135, 134]
[997, 227, 172, 159, 155]
[997, 228, 155, 148]
[997, 204, 142, 134]
[997, 204, 148, 139, 138]
[997, 212, 148, 137]
[997, 192, 130, 129]
[997, 216, 129, 125]
[997, 198, 125, 121]
[997, 208, 126, 119]
[997, 208, 162, 151, 149]
[997, 208, 164, 154, 147]
[997, 216, 146, 140]
[997, 224, 146, 141]
[997, 200, 130, 124, 122]
[997, 234, 201, 190, 181]
[997, 205, 197]
[997, 210, 138, 135]
[997, 216, 143, 142]
[997, 196, 124, 121]
[997, 220, 156, 151]
[997, 200, 138, 128]
[997, 216, 178, 166, 161]
[997, 217, 145, 135]
[997, 206, 193, 170, 161]
[997, 211, 156, 147, 146]
[997, 219, 149, 146]
[997, 196, 142, 135]
[997, 201, 128]
[997, 202, 122]
[997, 224, 168, 160, 157]
[997, 225, 171, 163]
[997, 220, 144, 142]
[997, 213, 199, 183, 164]
[997, 213, 115, 113]
[997, 223, 150, 147]
[997, 223, 184, 169, 167]
[997, 218, 170, 160, 157]
[997, 251, 159, 154]
[997, 206, 181, 159, 158]
[997, 208, 122, 120]
[997, 216, 135, 134]
[997, 215, 129]
[997, 204, 129, 125]
[997, 208, 170, 156, 148]
[997, 221, 157, 151]
[997, 201, 138, 133]
[997, 217, 141, 137]
[997, 211, 192, 175, 165]
[997, 215, 138, 135]
[997, 218, 121, 120]
[997, 198, 128, 125]
[997, 207, 131, 129]
[997, 230, 149, 147]
[997, 217, 164, 153, 152]
[997, 212, 141, 135]
[997, 202, 181, 172, 170]
[997, 218, 168, 153]
[997, 200, 197, 195]
[997, 201, 129, 128]
[997, 204, 164, 159]
[997, 224, 178, 161, 159]
[997, 207, 164, 152, 151]
[997, 220, 152, 146]
[997, 200, 145, 141]
[997, 216, 165, 157, 152]
[997, 214, 124, 122]
[997, 224, 168, 154, 152]
[997, 235, 170, 162, 160]
[997, 204, 119, 118]
[997, 216, 177, 170]
[997, 215, 159, 151, 149]
[997, 222, 131, 127]
[997, 211, 131, 127]
[997, 215, 136, 130]
[997, 203, 167, 156, 153]
[997, 210, 131, 130]
[997, 218, 131, 128]
[997, 232, 193, 172, 171]
[997, 188, 158, 146]
[997, 207, 133, 127]
[997, 208, 148, 140, 137]
[997, 225, 183, 168]
[997, 221, 161, 151]
[997, 211, 160, 153]
[997, 213, 154, 144]
[997, 217, 163, 161]
[997, 214, 156, 148, 147]
[997, 239, 167, 161]
[997, 208, 145, 139]
[997, 216, 176, 170]
[997, 232, 149, 142, 141]
[997, 189, 155, 153]
[997, 195, 135, 125, 124]
[997, 211, 147, 138, 137]
[997, 219, 172, 168]
[997, 216, 148, 140, 139]
[997, 210, 171, 154, 150]
[997, 198, 134, 130]
[997, 236, 146, 144]
[997, 220, 136, 135]
[997, 224, 174, 169]
[997, 213, 146, 145]
[997, 206, 142, 137]
[997, 210, 114, 113]
[997, 219, 141, 135]
[997, 219, 148, 139, 138]
[997, 208, 156, 147, 146]
[997, 221, 162, 158]
[997, 212, 154, 143, 138]
[997, 213, 135, 126]
[997, 204, 179, 165, 161]
[997, 215, 157, 140]
[997, 197, 148, 144]
[997, 221, 144, 142]
[997, 211, 152, 147]
[997, 202, 134, 133]
[997, 216, 149, 138, 137]
[997, 218, 182, 173, 167]
[997, 201, 137, 134]
[997, 206, 134, 131]
[997, 208, 156, 151]
[997, 200, 152, 145]
[997, 220, 168, 158, 153]
[997, 209, 156, 140]
[997, 219, 177, 154, 152]
[997, 202, 122, 121]
[997, 219, 187, 181]
[997, 198, 139, 134]
[997, 199, 144, 137, 136]
[997, 208, 146, 140]
[997, 194, 151, 145]
[997, 205, 158, 144]
[997, 220, 139, 138]
[997, 215, 140, 136]
[997, 205, 145, 143]
[997, 230, 183, 166, 164]
[997, 205, 146, 140]
[997, 214, 159, 151]
[997, 228, 147, 145]
[997, 225, 171, 163, 161]
[997, 221, 150, 146]
[997, 219, 149, 146]
[997, 221, 192, 178, 170]
[997, 216, 164, 155, 152]
[997, 194, 116, 115]
[997, 210, 161, 156]
[997, 206, 137, 135]
[997, 217, 164, 154, 149]
[997, 205, 150, 145]
[997, 207, 178, 165, 157]
[997, 207, 123, 121]
[997, 241, 168, 161]
[997, 213, 150, 147]
[997, 207, 150, 137, 136]
[997, 201, 159, 141]
[997, 217, 151, 147]
[997, 209, 154, 143, 142]
[997, 220, 162, 147]
[997, 207, 150, 148]
[997, 214, 170, 155, 154]
[997, 193, 126, 124]
[997, 197, 160, 150, 148]
[997, 208, 125]
[997, 227, 146, 137]
[997, 210, 139, 129, 128]
[997, 211, 136, 134]
[997, 206, 171, 163, 157]
[997, 207, 116, 112]
[997, 198, 146, 139, 138]
[997, 207, 150, 140]
[997, 234, 138, 136]
[997, 207, 143]
[997, 215, 140, 135]
[997, 201, 142, 133]
[997, 194, 140, 135]
[997, 202, 132, 127]
[997, 208, 135, 129]
[997, 221, 143, 140]
[997, 220, 164, 156, 152]
[997, 234, 169, 155]
[997, 203, 129, 125]
[997, 213, 124, 122]
[997, 207, 137, 134]
[997, 217, 158, 152]
[997, 206, 172, 152]
[997, 196, 136, 132]
[997, 197, 141, 137]
[997, 199, 166, 163]
[997, 201, 133, 132]
[997, 211, 164, 152, 146]
[997, 221, 207, 167, 166]
[997, 205, 129, 125]
[997, 221, 159, 146, 144]
[997, 219, 127, 125]
[997, 215, 136, 134]
[997, 205, 120, 117]
[997, 207, 177, 156]
[997, 200, 162, 151]
[997, 221, 122, 121]
[997, 223, 142, 140]
[997, 216, 167, 154]
[997, 202, 133, 129]
[997, 206, 170, 148, 147]
[997, 202, 152, 141, 138]
[997, 219, 172, 165]
[997, 209, 147, 146]
[997, 216, 137, 134]
[997, 205, 137, 127, 126]
[997, 210, 135, 128]
[997, 197, 113, 112]
[997, 234, 152, 146]
[997, 222, 155, 147]
[997, 204, 126, 122]
[997, 228, 147, 140]
[997, 222, 153, 146]
[997, 218, 146, 138]
[997, 211, 126, 120]
[997, 216, 173, 164, 163]
[997, 192, 128, 126]
[997, 213, 152, 145]
[997, 245, 170, 159]
[997, 230, 157, 148]
[997, 219, 145, 141]
[997, 217, 152, 146]
[997, 215, 160, 150, 142]
[997, 208, 149, 145]
[997, 214, 157, 151]
[997, 217, 156, 149]
[997, 210, 125, 120]
[997, 223, 179, 163]
[997, 198, 123, 114]
[997, 215, 138, 136]
[997, 222, 129, 127]
[997, 225, 151, 150]
[997, 218, 160, 155]
[997, 212, 155, 144]
[997, 192, 118, 117]
[997, 202, 134, 130]
[997, 210, 155, 149]
[997, 238, 200, 183, 179]
[997, 212, 127, 126]
[997, 210, 138, 130]
[997, 211, 151, 146]
[997, 212, 176, 161, 158]
[997, 215, 119, 118]
[997, 208, 132, 129]
[997, 219, 126, 121]
[997, 199, 164, 153]
[997, 217, 163, 153]
[997, 213, 165, 155, 151]
[997, 212, 158, 148]
[997, 224, 136]
[997, 226, 139, 134]
[997, 232, 182, 171, 168]
[997, 224, 188, 167]
[997, 195, 136, 125]
[997, 215, 161, 157]
[997, 203, 162, 151, 146]
[997, 206, 118, 114]
[997, 215, 124, 123]
[997, 197, 146, 143]
[997, 210, 165, 155, 152]
[997, 215, 182, 167, 163]
[997, 203, 158, 147]
[997, 203, 148, 140, 136]
[997, 192, 121, 117]
[997, 217, 146, 142]
[997, 210, 128, 127]
[997, 199, 137, 134]
[997, 225, 175, 172]
[997, 213, 143, 136]
[997, 211, 164, 158]
[997, 218, 148, 141, 138]
[997, 214, 152, 143]
[997, 215, 162, 148]
[997, 214, 170, 154, 153]
[997, 212, 138, 136]
[997, 216, 153, 148]
[997, 208, 160, 149, 148]
[997, 230, 171, 162]
[997, 216, 141, 134, 133]
[997, 210, 168, 160, 153]
[997, 223, 155, 147, 146]
[997, 209, 140, 132]
[997, 228, 153, 152]
[997, 215, 172, 164, 159]
[997, 204, 134, 132]
[997, 210, 150, 147]
[997, 221, 172, 156, 154]
[997, 190, 131, 126]
[997, 228, 173, 161, 157]
[997, 218, 133, 128]
[997, 213, 153, 143]
[997, 219, 142, 138]
[997, 218, 157, 150]
[997, 220, 172, 157]
[997, 214, 152, 142]
[997, 208, 155, 147]
[997, 237, 174, 159, 156]
[997, 218, 178, 159, 151]
[997, 220, 162, 161]
[997, 214, 145, 141]
[997, 206, 147, 138, 137]
[997, 192, 124, 117]
[997, 194, 137, 129]
[997, 222, 124, 123]
[997, 245, 179, 169]
[997, 204, 160, 152, 151]
[997, 211, 167, 154, 149]
[997, 213, 168, 161]
[997, 224, 170, 160, 157]
[997, 202, 191, 173, 168]
[997, 197, 157, 151]
[997, 207, 141, 133, 132]
[997, 207, 147, 141]
[997, 198, 144, 135]
[997, 209, 137, 133]
[997, 204, 125, 122]
[997, 218, 118]
[997, 206, 157, 152]
[997, 209, 152, 141, 140]
[997, 190, 132, 128]
[997, 207, 138, 134]
[997, 213, 192, 177, 173]
[997, 223, 210, 190, 185]
[997, 201, 166, 149, 143]
[997, 218, 166, 156]
[997, 212, 148, 139]
[997, 213, 122, 118]
[997, 215, 163, 158]
[997, 217, 178, 163, 161]
[997, 210, 144, 140]
[997, 212, 180, 164, 163]
[997, 212, 206]
[997, 209, 157, 145]
[997, 196, 162, 155]
[997, 192, 130, 126]
[997, 203, 142, 134]
[997, 201, 119, 118]
[997, 208, 148, 143]
[997, 205, 144, 136]
[997, 220, 133, 129]
[997, 217, 160, 152]
[997, 208, 143, 133]
[997, 190, 144, 134, 133]
[997, 205, 177, 169]
[997, 208, 129, 128]
[997, 206, 136, 132]
[997, 220, 175, 163, 159]
[997, 227, 154, 152]
[997, 221, 125, 123]
[997, 197, 133, 123]
[997, 211, 154, 147]
[997, 210, 179, 163, 158]
[997, 217, 122, 116]
[997, 206, 135, 131]
[997, 188, 139, 133]
[997, 235, 166, 159]
[997, 223, 176, 171]
[997, 223, 189, 178, 176]
[997, 207, 153, 146]
[997, 201, 141, 136]
[997, 202, 128, 127]
[997, 204, 146, 142]
[997, 232, 180, 167, 161]
[997, 221, 166, 154, 151]
[997, 220, 176, 158, 157]
[997, 218, 127, 124]
[997, 210, 161, 153, 148]
[997, 225, 173, 168]
[997, 210, 126]
[997, 217, 192, 182, 169]
[997, 197, 154, 142, 140]
[997, 191, 127, 126]
[997, 200, 171, 152, 149]
[997, 201, 125, 122]
[997, 206, 150, 144]
[997, 209, 119, 118]
[997, 198, 153, 140]
[997, 211, 165, 155, 154]
[997, 243, 190, 181, 176]
[997, 203, 145, 140]
[997, 201, 183, 168, 163]
[997, 218, 150, 145]
[997, 220, 152, 147]
[997, 190, 137, 134]
[997, 210, 136]
[997, 218, 124, 122]
[997, 217, 115, 112]
[997, 194, 143, 136, 135]
[997, 219, 148, 144]
[997, 230, 166, 155, 152]
[997, 209, 94, 92]
[997, 213, 127, 123]
[997, 206, 130, 128]
[997, 221, 136, 133]
[997, 210, 162, 156]
[997, 205, 132, 130]
[997, 208, 119, 116]
[997, 215, 162, 156]
[997, 217, 172, 165]
[997, 206, 133, 128]
[997, 203, 139, 134]
[997, 202, 133, 130]
[997, 221, 138, 130, 129]
[997, 220, 170, 163]
[997, 205, 152, 143, 141]
[997, 205, 118, 117]
[997, 198, 128, 121, 120]
[997, 215, 143, 140]
[997, 216, 180, 165, 164]
[997, 234, 197, 183, 175]
[997, 191, 147, 139, 137]
[997, 199, 144, 137, 136]
[997, 211, 154, 150]
[997, 220, 157, 147, 143]
[997, 211, 165, 157, 154]
[997, 214, 159, 150]
[997, 221, 142, 134]
[997, 232, 155, 153]
[997, 220, 199, 186, 176]
[997, 212, 146, 142]
[997, 204, 155, 146, 145]
[997, 220, 157, 147]
[997, 211, 139, 127]
[997, 214, 164, 150]
[997, 208, 136, 133]
[997, 216, 168, 156, 155]
[997, 211, 148, 145]
[997, 212, 139, 133]
[997, 231, 210, 190, 185]
[997, 202, 148, 143]
[997, 207, 133, 126]
[997, 224, 157, 151]
[997, 206, 129, 125]
[997, 214, 162, 149, 148]
[997, 206, 146, 139]
[997, 217, 128, 127]
[997, 199, 129, 128]
[997, 213, 141, 134, 133]
[997, 223, 142, 140]
[997, 209, 155, 144, 143]
[997, 210, 170, 159, 157]
[997, 214, 153, 146]
[997, 217, 195, 176, 168]
[997, 215, 152, 150]
[997, 221, 149, 142, 141]
[997, 207, 139, 136]
[997, 203, 138, 136]
[997, 214, 144, 142]
[997, 201, 141, 137]
[997, 205, 152, 143, 141]
[997, 200, 112, 111]
[997, 204, 176, 155, 149]
[997, 202, 135, 132]
[997, 202, 144, 136, 135]
[997, 214, 161, 151, 149]
[997, 209, 100]
[997, 212, 170, 158, 156]
[997, 224, 120]
[997, 206, 112, 111]
[997, 216, 143, 137]
[997, 216, 175, 160, 156]
[997, 211, 168, 152, 149]
[997, 207, 175, 167]
[997, 207, 175, 159, 150]
[997, 193, 111, 110]
[997, 211, 193, 166, 158]
[997, 199, 140, 132, 131]
[997, 221, 140, 139]
[997, 196, 131, 125]
[997, 215, 131, 130]
[997, 213, 151, 146]
[997, 243, 227, 209, 203]
[997, 214, 151, 144]
[997, 209, 137, 131]
[997, 207, 121, 117]
[997, 199, 146, 140]
[997, 212, 176, 169]
[997, 234, 174, 170]
[997, 202, 114, 109]
[997, 212, 147, 144]
[997, 202, 157, 150]
[997, 219, 181, 174]
[997, 214, 171, 158]
[997, 205, 145, 138, 137]
[997, 205, 125, 123]
[997, 197, 149, 142]
[997, 218, 154, 146]
[997, 207, 146, 142]
[997, 207, 129, 125]
[997, 213, 180, 163, 158]
[997, 208, 154, 150]
[997, 202, 139, 134]
[997, 210, 136, 133]
[997, 216, 206, 190, 176]
[997, 219, 143, 138]
[997, 216, 134, 133]
[997, 220, 153, 145]
[997, 225, 153, 150]
[997, 224, 153, 150]
[997, 218, 151, 141]
[997, 219, 143, 138]
[997, 212, 129, 126]
[997, 198, 150, 146]
[997, 210, 140, 136]
[997, 212, 183, 172, 165]
[997, 217, 142, 141]
[997, 203, 138, 130]
[997, 223, 144, 143]
[997, 202, 120, 114]
[997, 193, 121, 119]
[997, 210, 193, 179, 171]
[997, 202, 143, 136, 135]
[997, 213, 164, 150]
[997, 197, 170, 160, 151]
[997, 201, 150, 149]
[997, 227, 134, 132]
[997, 215, 151, 143]
[997, 198, 125, 124]
[997, 206, 149, 143]
[997, 213, 163, 155, 154]
[997, 203, 143, 137]
[997, 217, 169, 163]
[997, 204, 126, 125]
[997, 204, 128, 125]
[997, 225, 138, 135]
[997, 208, 163, 156]
[997, 217, 173, 163]
[997, 208, 144, 140]
[997, 227, 137, 132]
[997, 198, 173, 158, 153]
[997, 217, 158, 151]
[997, 216, 163, 153]
[997, 220, 147, 142]
[997, 210, 135, 132]
[997, 185, 123, 121]
[997, 214, 136, 131]
[997, 217, 140]
[997, 207, 137, 133]
[997, 219, 192, 177, 169]
[997, 204, 131, 128]
[997, 213, 173, 162, 154]
[997, 210, 145, 137]
[997, 214, 173, 164, 158]
[997, 211, 139, 135]
[997, 222, 155, 150]
[997, 210, 114, 113]
[997, 213, 189, 174, 168]
[997, 235, 212, 200, 198]
[997, 209, 135]
[997, 201, 139, 132]
[997, 205, 109, 106]
[997, 225, 175, 163]
[997, 209, 161, 155]
[997, 247, 150, 148]
[997, 223, 211, 177, 172]
[997, 194, 117, 111]
[997, 218, 178, 172]
[997, 219, 149, 142]
[997, 224, 206, 184, 179]
[997, 211, 169, 161, 154]
[997, 194, 158, 148, 141]
[997, 187, 123, 118]
[997, 222, 178, 170]
[997, 211, 132, 130]
[997, 211, 167, 153, 151]
[997, 209, 134, 131]
[997, 209, 127, 123]
[997, 224, 168, 165]
[997, 204, 142, 139]
[997, 229, 162, 148]
[997, 223, 176, 163, 159]
[997, 212, 134, 131]
[997, 206, 121, 118]
[997, 235, 156, 149]
[997, 217, 149, 144]
[997, 231, 168, 162]
[997, 221, 148, 145]
[997, 205, 170, 160, 154]
[997, 215, 138, 135]
[997, 218, 162, 149]
[997, 211, 170, 155]
[997, 198, 135, 134]
[997, 222, 187, 169]
[997, 202, 148, 142]
[997, 219, 181, 170, 163]
[997, 209, 117, 115]
[997, 200, 143, 137]
[997, 214, 131, 130]
[997, 225, 149, 142]
[997, 204, 138, 121]
[997, 203, 137, 130]
[997, 218, 145, 135]
[997, 206, 138, 132]
[997, 210, 135, 134]
[997, 204, 125]
[997, 200, 131, 128]
[997, 218, 200, 176, 166, 165]
[997, 212, 126, 120]
[997, 200, 169, 160, 155]
[997, 195, 132, 123, 121]
[997, 220, 157, 148, 147]
[997, 213, 130, 128]
[997, 201, 123, 118]
[997, 218, 169, 157, 155]
[997, 212, 147, 135]
[997, 216, 185, 162, 161]
[997, 213, 154, 147]
[997, 212, 154, 145]
[997, 208, 159, 148, 145]
[997, 210, 152, 147]
[997, 217, 156, 146]
[997, 222, 147, 145]
[997, 211, 157, 148]
[997, 215, 155, 148]
[997, 204, 167, 156, 152]
[997, 232, 183, 175]
[997, 203, 133, 132]
[997, 209, 133, 128]
[997, 202, 138, 133]
[997, 212, 145, 141]
[997, 215, 121, 117]
[997, 223, 167, 153, 152]
[997, 221, 145, 144]
[997, 207, 127, 125]
[997, 220, 133, 131]
[997, 201, 149, 137]
[997, 229, 210, 197, 183]
[997, 199, 127, 126]
[997, 200, 149, 141]
[997, 208, 134, 133]
[997, 215, 165, 155, 153]
[997, 216, 183, 174, 166]
[997, 220, 134, 125]
[997, 209, 125, 118, 117]
[997, 232, 179, 169, 165]
