[997, 695, 431, 262, 192, 185]
[997, 626, 366, 200, 187, 186]
[997, 777, 494, 313, 210, 188, 186]
[997, 789, 510, 325, 201, 177, 176]
[997, 677, 408, 247, 202, 199]
[997, 576, 289, 202, 194]
[997, 445, 188, 186]
[997, 511, 263, 190, 186]
[997, 581, 316, 192, 187]
[997, 788, 561, 381, 248, 193, 177, 174]
[997, 697, 360, 199, 183, 182]
[997, 828, 704, 634, 622]
[997, 545, 264, 173, 171, 170]
[997, 671, 406, 229, 199, 192, 188]
[997, 503, 244, 206, 201]
[997, 684, 412, 228, 185, 180]
[997, 552, 276, 211, 209]
[997, 532, 216, 168, 164]
[997, 751, 455, 267, 198, 188, 187]
[997, 639, 362, 179, 174, 169]
[997, 674, 359, 215, 189, 188]
[997, 582, 279, 185, 177]
[997, 632, 361, 196]
[997, 595, 295, 201, 192]
[997, 668, 376, 201, 178]
[997, 751, 480, 297, 203, 194]
[997, 409, 189, 183]
[997, 710, 414, 241, 211, 209]
[997, 478, 209, 167, 166]
[997, 650, 337, 215, 197, 190]
[997, 696, 432, 252, 207, 202]
[997, 534, 258, 181, 180]
[997, 398, 182]
[997, 750, 483, 301, 199, 182]
[997, 751, 493, 318, 197, 184, 183]
[997, 825, 633, 451, 301, 190, 154, 146, 144, 142]
[997, 567, 275, 178, 177]
[997, 738, 452, 247, 211]
[997, 581, 312, 195, 190, 188]
[997, 632, 342, 201, 188, 185]
[997, 645, 368, 180, 171, 170]
[997, 577, 294, 194, 193]
[997, 717, 480, 287, 205, 189]
[997, 501, 241, 195, 190]
[997, 491, 260, 169]
[997, 514, 262, 202, 199]
[997, 620, 361, 227, 201, 193]
[997, 755, 505, 344, 229, 207, 206]
[997, 826, 597, 395, 253, 196, 182, 178]
[997, 727, 445, 248, 191, 185, 182]
[997, 612, 326, 194, 191]
[997, 800, 551, 363, 225, 192, 190]
[997, 692, 391, 235, 204, 202]
[997, 764, 486, 310, 184, 167, 166]
[997, 700, 421, 245, 194, 189]
[997, 757, 501, 339, 237, 176, 163]
[997, 436, 195, 175]
[997, 764, 491, 310, 210, 172, 168]
[997, 675, 406, 217, 181]
[997, 560, 250, 184, 181, 179]
[997, 552, 295, 206, 199]
[997, 655, 366, 207, 202]
[997, 712, 423, 234, 194]
[997, 637, 333, 176, 175]
[997, 754, 497, 321, 219, 198, 193, 191]
[997, 335, 163, 161]
[997, 678, 407, 263, 196, 182, 178]
[997, 622, 321, 201, 188, 185]
[997, 754, 479, 298, 196, 185, 183]
[997, 666, 336, 214, 206, 205]
[997, 746, 479, 294, 199, 183]
[997, 645, 351, 210, 195]
[997, 636, 360, 222, 191, 190, 189]
[997, 693, 411, 253, 200, 191]
[997, 603, 335, 218, 196, 194]
[997, 553, 248, 191, 186]
[997, 724, 440, 273, 205, 196, 195]
[997, 565, 270, 181]
[997, 596, 305, 196, 192]
[997, 635, 303, 166, 165]
[997, 791, 541, 378, 200, 146, 143]
[997, 612, 293, 192, 190]
[997, 524, 240, 176, 175]
[997, 450, 194, 172]
[997, 853, 733, 698, 695]
[997, 498, 230, 183, 181]
[997, 721, 439, 268, 182, 181, 179, 176]
[997, 632, 360, 175, 167, 165]
[997, 748, 483, 282, 189, 164, 162]
[997, 588, 290, 186, 180, 179]
[997, 738, 482, 303, 208, 181]
[997, 712, 417, 212, 179, 176]
[997, 800, 555, 397, 213, 154, 138]
[997, 789, 526, 347, 251, 198, 186, 184, 183]
[997, 499, 216, 182, 177]
[997, 569, 274, 166, 159]
[997, 677, 419, 247, 181, 179, 178]
[997, 741, 487, 288, 197, 192]
[997, 616, 323, 194, 192]
[997, 586, 313, 173]
[997, 758, 496, 337, 224, 172, 167, 166]
[997, 606, 282, 181, 179]
[997, 628, 328, 206, 202]
[997, 818, 585, 420, 288, 208, 187, 174]
[997, 750, 497, 338, 209, 183]
[997, 782, 537, 365, 228, 176, 160, 157]
[997, 675, 404, 218, 200]
[997, 523, 228, 180, 179]
[997, 887, 873]
[997, 597, 313, 174, 171]
[997, 746, 489, 279, 200, 190, 189]
[997, 667, 377, 205, 181, 178]
[997, 834, 702, 634, 627, 623]
[997, 492, 232, 189, 187]
[997, 738, 458, 290, 212, 198, 196]
[997, 798, 554, 370, 207, 174, 167, 164]
[997, 683, 430, 260, 196, 190]
[997, 481, 236, 204]
[997, 752, 489, 300, 197, 181, 174, 169]
[997, 711, 434, 243, 200, 197]
[997, 600, 349, 206, 195, 193]
[997, 739, 479, 316, 232, 212]
[997, 578, 271, 188, 186]
[997, 743, 468, 278, 184, 172, 169]
[997, 552, 282, 181, 180]
[997, 659, 336, 207, 194]
[997, 740, 476, 270, 179, 168]
[997, 541, 262, 194, 192]
[997, 610, 307, 175, 172]
[997, 728, 449, 285, 206, 199]
[997, 662, 400, 218, 192]
[997, 559, 298, 199, 198]
[997, 521, 279, 174, 173]
[997, 599, 320, 202, 199]
[997, 630, 375, 217, 190, 188]
[997, 765, 493, 294, 202, 183, 182]
[997, 522, 238, 180, 178]
[997, 822, 572, 415, 305, 224, 195, 187]
[997, 746, 484, 312, 201, 190, 189]
[997, 700, 414, 243, 184]
[997, 769, 509, 336, 211, 161, 149]
[997, 660, 356, 206, 176]
[997, 640, 367, 204, 181, 179]
[997, 586, 300, 176, 174]
[997, 765, 474, 304, 196, 190]
[997, 707, 444, 261, 177, 172, 168]
[997, 730, 443, 254, 199, 194]
[997, 644, 328, 220, 216]
[997, 711, 426, 249, 214, 212]
[997, 728, 439, 273, 170, 167]
[997, 613, 309, 177, 176]
[997, 469, 192, 184]
[997, 671, 386, 202, 176, 175]
[997, 757, 490, 290, 215, 199, 197]
[997, 597, 353, 211, 195]
[997, 658, 387, 217, 194, 188, 186]
[997, 601, 330, 187, 178, 173]
[997, 740, 479, 298, 203, 187, 185, 184]
[997, 425, 143]
[997, 732, 452, 282, 201, 189, 186]
[997, 780, 541, 345, 210, 171, 166]
[997, 736, 455, 295, 203, 195, 193]
[997, 777, 510, 352, 242, 200, 181]
[997, 815, 556, 382, 261, 210, 183, 179]
[997, 692, 431, 238, 195, 191]
[997, 605, 316, 207, 192, 191]
[997, 537, 256, 182, 180]
[997, 773, 483, 298, 206, 184, 183]
[997, 572, 280, 164, 163]
[997, 664, 401, 232, 196, 193]
[997, 631, 389, 243, 214, 213]
[997, 709, 433, 279, 198, 179, 178]
[997, 829, 722, 715, 713]
[997, 583, 291, 180, 176]
[997, 609, 313, 201, 192]
[997, 628, 337, 181, 177]
[997, 687, 406, 247, 181, 176]
[997, 601, 306, 171, 164]
[997, 526, 265, 182, 177]
[997, 552, 275, 189]
[997, 473, 233, 198, 197]
[997, 578, 281, 181, 178]
[997, 704, 400, 244, 214, 212]
[997, 715, 422, 266, 223, 214, 209, 205]
[997, 752, 484, 319, 206, 188, 186, 185]
[997, 618, 322, 190, 179]
[997, 691, 436, 259, 209, 204]
[997, 767, 526, 359, 227, 187, 179]
[997, 676, 389, 200, 184, 183]
[997, 549, 248, 199, 192]
[997, 728, 432, 234, 196, 189, 187, 186]
[997, 714, 425, 249, 197, 195]
[997, 767, 486, 264, 189, 180]
[997, 703, 415, 221, 171, 168]
[997, 669, 351, 202, 191]
[997, 635, 313, 210, 200, 199]
[997, 566, 290, 189, 187]
[997, 784, 496, 331, 199, 180, 178, 174, 173]
[997, 509, 185, 184]
[997, 646, 360, 200, 185, 182]
[997, 727, 420, 247, 184, 180]
[997, 792, 500, 330, 230, 190, 185]
[997, 490, 219, 199]
[997, 676, 377, 225, 194, 192]
[997, 828, 701, 644, 634, 629, 627]
[997, 733, 470, 276, 213, 212]
[997, 669, 374, 199, 177, 176]
[997, 783, 544, 330, 230, 189, 167, 165]
[997, 774, 498, 322, 204, 175, 172]
[997, 720, 447, 246, 206, 201]
[997, 678, 393, 212, 190, 188, 182]
[997, 513, 225, 191, 190]
[997, 648, 361, 235, 198, 195]
[997, 633, 362, 208, 180]
[997, 846, 788, 775]
[997, 757, 492, 327, 208, 189, 188]
[997, 536, 275, 210, 198]
[997, 766, 509, 323, 189, 167, 166, 164]
[997, 566, 292, 237, 226]
[997, 517, 249, 192]
[997, 626, 362, 198, 180]
[997, 738, 460, 294, 200, 177]
[997, 809, 529, 362, 215, 186, 184]
[997, 731, 460, 285, 199, 196, 195]
[997, 774, 483, 304, 206, 186, 179, 175, 171, 170]
[997, 544, 255, 190, 188]
[997, 667, 372, 196, 190]
[997, 617, 346, 214, 198, 197]
[997, 559, 281, 192, 184]
[997, 765, 504, 313, 203, 178]
[997, 567, 302, 179, 174]
[997, 846, 698, 629, 613, 605]
[997, 584, 294, 196, 195]
[997, 562, 285, 198, 195]
[997, 572, 267, 195, 194]
[997, 670, 380, 194, 188]
[997, 633, 308, 210, 205]
[997, 554, 296, 179, 172, 171]
[997, 516, 238, 183, 181]
[997, 737, 435, 265, 170, 158]
[997, 566, 284, 170]
[997, 566, 296, 187, 186]
[997, 822, 655, 501, 336, 225, 184, 173, 169]
[997, 754, 480, 298, 193, 177, 176]
[997, 485, 218, 179, 178]
[997, 530, 283, 184]
[997, 781, 514, 300, 202, 184]
[997, 539, 222, 200]
[997, 802, 560, 383, 241, 179, 166]
[997, 640, 366, 234, 204, 196, 195]
[997, 516, 254, 204, 197]
[997, 578, 298, 176, 175]
[997, 678, 404, 245, 205, 201, 199]
[997, 652, 380, 205, 183]
[997, 395, 169, 167]
[997, 830, 663, 493, 322, 201, 157, 141, 136]
[997, 564, 272, 183]
[997, 508, 259, 184, 179]
[997, 629, 339, 201, 184, 178, 177]
[997, 683, 418, 261, 192, 187]
[997, 585, 308, 211, 200]
[997, 811, 614, 452, 246, 158, 144, 140]
[997, 608, 337, 185, 183]
[997, 819, 607, 442, 294, 218, 186, 175, 172]
[997, 838, 734, 711, 706, 705]
[997, 704, 451, 239, 169, 168]
[997, 828, 665, 529, 381, 246, 172, 142, 128]
[997, 823, 674, 575, 560, 559]
[997, 709, 417, 253, 209, 202]
[997, 670, 387, 222, 204]
[997, 707, 427, 226, 165, 164]
[997, 656, 399, 217, 174, 172]
[997, 720, 436, 228, 198, 197]
[997, 502, 252, 176, 175]
[997, 718, 437, 263, 213, 207]
[997, 659, 370, 220, 213]
[997, 798, 539, 378, 211, 164, 161]
[997, 538, 256, 200, 194]
[997, 465, 195, 188]
[997, 504, 212, 211]
[997, 760, 468, 309, 230, 198, 196]
[997, 721, 468, 279, 197, 186, 183]
[997, 658, 339, 190, 171, 168]
[997, 524, 223, 184, 178]
[997, 537, 278, 164, 163]
[997, 609, 305, 194, 188]
[997, 628, 350, 212, 193, 192]
[997, 709, 428, 227, 193, 187]
[997, 661, 393, 235, 194, 192]
[997, 631, 357, 198, 179, 175]
[997, 606, 359, 181, 168]
[997, 741, 488, 302, 226, 210, 208]
[997, 601, 311, 192, 190]
[997, 591, 314, 192, 190]
[997, 666, 348, 197]
[997, 784, 495, 299, 203, 190, 188]
[997, 497, 234, 184, 183]
[997, 506, 253, 169]
[997, 665, 396, 243, 197, 191, 190]
[997, 694, 432, 256, 209, 207]
[997, 621, 320, 162]
[997, 605, 291, 186, 185]
[997, 593, 340, 204, 199, 197]
[997, 640, 365, 208, 187, 183]
[997, 714, 450, 274, 182, 172, 169]
[997, 677, 384, 226, 194]
[997, 575, 320, 195, 192]
[997, 760, 484, 293, 219, 198, 194]
[997, 568, 273, 174]
[997, 711, 427, 266, 210, 201]
[997, 807, 547, 371, 221, 187, 183, 182, 181]
[997, 815, 601, 401, 250, 185, 176, 174]
[997, 779, 529, 340, 212, 172, 159, 158, 157]
[997, 663, 337, 189, 184, 181]
[997, 771, 525, 360, 230, 191, 187]
[997, 622, 312, 179, 177]
[997, 619, 370, 219, 199]
[997, 587, 308, 184, 182]
[997, 612, 340, 206, 185, 180]
[997, 840, 712, 651, 639]
[997, 688, 413, 244, 190, 189]
[997, 700, 425, 259, 197, 187]
[997, 596, 306, 195, 190]
[997, 692, 403, 246, 192, 188]
[997, 632, 373, 215, 190, 185]
[997, 484, 238, 181, 178]
[997, 637, 353, 209, 202, 201]
[997, 559, 267, 162, 161]
[997, 800, 535, 335, 206, 179, 176]
[997, 618, 300, 193, 187, 185]
[997, 724, 440, 263, 199, 189, 186, 185]
[997, 523, 277, 189, 187, 186]
[997, 557, 283, 146]
[997, 663, 368, 202, 184, 183, 178]
[997, 694, 429, 261, 189, 183]
[997, 670, 398, 234, 209, 205]
[997, 470, 202]
[997, 699, 426, 248, 208, 199, 198]
[997, 645, 356, 210, 206]
[997, 756, 486, 314, 223, 212]
[997, 562, 273, 204, 200]
[997, 668, 392, 219, 185, 179]
[997, 513, 234, 174, 173]
[997, 636, 359, 219, 181, 176, 175]
[997, 653, 362, 195, 183]
[997, 657, 367, 212, 193]
[997, 689, 409, 246, 216]
[997, 435, 235, 189, 188]
[997, 819, 556, 370, 222, 170, 153, 149]
[997, 443, 200, 177]
[997, 618, 316, 190, 168]
[997, 746, 473, 290, 210, 201]
[997, 721, 453, 277, 194, 185]
[997, 674, 412, 231, 201, 197]
[997, 453, 200, 186]
[997, 570, 295, 192, 190]
[997, 736, 462, 317, 223, 219, 218]
[997, 478, 209, 165, 164]
[997, 629, 380, 213, 198, 197, 196]
[997, 738, 441, 258, 206, 203, 202]
[997, 639, 340, 188, 182]
[997, 724, 416, 246, 187, 184]
[997, 734, 465, 271, 207, 203, 202]
[997, 603, 327, 205, 186, 184]
[997, 793, 562, 379, 249, 204, 195, 194]
[997, 495, 226, 198, 197]
[997, 630, 301, 180, 176]
[997, 526, 263, 181, 180]
[997, 703, 426, 241, 194, 192]
[997, 585, 313, 172, 171]
[997, 673, 382, 212, 188]
[997, 688, 410, 235, 167, 162]
[997, 615, 350, 186, 176]
[997, 497, 234, 198]
[997, 632, 320, 211, 210]
[997, 450, 190]
[997, 561, 281, 187, 186]
[997, 579, 307, 196, 190]
[997, 688, 421, 232, 201, 199]
[997, 684, 374, 236, 203, 202]
[997, 639, 341, 207, 186, 183, 182]
[997, 657, 377, 221, 204]
[997, 582, 323, 185, 183]
[997, 560, 272, 194, 190, 188]
[997, 642, 336, 211, 198, 196]
[997, 616, 365, 209, 193]
[997, 572, 301, 195, 194]
[997, 701, 446, 261, 187, 185]
[997, 837, 655, 467, 295, 220, 189, 182]
[997, 623, 356, 224, 170, 165, 164, 159]
[997, 727, 461, 275, 217, 199, 196]
[997, 670, 394, 211, 189]
[997, 642, 332, 176, 172]
[997, 539, 273, 217, 211]
[997, 783, 531, 334, 197, 181, 178]
[997, 676, 393, 229, 200]
[997, 751, 452, 281, 210, 204]
[997, 663, 385, 213, 172]
[997, 703, 424, 234, 181, 178]
[997, 450, 194, 182]
[997, 723, 480, 279, 198, 186]
[997, 696, 437, 217, 198]
[997, 665, 370, 204, 199]
[997, 698, 402, 221, 192]
[997, 675, 356, 200, 185, 183]
[997, 783, 519, 336, 186, 159, 149, 144, 142, 138]
[997, 424, 188, 185]
[997, 400, 204, 194]
[997, 703, 414, 214, 171]
[997, 549, 306, 194, 193]
[997, 655, 337, 189, 178]
[997, 543, 263, 187, 185]
[997, 732, 450, 288, 224, 210, 208]
[997, 575, 284, 206, 203]
[997, 444, 183, 171]
[997, 770, 489, 314, 193, 182, 180, 179]
[997, 745, 494, 286, 192, 179, 178]
[997, 802, 588, 426, 262, 179, 163, 162]
[997, 732, 474, 292, 210, 198]
[997, 707, 416, 251, 217, 212]
[997, 624, 343, 196, 184, 183]
[997, 870, 831, 829]
[997, 659, 347, 230, 202, 192, 189]
[997, 647, 355, 223, 206]
[997, 633, 368, 199, 179, 177]
[997, 684, 424, 260, 206, 202]
[997, 769, 492, 285, 192, 177]
[997, 618, 357, 217, 199, 196, 192, 191, 190, 188]
[997, 778, 504, 308, 203, 185, 178, 176]
[997, 550, 258, 182]
[997, 700, 402, 242, 196, 187]
[997, 811, 621, 447, 273, 216, 176, 164]
[997, 582, 281, 192, 189]
[997, 841, 708, 635, 613, 609]
[997, 749, 493, 298, 201, 194, 193]
[997, 581, 308, 183]
[997, 560, 281, 167]
[997, 559, 273, 203, 202]
[997, 615, 311, 179]
[997, 670, 418, 250, 195, 190]
[997, 827, 653, 506, 380, 272, 190, 161, 148, 146]
[997, 592, 278, 174, 173]
[997, 504, 246, 164, 159]
[997, 750, 493, 307, 213, 180, 173]
[997, 667, 403, 228, 193, 189]
[997, 711, 401, 218, 210, 208]
[997, 541, 287, 172, 170]
[997, 447, 213, 200, 199]
[997, 764, 500, 336, 202, 185, 182]
[997, 723, 450, 264, 186, 179]
[997, 642, 328, 198, 197]
[997, 544, 231, 184, 177]
[997, 621, 321, 183]
[997, 727, 451, 275, 183, 178, 176]
[997, 623, 303, 187, 185]
[997, 566, 299, 182, 179]
[997, 474, 198, 175]
[997, 747, 507, 325, 211, 174, 168]
[997, 539, 271, 203, 198]
[997, 754, 496, 295, 202, 191, 189]
[997, 578, 312, 185, 181, 180]
[997, 719, 437, 252, 195, 188]
[997, 763, 480, 284, 217, 201, 199, 198]
[997, 506, 220, 170, 167]
[997, 739, 472, 260, 174, 169, 167]
[997, 784, 497, 310, 205, 185, 181]
[997, 579, 305, 175]
[997, 557, 306, 179]
[997, 660, 396, 225, 210, 209]
[997, 513, 231, 178, 169]
[997, 836, 692, 604, 583, 576, 575]
[997, 775, 522, 334, 222, 202, 199]
[997, 640, 355, 213, 190]
[997, 569, 325, 219, 199]
[997, 701, 414, 260, 198, 191]
[997, 602, 311, 206, 194, 192]
[997, 603, 325, 207, 195]
[997, 531, 243, 204, 200]
[997, 669, 386, 204, 190, 189]
[997, 736, 444, 267, 187]
[997, 444, 199, 189]
[997, 578, 319, 182, 171]
[997, 676, 401, 230, 198, 196]
[997, 669, 412, 261, 205, 201, 200]
[997, 753, 490, 329, 231, 209, 206]
[997, 591, 315, 192, 184]
[997, 763, 494, 315, 211, 165, 164]
[997, 836, 697, 649, 644, 640]
[997, 692, 428, 236, 201, 199]
[997, 619, 351, 212, 204]
[997, 636, 346, 198, 179]
[997, 721, 474, 280, 183, 163, 162]
[997, 750, 489, 332, 233, 204, 198]
[997, 595, 279, 196, 190]
[997, 626, 352, 230, 222]
[997, 738, 482, 309, 206, 196]
[997, 613, 353, 190]
[997, 645, 325, 189, 179]
[997, 764, 506, 318, 221, 201, 192, 190]
[997, 786, 521, 355, 216, 168, 162, 160, 158]
[997, 626, 353, 192, 186]
[997, 781, 484, 328, 214, 191, 180]
[997, 545, 272, 199, 197]
[997, 864, 829, 819]
[997, 497, 256, 197, 192, 191]
[997, 663, 369, 224, 196, 195]
[997, 661, 341, 196, 189, 186, 185]
[997, 496, 255, 188]
[997, 527, 263, 206]
[997, 762, 516, 336, 229, 184, 162, 155, 153]
[997, 614, 314, 208, 202, 201]
[997, 586, 330, 195, 184, 183]
[997, 770, 487, 282, 214, 201, 199]
[997, 615, 309, 192, 184, 183]
[997, 510, 237, 155, 152, 149]
[997, 614, 321, 201, 196]
[997, 632, 343, 215, 200, 199]
[997, 742, 482, 300, 185, 172, 162]
[997, 800, 562, 378, 241, 176, 169]
[997, 584, 326, 184, 180]
[997, 620, 334, 214, 191]
[997, 567, 278, 195, 186]
[997, 721, 460, 302, 233, 220, 219]
[997, 785, 539, 382, 249, 193, 176, 172]
[997, 609, 295, 190]
[997, 671, 330, 222, 207, 205]
[997, 511, 252, 213, 208]
[997, 788, 557, 369, 226, 190, 183]
[997, 773, 527, 333, 212, 184, 177]
[997, 716, 437, 271, 197, 181, 178, 172, 171]
[997, 644, 358, 212, 203, 201, 197]
[997, 722, 422, 279, 219, 207]
[997, 701, 418, 214, 173, 170]
[997, 778, 478, 279, 162, 154]
[997, 572, 285, 183]
[997, 662, 397, 215, 195]
[997, 628, 342, 205, 192]
[997, 605, 323, 200, 196]
[997, 624, 316, 181, 176]
[997, 405, 176, 167]
[997, 716, 462, 256, 199, 186, 185]
[997, 776, 502, 317, 212, 191, 188, 187]
[997, 520, 259, 185]
[997, 806, 534, 374, 212, 170, 161]
[997, 587, 316, 178, 177]
[997, 392, 156, 155]
[997, 689, 400, 205, 187, 186]
[997, 683, 387, 228, 191, 181]
[997, 512, 227, 193, 192]
[997, 454, 198, 173]
[997, 418, 165]
[997, 722, 425, 251, 198, 195]
[997, 660, 360, 202, 177]
[997, 571, 300, 200, 199]
[997, 713, 479, 283, 189, 185]
[997, 598, 311, 194, 186]
[997, 666, 358, 220, 202]
[997, 740, 476, 271, 196, 185, 184]
[997, 692, 431, 255, 195, 191]
[997, 508, 240, 191, 186, 185]
[997, 558, 258, 191, 185]
[997, 580, 299, 242, 231]
[997, 548, 271, 205, 204]
[997, 578, 312, 195, 184, 182]
[997, 615, 337, 206, 197]
[997, 729, 397, 239, 198, 196, 195]
[997, 539, 262, 164, 163]
[997, 622, 281, 172, 169]
[997, 561, 305, 191, 185]
[997, 683, 416, 192, 173, 172]
[997, 864, 819, 817]
[997, 614, 304, 190, 188]
[997, 619, 320, 196, 191, 188, 184]
[997, 557, 254, 201]
[997, 703, 456, 296, 232, 220]
[997, 734, 455, 255, 198, 188, 185]
[997, 718, 465, 261, 192, 187]
[997, 710, 431, 193, 183]
[997, 566, 279, 187, 183]
[997, 721, 405, 258, 205, 201]
[997, 443, 211, 179, 178]
[997, 623, 344, 202, 183, 182]
[997, 723, 449, 302, 241, 223, 222]
[997, 619, 330, 206, 198]
[997, 585, 297, 189]
[997, 760, 487, 307, 206, 184, 179]
[997, 402, 192, 185]
[997, 713, 444, 239, 197, 182]
[997, 608, 334, 210, 202]
[997, 602, 322, 204, 197]
[997, 645, 364, 194, 152]
[997, 661, 374, 205, 195, 192]
[997, 520, 228, 176, 171]
[997, 632, 376, 241, 210, 206]
[997, 516, 239, 178, 174]
[997, 733, 484, 306, 229, 211, 206]
[997, 610, 331, 201, 192, 191]
[997, 669, 386, 218, 203]
[997, 701, 420, 258, 196, 184, 181, 180]
[997, 484, 211, 189]
[997, 680, 372, 211, 198]
[997, 534, 244, 161]
[997, 671, 353, 210, 184, 182, 180]
[997, 587, 339, 213, 190]
[997, 525, 233, 183, 179]
[997, 628, 338, 183, 176]
[997, 623, 316, 212, 204]
[997, 620, 346, 209, 191, 187, 186]
[997, 632, 338, 203, 183, 182]
[997, 640, 331, 218, 216, 215]
[997, 765, 515, 321, 224, 192, 188, 187]
[997, 643, 309, 195, 194]
[997, 436, 198, 187]
[997, 678, 365, 206, 184, 182]
[997, 619, 337, 193, 189]
[997, 547, 259, 187, 184]
[997, 848, 780, 770, 768]
[997, 633, 348, 214, 199, 197]
[997, 630, 308, 182, 180]
[997, 483, 217, 196, 193]
[997, 758, 494, 287, 199, 172]
[997, 820, 638, 479, 306, 219, 185, 178]
[997, 622, 324, 187, 179, 178]
[997, 837, 686, 570, 472, 428, 415, 411]
[997, 708, 429, 243, 189, 184, 183]
[997, 723, 461, 310, 222, 198, 197]
[997, 613, 317, 189, 180]
[997, 659, 347, 187, 181]
[997, 517, 254, 179, 178]
[997, 695, 435, 275, 207, 198]
[997, 754, 484, 297, 207, 201, 200]
[997, 753, 496, 333, 241, 204, 197]
[997, 743, 439, 261, 228, 226]
[997, 768, 493, 300, 191, 174]
[997, 720, 428, 259, 207, 199, 194]
[997, 486, 209, 193]
[997, 759, 523, 330, 223, 200, 196]
[997, 549, 271, 186, 181, 180]
[997, 624, 290, 179]
[997, 735, 445, 268, 188, 180, 178]
[997, 726, 462, 267, 218, 207]
[997, 644, 369, 234, 181]
[997, 732, 485, 305, 235, 223]
[997, 532, 288, 188, 185]
[997, 662, 405, 216, 178, 173, 172]
[997, 807, 607, 452, 299, 227, 198, 190]
[997, 691, 421, 230, 196, 195]
[997, 708, 440, 281, 203, 192, 188]
[997, 650, 340, 189, 182]
[997, 731, 434, 260, 201, 191]
[997, 640, 386, 209, 193, 192]
[997, 745, 477, 292, 196, 186, 182]
[997, 504, 270, 167]
[997, 676, 380, 197, 172]
[997, 440, 193, 166]
[997, 595, 321, 190]
[997, 552, 312, 187]
[997, 642, 337, 216, 189, 183, 181]
[997, 516, 251, 203, 201, 198, 195]
[997, 537, 278, 179, 176]
[997, 793, 522, 356, 210, 165, 160]
[997, 713, 432, 206, 175]
[997, 610, 309, 178]
[997, 767, 503, 302, 200, 184, 183]
[997, 519, 262, 200, 199]
[997, 552, 279, 203, 201]
[997, 732, 478, 286, 189, 185]
[997, 788, 523, 349, 212, 163, 159, 158]
[997, 821, 615, 427, 291, 234, 220, 218]
[997, 657, 365, 187, 175, 173, 172]
[997, 552, 266, 176, 172]
[997, 672, 394, 226, 177, 173]
[997, 465, 212, 181]
[997, 566, 284, 187, 185]
[997, 770, 476, 303, 201, 186]
[997, 543, 273, 173]
[997, 749, 468, 301, 214, 195]
[997, 726, 448, 253, 196, 195]
[997, 627, 375, 229, 201, 200]
[997, 649, 369, 207, 189, 187]
[997, 694, 404, 227, 209]
[997, 674, 404, 231, 193, 189]
[997, 583, 283, 183, 180]
[997, 532, 281, 187]
[997, 743, 484, 304, 213, 193, 192]
[997, 605, 298, 198, 189, 186, 185, 184, 181]
[997, 606, 308, 177]
[997, 462, 204, 198]
[997, 709, 410, 240, 177, 170, 168]
[997, 574, 271, 203, 199]
[997, 639, 397, 203, 183, 181, 180, 178]
[997, 768, 509, 358, 229, 178, 169, 168]
[997, 516, 241, 188, 187]
[997, 654, 398, 199, 186]
[997, 590, 285, 168, 167]
[997, 690, 418, 272, 199, 195, 193]
[997, 657, 368, 269, 219, 216]
[997, 430, 199, 187]
[997, 733, 469, 292, 212, 196, 194]
[997, 676, 402, 228, 184, 179]
[997, 672, 393, 242, 194, 190, 189]
[997, 550, 279, 202, 199]
[997, 506, 245, 176]
[997, 659, 352, 209, 197]
[997, 684, 402, 227, 201]
[997, 720, 450, 251, 194, 193]
[997, 644, 362, 231, 199, 197]
[997, 760, 507, 317, 225, 199, 195]
[997, 850, 773, 764]
[997, 715, 461, 288, 222, 209, 206]
[997, 555, 274, 178]
[997, 707, 450, 272, 200, 198]
[997, 795, 539, 371, 244, 194, 186, 185]
[997, 601, 312, 201, 190]
[997, 613, 337, 197]
[997, 721, 476, 290, 218, 197, 192, 191]
[997, 757, 495, 283, 204, 185, 179, 178]
[997, 674, 419, 260, 212, 204]
[997, 673, 322, 202, 191]
[997, 708, 396, 224, 199, 198]
[997, 794, 515, 307, 217, 181, 177]
[997, 618, 323, 208, 200]
[997, 721, 445, 264, 197, 185, 183]
[997, 500, 205, 194, 193]
[997, 528, 258, 191, 185]
[997, 763, 486, 290, 194, 184, 183]
[997, 672, 351, 215, 200, 198]
[997, 647, 328, 187, 177, 176]
[997, 624, 357, 188, 181]
[997, 671, 377, 235, 201, 193]
[997, 636, 358, 218, 207]
[997, 686, 408, 246, 193, 190]
[997, 586, 326, 204, 196]
[997, 791, 520, 358, 213, 177, 172]
[997, 578, 323, 168]
[997, 768, 504, 317, 205, 187, 184]
[997, 529, 262, 182, 181]
[997, 757, 486, 306, 210, 182, 177]
[997, 481, 224, 193]
[997, 860, 794, 780]
[997, 594, 298, 206, 200]
[997, 755, 492, 302, 195, 179]
[997, 459, 211, 171, 168]
[997, 570, 275, 207, 201]
[997, 514, 255, 204, 202]
[997, 860, 803, 799, 797]
[997, 735, 473, 264, 206, 194]
[997, 826, 677, 570, 521, 504]
[997, 593, 329, 177]
[997, 705, 436, 263, 201, 184]
[997, 720, 478, 273, 206, 192, 191]
[997, 589, 293, 191, 186]
[997, 778, 526, 351, 231, 182, 165]
[997, 659, 356, 194, 184, 183]
[997, 486, 271, 209, 208]
[997, 761, 507, 321, 212, 190, 188]
[997, 531, 272, 181]
[997, 712, 450, 275, 201, 192, 189]
[997, 632, 336, 203, 198]
[997, 708, 447, 273, 208, 203, 202]
[997, 661, 362, 212, 189, 188]
[997, 771, 476, 289, 188, 178]
[997, 626, 355, 225, 194, 193]
[997, 498, 241, 190, 188]
[997, 519, 232, 188, 187]
[997, 678, 397, 240, 212]
[997, 658, 353, 189, 187]
[997, 644, 355, 204, 200]
[997, 616, 299, 186, 185]
[997, 784, 485, 291, 195, 187, 186]
[997, 802, 544, 354, 232, 188, 179]
[997, 709, 425, 250, 194, 187]
[997, 615, 346, 186, 173]
[997, 780, 509, 356, 221, 173, 163, 158, 156]
[997, 522, 207, 192]
[997, 623, 336, 214, 191]
[997, 456, 189, 174]
[997, 502, 242, 166, 162]
[997, 793, 508, 349, 224, 186, 180, 179]
[997, 763, 494, 323, 176, 154, 147, 146]
[997, 622, 306, 186, 179]
[997, 648, 368, 221, 206]
[997, 736, 433, 237, 181, 174]
[997, 659, 324, 204, 195, 192]
[997, 723, 451, 268, 181, 180]
[997, 528, 270, 197, 194]
[997, 810, 525, 329, 211, 172, 168]
[997, 616, 337, 219, 197, 193, 192]
[997, 652, 362, 214, 194, 192]
[997, 689, 377, 234, 190, 183]
[997, 688, 398, 237, 190, 185, 184]
[997, 628, 310, 171]
[997, 691, 405, 257, 185, 182]
[997, 505, 226, 189, 187]
[997, 667, 390, 209, 180, 169]
[997, 576, 278, 188, 187]
[997, 764, 521, 336, 240, 204, 194]
[997, 585, 281, 164, 160]
[997, 783, 488, 288, 176, 162]
[997, 589, 300, 200, 194, 192]
[997, 612, 326, 195, 178, 177]
[997, 524, 271, 176, 175]
[997, 813, 573, 407, 254, 199, 183, 176, 175]
[997, 669, 415, 257, 202, 199, 198]
[997, 665, 383, 192, 188]
[997, 780, 521, 354, 218, 172, 171]
[997, 708, 438, 226, 181, 168]
[997, 829, 639, 479, 336, 232, 198, 172, 167]
[997, 638, 331, 183, 180]
[997, 745, 467, 271, 220, 200, 198]
[997, 696, 436, 259, 210, 199, 198]
[997, 624, 359, 206, 192]
[997, 751, 504, 322, 210, 177, 169, 167, 165, 164]
[997, 755, 484, 291, 200, 188, 187, 186]
[997, 729, 464, 271, 194, 186]
[997, 774, 502, 330, 215, 207, 206]
[997, 628, 307, 185, 184]
[997, 680, 371, 217, 200]
[997, 502, 221, 201]
[997, 696, 429, 265, 195, 191]
[997, 774, 496, 316, 212, 168, 164, 163]
[997, 666, 359, 200, 188]
[997, 678, 415, 234, 188, 186]
[997, 648, 378, 234, 197, 194]
[997, 701, 383, 225, 187, 186]
[997, 610, 343, 205, 187]
[997, 561, 261, 186]
[997, 678, 371, 216, 184, 182]
[997, 650, 363, 209, 192, 189]
[997, 456, 190]
[997, 746, 478, 268, 169, 153]
[997, 754, 487, 311, 208, 196, 192]
[997, 646, 348, 182, 179, 175]
[997, 738, 485, 265, 174, 167, 161, 160]
[997, 625, 358, 205, 180, 175]
[997, 443, 218, 193]
[997, 705, 400, 217, 165, 162]
[997, 689, 449, 290, 217, 213]
[997, 814, 589, 424, 262, 193, 173, 172]
[997, 614, 345, 213, 198, 195]
[997, 595, 292, 183]
[997, 532, 266, 151]
[997, 751, 497, 316, 222, 193, 188]
[997, 741, 467, 266, 196, 183]
[997, 661, 346, 219, 188, 184]
[997, 546, 286, 197]
[997, 668, 372, 206, 175]
[997, 752, 485, 305, 212, 193, 192]
[997, 713, 450, 239, 176, 172]
[997, 740, 448, 270, 196, 186, 185]
[997, 834, 652, 495, 340, 249, 202, 173, 165, 163]
[997, 744, 507, 329, 207, 174, 169]
[997, 690, 423, 208, 163]
[997, 575, 286, 201, 197]
[997, 474, 203, 175, 173]
[997, 731, 473, 304, 227, 195, 189]
[997, 734, 462, 263, 177, 172]
[997, 719, 447, 257, 194, 186, 185]
[997, 647, 362, 187, 175]
[997, 704, 430, 237, 180, 176]
[997, 666, 402, 247, 211, 209]
[997, 607, 292, 187, 186]
[997, 742, 500, 329, 250, 220, 216]
[997, 463, 210, 185]
[997, 706, 433, 248, 202, 193, 192]
[997, 714, 479, 303, 194, 185, 182]
[997, 723, 456, 284, 201, 187, 184, 182]
[997, 751, 475, 297, 213, 198, 196]
[997, 777, 514, 342, 208, 179, 172, 168, 166]
[997, 709, 463, 299, 223, 210]
[997, 512, 264, 176]
[997, 578, 328, 167, 161, 159]
[997, 689, 396, 225, 170, 167]
[997, 862, 792, 784, 782]
[997, 674, 367, 188, 176]
[997, 644, 391, 194, 192]
[997, 810, 616, 434, 282, 214, 191, 188]
[997, 900, 892]
[997, 688, 427, 230, 183, 180]
[997, 584, 296, 200, 193, 192]
[997, 379, 170, 166]
[997, 466, 245, 220]
[997, 424, 194, 183]
[997, 767, 500, 324, 219, 181, 174]
[997, 672, 356, 203, 195]
[997, 724, 455, 250, 187, 181]
[997, 844, 737, 707, 705, 704]
[997, 638, 319, 191, 175, 170]
[997, 539, 256, 184]
[997, 634, 364, 218, 205, 200]
[997, 609, 311, 201, 195]
[997, 822, 639, 488, 316, 220, 150, 143]
[997, 753, 479, 295, 184, 173]
[997, 858, 788, 785, 784]
[997, 721, 429, 259, 199, 190, 186]
[997, 595, 296, 192, 187]
[997, 563, 294, 170]
[997, 810, 611, 435, 254, 189, 172, 164, 163]
[997, 892, 869, 866]
[997, 842, 732, 696, 688, 686]
[997, 777, 514, 340, 196, 186, 175, 174]
[997, 761, 495, 321, 216, 193]
[997, 688, 406, 238, 195, 188]
[997, 410, 184, 183]
[997, 747, 446, 260, 199, 196]
[997, 652, 357, 183, 179]
[997, 599, 315, 189, 188]
[997, 809, 608, 430, 280, 188, 147, 135, 132]
[997, 669, 404, 228, 187, 183]
[997, 557, 263, 174, 172]
[997, 609, 326, 197, 187]
[997, 557, 295, 201, 194]
[997, 666, 358, 177, 167, 160]
[997, 717, 443, 270, 202, 196]
[997, 747, 469, 268, 183, 165]
[997, 573, 300, 188]
[997, 647, 363, 220, 203, 201]
[997, 796, 558, 378, 243, 173, 164]
[997, 554, 257, 160]
[997, 799, 570, 394, 277, 186, 168, 162, 160]
[997, 702, 401, 224, 182, 177, 176]
[997, 506, 222, 173, 169]
[997, 692, 408, 249, 186, 176, 174, 172, 171]
[997, 462, 207, 192]
[997, 543, 296, 183, 173]
[997, 568, 275, 187]
[997, 707, 438, 238, 193, 185]
[997, 814, 548, 374, 243, 190, 179, 172, 171]
[997, 545, 256, 204, 199]
[997, 713, 471, 284, 178, 168, 166]
[997, 651, 343, 225, 201]
[997, 644, 331, 173, 160]
[997, 631, 367, 210, 184]
[997, 646, 344, 201, 172, 166, 164]
[997, 654, 377, 210, 187, 185]
[997, 563, 222, 183, 181]
[997, 624, 328, 183, 177]
[997, 754, 510, 329, 224, 210, 205, 204, 203, 197, 196]
[997, 776, 521, 322, 210, 191, 188, 187]
[997, 621, 330, 195, 180, 177]
[997, 673, 411, 239, 206, 201]
[997, 616, 328, 205, 194, 190]
[997, 775, 505, 317, 203, 185, 181, 179, 178]
[997, 595, 313, 190, 189]
[997, 500, 235, 185, 183]
[997, 584, 325, 199]
[997, 678, 404, 237, 199, 193, 189, 187]
[997, 508, 252, 189, 185]
[997, 518, 221, 181]
[997, 707, 437, 261, 213, 204]
[997, 509, 246, 191, 190]
[997, 714, 445, 270, 198, 180]
[997, 641, 363, 206, 179]
[997, 524, 270, 182, 181]
[997, 505, 255, 189, 184]
[997, 762, 492, 298, 192, 178, 176]
[997, 640, 332, 186, 185]
[997, 566, 295, 192, 181]
[997, 694, 419, 256, 199, 195]
[997, 484, 225, 196]
[997, 691, 446, 276, 216, 211]
[997, 546, 261, 185, 183]
[997, 648, 346, 214, 204]
[997, 575, 307, 202, 196, 195]
[997, 571, 294, 190]
[997, 685, 416, 235, 191, 182, 179, 178]
[997, 787, 497, 336, 225, 181, 170, 166, 164]
[997, 771, 489, 314, 201, 178, 175, 173]
[997, 470, 249, 164, 162]
[997, 689, 384, 225, 186, 181]
[997, 589, 301, 174]
[997, 612, 321, 186, 184]
[997, 656, 359, 194, 177]
[997, 649, 357, 197, 192, 188]
[997, 530, 253, 184, 183]
[997, 751, 480, 313, 213, 181]
[997, 573, 291, 168]
[997, 731, 469, 307, 178, 170]
[997, 778, 495, 344, 205, 176, 165, 164]
[997, 634, 362, 214, 182, 181]
