[997, 334, 283, 280]
[997, 286, 285]
[997, 262, 260]
[997, 296, 285]
[997, 370, 283, 271]
[997, 352, 271, 262]
[997, 370, 293, 275]
[997, 312, 262, 249]
[997, 293, 290]
[997, 328, 287]
[997, 303, 296]
[997, 313]
[997, 328, 298, 297]
[997, 286, 261]
[997, 351, 269, 258]
[997, 272, 266]
[997, 271]
[997, 304, 303]
[997, 305, 301]
[997, 287, 260]
[997, 454, 282, 275]
[997, 274, 270]
[997, 386, 277, 261]
[997, 364, 289, 279]
[997, 291, 290]
[997, 290, 262, 261]
[997, 288, 276]
[997, 379, 311, 300]
[997, 336, 275, 260]
[997, 554, 331, 307, 305]
[997, 460, 263, 259]
[997, 286, 251]
[997, 361, 290, 281]
[997, 302, 269]
[997, 505, 292, 284]
[997, 553, 287, 268, 266]
[997, 371, 283, 274]
[997, 279]
[997, 261]
[997, 330, 277, 257]
[997, 352, 278, 264]
[997, 371, 320]
[997, 267]
[997, 306, 292, 290]
[997, 263, 262]
[997, 472, 276, 272]
[997, 267]
[997, 269]
[997, 296]
[997, 389, 268, 262]
[997, 357, 265, 246]
[997, 323, 270, 262]
[997, 387, 237, 233]
[997, 384, 285, 276]
[997, 402, 240, 236]
[997, 321, 299]
[997, 293, 288]
[997, 310, 278]
[997, 318, 247, 239]
[997, 275, 250]
[997, 474, 302, 295]
[997, 321, 282]
[997, 265, 259]
[997, 448, 273, 260, 258]
[997, 322, 295]
[997, 314, 287]
[997, 390, 264, 259]
[997, 341, 286, 264]
[997, 400, 296, 287]
[997, 370, 271, 252]
[997, 334, 324]
[997, 368, 271, 256]
[997, 311, 290]
[997, 347, 250, 238]
[997, 362, 266, 248]
[997, 366, 277, 261]
[997, 469, 313, 293]
[997, 384, 298, 277]
[997, 270, 262]
[997, 348, 252, 248]
[997, 448, 306, 300]
[997, 280, 249]
[997, 446, 242, 241]
[997, 292, 289]
[997, 302, 299]
[997, 264, 263]
[997, 319, 281]
[997, 341, 248, 236]
[997, 498, 286, 283]
[997, 384, 267, 258]
[997, 265, 264]
[997, 324, 236, 222]
[997, 328, 272, 253]
[997, 332, 277, 265]
[997, 443, 299, 287]
[997, 349, 300]
[997, 274, 273]
[997, 352, 307]
[997, 248, 236]
[997, 404, 267, 255]
[997, 368, 282, 260]
[997, 362, 264, 259]
[997, 317, 262, 242]
[997, 330, 270, 249]
[997, 414, 259, 251]
[997, 298, 291]
[997, 352, 265, 255]
[997, 292, 275]
[997, 298, 257, 255]
[997, 308]
[997, 351, 277, 267]
[997, 341, 256, 244]
[997, 314, 287]
[997, 289, 259]
[997, 280]
[997, 396, 289, 271]
[997, 666, 342, 280, 271, 269]
[997, 280]
[997, 421, 308, 297]
[997, 275]
[997, 381, 297, 273]
[997, 397, 301, 288]
[997, 326, 315]
[997, 271, 261]
[997, 376, 275, 268]
[997, 281, 253]
[997, 406, 319, 296]
[997, 432, 235, 229]
[997, 278]
[997, 265, 245]
[997, 378, 297, 277]
[997, 289, 287]
[997, 345, 276, 255]
[997, 246]
[997, 321, 264, 249]
[997, 312, 270]
[997, 331, 307]
[997, 383, 310, 293]
[997, 264, 260]
[997, 483, 265]
[997, 334, 303]
[997, 270, 269]
[997, 415, 280, 277]
[997, 363, 245, 235]
[997, 291, 285]
[997, 383, 251, 243]
[997, 261]
[997, 292, 279, 278]
[997, 298, 228, 224]
[997, 333, 286]
[997, 362, 281, 267]
[997, 369, 268, 258]
[997, 319, 302]
[997, 438, 276, 265]
[997, 337, 306]
[997, 299, 294]
[997, 287, 246]
[997, 273, 267]
[997, 277, 270]
[997, 441, 307, 290, 287]
[997, 299, 293]
[997, 423, 266, 264]
[997, 279, 278]
[997, 370, 268, 247]
[997, 403, 271, 261]
[997, 382, 292, 273]
[997, 323, 306]
[997, 283, 277]
[997, 419, 251, 247]
[997, 297, 289]
[997, 318, 284]
[997, 257]
[997, 289, 281]
[997, 308, 277]
[997, 287, 269]
[997, 389, 281, 267]
[997, 319, 285]
[997, 545, 280, 265]
[997, 321, 314]
[997, 341, 291]
[997, 332, 267, 245]
[997, 274, 268]
[997, 294, 281]
[997, 337, 266, 251]
[997, 348, 305]
[997, 267, 265]
[997, 349, 255, 240]
[997, 343, 300]
[997, 354, 289, 268]
[997, 331, 315]
[997, 276, 274]
[997, 453, 291, 287]
[997, 320, 275]
[997, 273, 271]
[997, 287, 265]
[997, 318, 279]
[997, 263, 259]
[997, 460, 288, 279]
[997, 281]
[997, 552, 281, 269, 268]
[997, 367, 315]
[997, 347, 279, 270]
[997, 304, 303]
[997, 494, 261, 256]
[997, 276, 262]
[997, 633, 349, 312, 299, 296]
[997, 259, 229]
[997, 280, 278]
[997, 447, 280, 269]
[997, 428, 270, 260]
[997, 335, 323]
[997, 308, 306]
[997, 281]
[997, 291, 281]
[997, 296, 280]
[997, 364, 254, 246]
[997, 299, 296]
[997, 351, 245, 232]
[997, 288]
[997, 403, 283, 275]
[997, 335, 258, 248]
[997, 323, 283]
[997, 278]
[997, 260, 253]
[997, 377, 283, 264]
[997, 322, 267, 251]
[997, 318, 270]
[997, 588, 341, 290, 288]
[997, 322, 310]
[997, 333, 280, 269]
[997, 277]
[997, 482, 314, 297]
[997, 452, 325, 305, 303]
[997, 357, 303, 302]
[997, 360, 323]
[997, 357, 262, 247]
[997, 333, 266, 246]
[997, 398, 288, 276]
[997, 333, 264, 242]
[997, 274, 254]
[997, 404, 276, 260]
[997, 439, 271, 263]
[997, 242]
[997, 429, 289, 278]
[997, 544, 269, 258, 254]
[997, 342, 278, 261]
[997, 289, 272]
[997, 283]
[997, 305, 297]
[997, 485, 272, 268]
[997, 379, 279, 269]
[997, 302, 294]
[997, 329, 289]
[997, 358, 253, 244]
[997, 366, 262, 253]
[997, 348, 272, 249]
[997, 298, 285]
[997, 532, 294, 290]
[997, 284, 277]
[997, 299]
[997, 278, 271]
[997, 361, 281, 261]
[997, 400, 269, 261]
[997, 266, 264]
[997, 360, 330]
[997, 326, 291]
[997, 346, 263, 253]
[997, 298, 252, 225]
[997, 328, 259, 247]
[997, 286, 273, 270]
[997, 281, 279]
[997, 284]
[997, 297, 290]
[997, 446, 284, 280]
[997, 336, 280, 265]
[997, 283, 271]
[997, 354, 317]
[997, 323, 267, 247]
[997, 269, 267]
[997, 346, 269, 253]
[997, 467, 264, 260]
[997, 273, 264]
[997, 272, 271]
[997, 331, 304]
[997, 275, 273]
[997, 463, 261, 258]
[997, 294, 275]
[997, 414, 301, 286]
[997, 271]
[997, 397, 279, 267]
[997, 270, 266]
[997, 314, 259, 249]
[997, 436, 262, 260]
[997, 360, 318]
[997, 301, 285]
[997, 275, 271, 270]
[997, 403, 268, 255]
[997, 335, 286]
[997, 260]
[997, 243]
[997, 286, 267]
[997, 307, 263]
[997, 273, 269]
[997, 405, 266, 259]
[997, 445, 258, 257]
[997, 274, 273]
[997, 401, 269, 264]
[997, 378, 287, 272]
[997, 436, 280, 275]
[997, 366, 266, 247]
[997, 506, 292, 283]
[997, 308, 302]
[997, 303, 292]
[997, 345, 290, 270]
[997, 301, 297]
[997, 284]
[997, 469, 280, 277]
[997, 292, 267]
[997, 304, 290]
[997, 318, 284]
[997, 306, 293]
[997, 316, 282, 277]
[997, 280, 275]
[997, 278, 276]
[997, 345, 300]
[997, 366, 282, 261]
[997, 310, 291]
[997, 439, 288, 278]
[997, 432, 290, 282]
[997, 335, 290, 289]
[997, 419, 253, 244]
[997, 557, 290, 279]
[997, 371, 253, 248]
[997, 452, 289, 283, 282]
[997, 302, 274, 273]
[997, 324, 284, 283]
[997, 301, 272]
[997, 511, 269, 265]
[997, 261, 258]
[997, 334, 285, 284]
[997, 384, 305, 290]
[997, 272, 240, 237]
[997, 457, 309, 293, 292]
[997, 273]
[997, 256, 233]
[997, 392, 263, 255]
[997, 373, 266, 257]
[997, 313, 290]
[997, 273, 272]
[997, 328, 313, 310]
[997, 285]
[997, 664, 358, 306, 295, 293, 290]
[997, 531, 302, 283]
[997, 272]
[997, 275, 274]
[997, 406, 269, 264]
[997, 323, 292]
[997, 401, 280, 273]
[997, 440, 290, 278]
[997, 425, 281, 271]
[997, 322, 258, 246]
[997, 299, 293]
[997, 482, 307, 298]
[997, 279, 252]
[997, 293, 268]
[997, 275]
[997, 331, 294]
[997, 288, 252]
[997, 330, 286]
[997, 267, 263]
[997, 319, 262, 251]
[997, 316, 302]
[997, 458, 284, 276]
[997, 273]
[997, 394, 264, 249]
[997, 296, 295]
[997, 314, 298]
[997, 264]
[997, 275]
[997, 528, 303, 285, 281]
[997, 280, 242]
[997, 382, 297, 285]
[997, 289, 280]
[997, 310, 275]
[997, 424, 278, 273]
[997, 288, 287]
[997, 559, 319, 304, 297, 295]
[997, 336, 297]
[997, 276, 261]
[997, 277, 264]
[997, 287, 263]
[997, 292, 271]
[997, 311, 281, 280]
[997, 289]
[997, 266]
[997, 298, 241, 236]
[997, 423, 277, 267]
[997, 517, 275, 270]
[997, 308, 269]
[997, 495, 305, 295]
[997, 301]
[997, 358, 305]
[997, 312, 295, 294]
[997, 268]
[997, 274, 273]
[997, 371, 274, 263]
[997, 358, 333]
[997, 413, 290, 282]
[997, 306, 296]
[997, 376, 281, 267]
[997, 321, 262, 244]
[997, 390, 311, 294]
[997, 492, 313, 297]
[997, 363, 272, 261]
[997, 294, 293]
[997, 308, 296]
[997, 409, 281, 271]
[997, 648, 354, 304, 303]
[997, 313, 296]
[997, 249]
[997, 261, 260]
[997, 293, 292]
[997, 492, 286, 280]
[997, 377, 295, 283]
[997, 283, 279]
[997, 346, 264, 254]
[997, 326, 301]
[997, 301, 288]
[997, 399, 276, 265]
[997, 309, 299]
[997, 312, 272, 271]
[997, 464, 282, 278]
[997, 312, 298]
[997, 266]
[997, 282, 274]
[997, 268, 264]
[997, 340, 302]
[997, 448, 267, 261]
[997, 278, 258, 257]
[997, 255]
[997, 277, 273]
[997, 291, 283]
[997, 353, 299]
[997, 375, 333]
[997, 313, 257, 250]
[997, 301, 255]
[997, 266, 265]
[997, 328, 279]
[997, 265, 260]
[997, 362, 281, 270]
[997, 340, 289]
[997, 336, 286]
[997, 264, 263]
[997, 292, 264]
[997, 302, 282]
[997, 300, 275]
[997, 418, 272, 269]
[997, 329, 315, 314]
[997, 352, 281, 269]
[997, 366, 275, 262]
[997, 342, 273, 260]
[997, 296, 286]
[997, 446, 269, 267]
[997, 341, 271, 257]
[997, 275, 267]
[997, 275]
[997, 277]
[997, 661, 373, 293, 277]
[997, 424, 251, 244]
[997, 392, 277, 266]
[997, 295, 281, 280]
[997, 344, 269, 249]
[997, 302, 293]
[997, 314, 307, 304]
[997, 334, 303]
[997, 415, 309, 295]
[997, 352, 292, 265]
[997, 395, 259, 253]
[997, 293, 283]
[997, 268]
[997, 325, 290]
[997, 352, 259, 248]
[997, 451, 266, 260]
[997, 344, 263, 243]
[997, 340, 287, 269]
[997, 422, 271, 263]
[997, 261, 257]
[997, 432, 281, 272]
[997, 277]
[997, 303, 281, 280]
[997, 278]
[997, 356, 271, 264]
[997, 317, 282]
[997, 378, 273, 263]
[997, 424, 293, 281]
[997, 318, 283]
[997, 345, 270, 252]
[997, 287, 284]
[997, 402, 285, 278]
[997, 317, 265, 245]
[997, 319, 306]
[997, 313, 300, 297]
[997, 275, 274]
[997, 331, 286]
[997, 309, 279, 278]
[997, 263]
[997, 304, 299]
[997, 282]
[997, 403, 267, 258]
[997, 279]
[997, 274, 254]
[997, 314, 313]
[997, 292, 291]
[997, 282, 268]
[997, 274]
[997, 286, 273]
[997, 327, 255, 245]
[997, 310, 298]
[997, 296, 262]
[997, 263]
[997, 325, 300]
[997, 310, 277]
[997, 515, 284, 280]
[997, 383, 266, 255]
[997, 349, 283, 266]
[997, 307, 241, 222]
[997, 260, 244]
[997, 286, 272]
[997, 292, 254]
[997, 340, 326]
[997, 342, 289, 273]
[997, 333, 294]
[997, 278, 245]
[997, 300, 299]
[997, 316, 303, 302]
[997, 327, 303]
[997, 284, 282]
[997, 311, 301]
[997, 270]
[997, 363, 267, 252]
[997, 404, 317, 294]
[997, 336, 260, 249]
[997, 356, 271, 264]
[997, 494, 275, 263, 261]
[997, 345, 251, 247]
[997, 324, 265, 248]
[997, 297]
[997, 334, 262, 249]
[997, 623, 315, 248, 228]
[997, 280]
[997, 282, 277]
[997, 333, 261, 247]
[997, 359, 240, 238]
[997, 295, 293]
[997, 265, 263]
[997, 293, 289]
[997, 281]
[997, 355, 284, 266]
[997, 266, 262]
[997, 315, 263, 241]
[997, 273]
[997, 332, 321]
[997, 276, 258, 256]
[997, 337, 315]
[997, 329, 277, 261]
[997, 338, 306]
[997, 332, 257, 243]
[997, 401, 289, 270]
[997, 304, 303]
[997, 363, 271, 262]
[997, 466, 282, 277]
[997, 321, 237, 229]
[997, 326, 314]
[997, 403, 265, 255]
[997, 304, 287]
[997, 324, 310]
[997, 347, 288, 273]
[997, 643, 324, 281, 276]
[997, 470, 296, 285]
[997, 285]
[997, 320, 266, 243]
[997, 290, 281]
[997, 301, 282, 279]
[997, 310, 280, 279]
[997, 440, 275, 270]
[997, 326, 280, 279]
[997, 361, 266, 250]
[997, 309, 302, 300]
[997, 294, 292]
[997, 332, 324]
[997, 289, 278]
[997, 342, 291]
[997, 295, 272, 271]
[997, 252, 244]
[997, 291, 275]
[997, 309, 282]
[997, 304, 299]
[997, 356, 283, 271]
[997, 411, 268, 262]
[997, 267, 265]
[997, 309, 271]
[997, 299, 294]
[997, 275]
[997, 293, 288]
[997, 424, 290, 282]
[997, 373, 299, 288]
[997, 275]
[997, 303, 290]
[997, 298, 297]
[997, 330, 260, 238]
[997, 278, 261]
[997, 279, 274]
[997, 316, 302, 300]
[997, 354, 289, 271]
[997, 306, 279]
[997, 485, 302, 293]
[997, 486, 273, 266]
[997, 313, 266]
[997, 324, 283]
[997, 391, 263, 255]
[997, 344, 284, 269]
[997, 334, 255, 240]
[997, 363, 281, 264]
[997, 370, 256, 247]
[997, 511, 269, 264]
[997, 535, 301, 268, 266]
[997, 318, 277]
[997, 362, 279, 265]
[997, 345, 268, 262]
[997, 421, 287, 283]
[997, 363, 265, 259]
[997, 330, 291]
[997, 317, 291]
[997, 361, 259, 249]
[997, 305, 303]
[997, 256]
[997, 278, 277]
[997, 383, 253, 241]
[997, 305, 274]
[997, 528, 277, 273]
[997, 379, 274, 265]
[997, 299, 296]
[997, 463, 244, 241]
[997, 302, 294]
[997, 302, 268]
[997, 287]
[997, 359, 285, 263]
[997, 336, 275, 264]
[997, 345, 324]
[997, 503, 321, 316]
[997, 285, 266]
[997, 305, 301]
[997, 322, 313]
[997, 353, 262, 253]
[997, 273, 270]
[997, 267, 263]
[997, 273, 271]
[997, 288, 284]
[997, 339, 281, 266]
[997, 338, 294]
[997, 297, 253]
[997, 275]
[997, 427, 315, 301]
[997, 381, 304, 283]
[997, 416, 263, 256]
[997, 297, 295]
[997, 378, 266, 256]
[997, 291, 249, 248]
[997, 346, 271, 265]
[997, 372, 327]
[997, 261]
[997, 332, 277, 251]
[997, 248, 243]
[997, 320, 306]
[997, 339, 236, 226]
[997, 308, 286]
[997, 272, 271]
[997, 482, 294, 280]
[997, 266, 264]
[997, 378, 279, 274]
[997, 266, 263]
[997, 329, 301]
[997, 415, 255, 246]
[997, 267]
[997, 399, 288, 275]
[997, 295, 287]
[997, 261, 257]
[997, 285, 283]
[997, 262, 261]
[997, 273, 272]
[997, 312, 283]
[997, 338, 282, 259]
[997, 352, 307, 305]
[997, 292]
[997, 299, 287]
[997, 327, 311]
[997, 273, 266]
[997, 337, 317, 315]
[997, 405, 301, 287]
[997, 276]
[997, 357, 268, 262]
[997, 279, 276]
[997, 260]
[997, 272]
[997, 272, 265]
[997, 419, 286, 273]
[997, 323, 257, 240]
[997, 267, 242]
[997, 315, 280]
[997, 341, 281, 268]
[997, 351, 312]
[997, 329, 298]
[997, 339, 282, 272]
[997, 421, 270, 252]
[997, 312, 293]
[997, 265, 253]
[997, 342, 261, 241]
[997, 376, 292, 263]
[997, 443, 279, 275]
[997, 349, 286, 266]
[997, 297, 288]
[997, 311, 297]
[997, 300, 237, 225]
[997, 275, 270]
[997, 324, 260, 246]
[997, 330, 326]
[997, 368, 296, 284]
[997, 292, 273]
[997, 296, 288]
[997, 273, 256]
[997, 275, 259]
[997, 292, 278]
[997, 328, 299]
[997, 366, 281, 271]
[997, 300, 272, 270]
[997, 302, 274]
[997, 328, 310, 309]
[997, 333, 287]
[997, 273]
[997, 315, 292]
[997, 293, 289]
[997, 479, 298, 291]
[997, 296, 291]
[997, 280]
[997, 411, 292, 280]
[997, 248, 246]
[997, 275, 260, 259]
[997, 269, 267]
[997, 312, 279]
[997, 291, 256]
[997, 296, 282]
[997, 320, 291]
[997, 365, 298, 277]
[997, 307, 294]
[997, 265]
[997, 274, 271]
[997, 470, 300, 283]
[997, 376, 282, 277]
[997, 271, 258]
[997, 306, 300]
[997, 356, 275, 261]
[997, 298, 277]
[997, 299, 287]
[997, 279, 278]
[997, 331, 300]
[997, 312, 308]
[997, 337, 310]
[997, 505, 299, 286]
[997, 292, 289]
[997, 327, 286]
[997, 394, 291, 276]
[997, 260, 259]
[997, 316, 294]
[997, 331, 259, 238]
[997, 285, 280]
[997, 274, 273]
[997, 331, 261, 250]
[997, 451, 301, 291]
[997, 253]
[997, 321, 256, 241]
[997, 325, 280]
[997, 380, 266, 257]
[997, 353, 307]
[997, 271, 248]
[997, 370, 279, 266]
[997, 300, 279, 278, 277]
[997, 389, 300, 281]
[997, 282, 277]
[997, 303, 248, 233]
[997, 333, 273, 251]
[997, 528, 297, 287]
[997, 318, 283]
[997, 300, 297]
[997, 287, 286]
[997, 331, 286]
[997, 402, 260, 251]
[997, 284, 262]
[997, 383, 285, 270]
[997, 264]
[997, 399, 278, 265]
[997, 414, 244, 241]
[997, 486, 283, 279]
[997, 332, 307]
[997, 320, 307, 305]
[997, 492, 298, 290]
[997, 448, 306, 289, 284]
[997, 355, 281, 259]
[997, 402, 270, 258]
[997, 377, 288, 277]
[997, 362, 266, 250]
[997, 284, 267]
[997, 267, 255]
[997, 268]
[997, 384, 286, 278]
[997, 309, 300]
[997, 312, 277]
[997, 276, 270]
[997, 309, 299]
[997, 336, 327]
[997, 286]
[997, 290]
[997, 265, 260]
[997, 438, 273, 257]
[997, 383, 288, 279]
[997, 334, 265, 252]
[997, 402, 256, 249]
[997, 344, 256, 245]
[997, 269]
[997, 324, 269, 251]
[997, 310, 247, 231]
[997, 426, 267, 262]
[997, 353, 320]
[997, 364, 256, 250]
[997, 279, 275, 273]
[997, 294, 283]
[997, 416, 265, 258]
[997, 320, 281]
[997, 326, 261, 255]
[997, 270, 266]
[997, 283, 282]
[997, 332, 289]
[997, 288, 285]
[997, 440, 254, 250]
[997, 276, 259]
[997, 358, 278, 260]
[997, 494, 303, 296]
[997, 406, 270, 253]
[997, 405, 243, 229]
[997, 339, 305]
[997, 285, 267]
[997, 407, 280, 270]
[997, 302, 291]
[997, 259, 256]
[997, 318, 289, 288]
[997, 316, 287]
[997, 347, 270, 262]
[997, 387, 252, 244]
[997, 317, 284]
[997, 391, 297, 285]
[997, 653, 346, 286, 273, 269]
[997, 411, 288, 286]
[997, 466, 278, 269]
[997, 354, 300]
[997, 366, 309, 272]
[997, 266, 252]
[997, 383, 275, 266]
[997, 357, 275, 267]
[997, 278, 276]
[997, 367, 250, 244]
[997, 499, 307, 300]
[997, 516, 278, 273]
[997, 338, 277, 259]
[997, 577, 294, 263, 258]
[997, 280]
[997, 452, 285, 277]
[997, 284, 283]
[997, 374, 291, 273]
[997, 306, 291]
[997, 304, 261]
[997, 281, 242, 241]
[997, 311, 275, 273]
[997, 466, 294, 284]
[997, 375, 270, 263]
[997, 348, 290, 262]
[997, 284, 276, 274]
[997, 270, 268]
[997, 276, 269, 268]
[997, 331, 281]
[997, 465, 286, 282]
[997, 313, 270]
[997, 315, 279]
[997, 400, 276, 269]
[997, 309, 304]
[997, 412, 262, 254]
[997, 266, 264]
[997, 352, 281, 264]
[997, 277]
[997, 398, 257, 252]
[997, 322, 281]
[997, 309]
[997, 271, 269]
[997, 389, 258, 250]
[997, 325, 300]
[997, 386, 283, 262]
[997, 275, 274]
[997, 317, 292]
[997, 307]
[997, 305, 270, 269]
[997, 280, 276]
[997, 357, 310]
[997, 392, 267, 262]
[997, 277]
[997, 309, 293]
[997, 400, 263, 256]
[997, 273, 272]
[997, 295, 273]
[997, 306, 252, 237]
[997, 272]
[997, 526, 278, 266]
[997, 300, 294]
[997, 264, 252]
[997, 322, 256, 246]
[997, 270, 262]
[997, 288, 264]
[997, 285, 278]
[997, 286, 285]
[997, 309, 306]
[997, 477, 289, 285]
[997, 278]
[997, 262, 253]
[997, 287, 273]
[997, 290, 287]
[997, 311, 294]
[997, 292]
[997, 288]
[997, 267, 245]
[997, 286, 279]
[997, 386, 266, 258]
[997, 266]
[997, 259]
[997, 292, 275]
[997, 297, 294]
[997, 273]
[997, 286, 267]
[997, 276, 275, 270]
[997, 260, 257, 256]
[997, 324, 275]
[997, 248]
[997, 327, 287, 286]
[997, 309, 297]
[997, 492, 263, 259]
[997, 339, 213, 211]
[997, 251]
[997, 344, 275, 262]
[997, 450, 264, 258]
[997, 313, 311]
[997, 304, 292]
[997, 275, 257]
[997, 284, 281]
[997, 369, 261, 250]
[997, 316, 270]
[997, 299, 277]
[997, 324, 290]
[997, 272, 269]
[997, 346, 297]
[997, 286, 282]
[997, 260, 257]
[997, 277]
[997, 290]
[997, 337, 276, 260]
[997, 324, 282]
[997, 303, 282]
[997, 324, 263, 254, 253]
[997, 309, 307]
[997, 301, 271]
[997, 359, 282, 256]
[997, 487, 269, 268]
[997, 283]
[997, 416, 306, 293]
[997, 325, 271, 253]
