[28.83, 23.8, 0.63, 0.09]
[28.71, 24.48, 3.16, 0.18, 0.17]
[29.18, 29.02, 28.82, 28.8]
[4997, 4499, 4450, 4446]
[4997, 3658, 2221, 1419, 1028, 979, 978]
[4997, 4287, 4115, 4103]
[4997, 3518, 2152, 1404, 1042, 988, 985, 983]
[4997, 3754, 2512, 1686, 1169, 996, 961, 959, 957]
[4997, 4055, 3297, 2945, 2825, 2809, 2807]
[4997, 3966, 2767, 1986, 1310, 954, 898, 897]
[4997, 3718, 2453, 1630, 1078, 939, 931, 930]
[4997, 4109, 3447, 3268, 3232, 3229]
[4997, 4256, 4088, 4070, 4068]
[4997, 4323, 4190, 4178, 4176]
[4997, 4598, 4573, 4570]
[4997, 4221, 3945, 3917, 3911]
[4997, 4063, 3185, 2648, 2266, 2169, 2158, 2157]
[4997, 4222, 3941, 3924, 3922]
[4997, 4159, 3750, 3714, 3705]
[4997, 4364, 4237, 4223, 4221]
[4997, 4099, 3354, 3122, 3088, 3082, 3080]
[4997, 3376, 1964, 1238, 974, 948]
[4997, 4342, 4259, 4248, 4244]
[4997, 3702, 2393, 1659, 1182, 1005, 988]
[4997, 3399, 2015, 1195, 917, 893, 892, 891]
[4997, 4366, 4248, 4236, 4234, 4233]
[4997, 4613, 4593]
[4997, 4349, 4253, 4247, 4246]
[4997, 4040, 3220, 2724, 2445, 2392, 2388]
[4997, 3923, 2718, 1954, 1292, 1016, 963]
[4997, 3640, 2348, 1565, 1103, 962, 946, 945]
[4997, 4138, 3485, 3293, 3265, 3261]
[4997, 4058, 3203, 2728, 2503, 2483]
[4997, 4226, 3880, 3838, 3826]
[4997, 3017, 1454, 911, 861, 860]
[4997, 4510, 4442, 4429, 4427]
[4997, 3971, 2837, 2049, 1361, 1055, 980, 978, 977]
[4997, 4003, 2990, 2240, 1582, 1211, 1046, 1023, 1020]
[4997, 4363, 4252, 4242]
[4997, 4381, 4291, 4287]
[4997, 3879, 2621, 1865, 1270, 1020, 971, 969]
[4997, 4229, 3856, 3816, 3814]
[4997, 4423, 4299, 4284, 4281]
[4997, 3962, 2862, 2119, 1447, 1114, 1032, 1023, 1022]
[4997, 4434, 4370, 4363]
[4997, 4319, 4147, 4138, 4137]
[4997, 4382, 4304, 4294]
[4997, 4417, 4360, 4355]
[4997, 4615, 4592, 4586]
[4997, 4346, 4246, 4229, 4227]
[4997, 3958, 2925, 2180, 1471, 1096, 954, 936]
[4997, 3720, 2384, 1560, 1051, 960, 958]
[4997, 4250, 4033, 4013, 4009]
[4997, 4326, 4208, 4197, 4196, 4195]
[4997, 4450, 4392, 4384, 4383]
[4997, 4415, 4343, 4327, 4321]
[4997, 4076, 3215, 2646, 2358, 2327, 2325]
[4997, 3967, 2976, 2228, 1598, 1263, 1144, 1131, 1130]
[4997, 4427, 4367, 4355, 4353]
[4997, 4021, 3071, 2389, 1788, 1344, 1137, 1099, 1098]
[4997, 4225, 3945, 3926, 3924]
[4997, 4115, 3615, 3559, 3555]
[4997, 4016, 3004, 2307, 1691, 1340, 1201, 1172, 1161]
[4997, 4197, 3714, 3622, 3603, 3601]
[4997, 4419, 4368, 4362, 4361]
[4997, 4303, 4161, 4147, 4146]
[4997, 4405, 4318, 4312]
[4997, 3772, 2524, 1704, 1180, 994, 978]
[4997, 3972, 2924, 2182, 1446, 1061, 926, 917]
[4997, 4282, 4120, 4101, 4097]
[4997, 3539, 2270, 1461, 1080, 1024, 1019, 1018]
[4997, 4449, 4381, 4375, 4374]
[4997, 3959, 2958, 2238, 1595, 1209, 1061, 1045, 1044]
[4997, 4487, 4446, 4444]
[4997, 4010, 3014, 2306, 1617, 1177, 996, 951, 946]
[4997, 4119, 3572, 3487, 3468]
[4997, 3949, 2836, 2175, 1499, 1126, 990, 972, 969]
[4997, 4384, 4321, 4307, 4306]
[4997, 3598, 2257, 1423, 1011, 970, 968]
[4997, 4104, 3420, 3194, 3143, 3137, 3136]
[4997, 3573, 2225, 1450, 978, 910, 902]
[4997, 3931, 2747, 2047, 1424, 1126, 1053, 1045, 1043]
[4997, 2887, 1485, 938, 876, 874]
