[497, 236, 79]
[497, 154, 93, 91]
[497, 215, 91, 90]
[497, 219, 82]
[497, 199, 90, 88]
[497, 212, 108, 86]
[497, 183, 75]
[497, 200, 87]
[497, 232, 110, 106]
[497, 244, 100, 96]
[497, 268, 111, 109]
[497, 218, 108, 107]
[497, 160, 86, 82]
[497, 177, 90, 89]
[497, 163, 84]
[497, 218, 92, 91]
[497, 268, 132, 122]
[497, 227, 111, 109]
[497, 304, 129, 100, 98]
[497, 193, 83, 82]
[497, 218, 102, 97]
[497, 140, 114, 105]
[497, 273, 132, 116]
[497, 186, 78]
[497, 174, 80]
[497, 214, 90, 89]
[497, 183, 74]
[497, 264, 115, 114]
[497, 275, 139, 100]
[497, 224, 96, 95]
[497, 179, 82, 81]
[497, 322, 138, 87]
[497, 177, 76]
[497, 262, 113, 88]
[497, 213, 89]
[497, 224, 85]
[497, 176, 72]
[497, 241, 100, 99]
[497, 209, 78]
[497, 266, 111, 95]
[497, 223, 70]
[497, 199, 80]
[497, 190, 75]
[497, 218, 107, 105]
[497, 270, 115, 106]
[497, 175, 99, 96]
[497, 169, 76]
[497, 221, 88]
[497, 201, 89, 84]
[497, 188, 76]
[497, 254, 104, 92]
[497, 202, 77]
[497, 219, 94, 91]
[497, 240, 106, 93, 92]
[497, 240, 99]
[497, 331, 174, 87]
[497, 264, 107, 101]
[497, 166, 63]
[497, 245, 105, 93]
[497, 294, 140, 101]
[497, 282, 138, 101, 97]
[497, 214, 79]
[497, 346, 187, 86]
[497, 218, 93, 92]
[497, 274, 100, 96, 93]
[497, 180, 89]
[497, 262, 103, 94]
[497, 212, 98, 91]
[497, 186, 91]
[497, 249, 85]
[497, 298, 141, 102, 99]
[497, 255, 100, 91]
[497, 224, 94, 92]
[497, 206, 102, 100]
[497, 217, 89, 88]
[497, 199, 92]
[497, 168, 70, 69]
[497, 215, 101, 98]
[497, 175, 82]
[497, 202, 101]
[497, 212, 88]
[497, 153, 76, 73]
[497, 212, 90, 89]
[497, 262, 97, 96]
[497, 234, 74, 71]
[497, 179, 80]
[497, 193, 72, 71]
[497, 157, 96, 91]
[497, 240, 80, 79]
[497, 212, 100]
[497, 184, 88]
[497, 183, 81]
[497, 307, 139, 91, 90]
[497, 194, 88]
[497, 176, 82]
[497, 187, 92, 90]
[497, 229, 108, 99]
[497, 176, 77]
[497, 180, 99]
[497, 223, 99]
[497, 261, 99, 80, 79]
[497, 252, 106, 87, 85]
[497, 176, 81]
[497, 223, 81]
[497, 189, 80, 79]
[497, 193, 90]
[497, 204, 90, 87]
[497, 191, 84]
[497, 317, 173, 91, 90]
[497, 234, 104, 103]
[497, 177, 73, 72]
[497, 155, 89, 87]
[497, 275, 84]
[497, 226, 95]
[497, 236, 108, 101]
[497, 228, 99]
[497, 350, 169, 95]
[497, 279, 118, 102, 101]
[497, 227, 89, 88]
[497, 164, 60]
[497, 265, 99, 96]
[497, 161, 88]
[497, 200, 84]
[497, 230, 92, 86]
[497, 179, 72, 70]
[497, 234, 104, 98]
[497, 164, 73]
[497, 248, 90, 87]
[497, 210, 87, 86]
[497, 314, 136, 94, 93]
[497, 204, 70]
[497, 152, 93, 90]
[497, 228, 90]
[497, 323, 148, 92, 90]
[497, 172, 91, 90]
[497, 214, 93]
[497, 175, 92, 88]
[497, 180, 83]
[497, 210, 94, 93]
[497, 286, 134, 100, 99]
[497, 228, 86, 85]
[497, 212, 79]
[497, 189, 82]
[497, 235, 103, 94]
[497, 197, 93]
[497, 210, 85]
[497, 229, 112, 101]
[497, 176, 76]
[497, 204, 76]
[497, 190, 67]
[497, 274, 134, 87]
[497, 180, 78, 77]
[497, 234, 99]
[497, 190, 80]
[497, 210, 78]
[497, 240, 104, 100]
[497, 230, 92, 90]
[497, 159, 85]
[497, 165, 81, 79]
[497, 240, 97, 94]
[497, 149, 73, 72]
[497, 204, 78]
[497, 221, 104, 94]
[497, 250, 100, 98]
[497, 181, 91, 90]
[497, 243, 95, 92]
[497, 200, 84]
[497, 204, 84]
[497, 224, 88]
[497, 230, 108]
[497, 226, 90]
[497, 183, 82]
[497, 229, 102, 88, 87]
[497, 237, 112]
[497, 194, 87]
[497, 196, 79]
[497, 225, 87]
[497, 225, 103, 99]
[497, 207, 83]
[497, 272, 132, 88, 85]
[497, 202, 80]
[497, 309, 156, 110, 108]
[497, 183, 83]
[497, 270, 122, 110]
[497, 174, 91, 89]
[497, 220, 90]
[497, 246, 97]
[497, 186, 86, 84]
[497, 172, 86, 84]
[497, 161, 85, 84]
[497, 193, 84]
[497, 239, 106, 93, 92]
[497, 215, 88]
[497, 204, 85]
[497, 219, 88, 86]
[497, 231, 93, 92]
[497, 213, 97, 96]
[497, 211, 104]
[497, 272, 118, 106]
[497, 306, 120, 92, 91]
[497, 226, 96, 93]
[497, 172, 69]
[497, 140, 100, 97]
[497, 154, 85, 84]
[497, 280, 138, 103, 102]
[497, 222, 104, 91, 90]
[497, 217, 91]
[497, 227, 89, 88]
[497, 171, 79]
[497, 344, 169, 96]
[497, 184, 82, 80]
[497, 219, 88]
[497, 330, 146, 105, 104]
[497, 210, 90]
[497, 192, 89, 87]
[497, 267, 119, 99, 97]
[497, 195, 85]
[497, 297, 113, 85, 84]
[497, 226, 84]
[497, 198, 82]
[497, 175, 92]
[497, 226, 103, 102]
[497, 172, 75, 74]
[497, 176, 77, 76]
[497, 163, 70]
[497, 233, 84]
[497, 267, 114, 99, 96]
[497, 194, 88, 87]
[497, 208, 82]
[497, 164, 85]
[497, 220, 90, 89]
[497, 204, 99]
[497, 218, 106, 105]
[497, 194, 72]
[497, 212, 93]
[497, 199, 89]
[497, 175, 84, 83]
[497, 185, 80]
[497, 236, 79]
[497, 181, 79]
[497, 282, 121, 92, 91]
[497, 177, 72]
[497, 195, 86, 85]
[497, 226, 88, 85]
[497, 253, 103, 98]
[497, 252, 123, 101]
[497, 260, 132, 85, 84]
[497, 211, 73, 72]
[497, 195, 82]
[497, 272, 127, 110, 107]
[497, 171, 87, 85]
[497, 271, 114, 109]
[497, 203, 81]
[497, 203, 87]
[497, 206, 94]
[497, 208, 71]
[497, 185, 97]
[497, 242, 95]
[497, 233, 105, 103]
[497, 204, 99]
[497, 232, 79]
[497, 219, 97]
[497, 188, 84]
[497, 189, 78]
[497, 263, 127, 89]
[497, 262, 114]
[497, 236, 88, 87]
[497, 188, 82, 81]
[497, 259, 110, 98]
[497, 235, 89, 88]
[497, 173, 94]
[497, 282, 123, 101, 97, 96]
[497, 352, 185, 83]
[497, 181, 80]
[497, 254, 110, 88, 87]
[497, 216, 102]
[497, 189, 74]
[497, 194, 98]
[497, 215, 89]
[497, 203, 90]
[497, 192, 83]
[497, 187, 94, 93]
[497, 338, 144, 105, 104]
[497, 196, 95, 94]
[497, 200, 84]
[497, 218, 91, 89]
[497, 279, 114, 110]
[497, 275, 124, 108, 104]
[497, 312, 161, 97]
[497, 202, 98]
[497, 308, 153, 98]
[497, 199, 97, 96]
[497, 246, 118, 98]
[497, 192, 84]
[497, 211, 85]
[497, 282, 133, 120]
[497, 149, 91, 88]
[497, 265, 98, 91]
[497, 247, 105]
[497, 183, 70, 69]
[497, 223, 97]
[497, 154, 87]
[497, 215, 95, 91]
[497, 210, 96]
[497, 279, 134, 78]
[497, 302, 160, 94]
[497, 229, 103, 100]
[497, 158, 84, 79]
[497, 195, 93]
[497, 228, 98]
[497, 200, 91, 81, 80]
[497, 240, 106, 105, 104]
[497, 187, 78, 77]
[497, 257, 106]
[497, 250, 101]
[497, 308, 151, 89]
[497, 191, 79]
[497, 251, 89]
[497, 177, 76]
[497, 169, 96, 93]
[497, 169, 87]
[497, 295, 146, 93]
[497, 204, 83, 81]
[497, 256, 126, 108, 106]
[497, 302, 139, 111, 110]
[497, 190, 74]
[497, 181, 89, 88]
[497, 185, 86]
[497, 175, 77]
[497, 234, 93, 92]
[497, 199, 90, 89]
[497, 235, 90]
[497, 226, 101, 88, 87]
[497, 282, 133, 106]
[497, 223, 102, 95]
[497, 239, 91, 90]
[497, 285, 132, 81]
[497, 248, 102]
[497, 184, 89, 87]
[497, 187, 94]
[497, 241, 117, 111]
[497, 183, 86]
[497, 262, 107, 93, 89]
[497, 179, 73]
[497, 219, 83]
[497, 173, 80]
[497, 211, 96]
[497, 199, 75]
[497, 309, 130, 101]
[497, 208, 82]
[497, 217, 95, 94]
[497, 220, 98]
[497, 300, 138, 97, 96]
[497, 256, 120, 109]
[497, 234, 104, 99]
[497, 263, 123, 101, 99]
[497, 206, 89, 88]
[497, 286, 124, 108, 105]
[497, 187, 100]
[497, 209, 78]
[497, 169, 78]
[497, 182, 83]
[497, 192, 88]
[497, 184, 90]
[497, 218, 78]
[497, 243, 75]
[497, 229, 91, 89, 88]
[497, 244, 104, 100]
[497, 175, 81]
[497, 220, 99]
[497, 173, 77]
[497, 222, 87]
[497, 305, 144, 101, 99]
[497, 190, 75]
[497, 219, 83, 82]
[497, 172, 66]
[497, 287, 137, 102, 101]
[497, 164, 91, 90]
[497, 174, 72]
[497, 228, 91]
[497, 178, 95, 94]
[497, 181, 80]
[497, 192, 88, 85]
[497, 215, 83]
[497, 214, 85]
[497, 258, 107, 96]
[497, 218, 104, 96]
[497, 246, 87, 86]
[497, 221, 90, 89]
[497, 162, 85]
[497, 292, 130, 107, 102]
[497, 227, 98, 97]
[497, 255, 106, 83]
[497, 248, 102, 88, 84]
[497, 210, 98, 96]
[497, 207, 87]
[497, 241, 105]
[497, 242, 111, 105]
[497, 300, 160, 89]
[497, 324, 147, 105]
[497, 161, 100, 94]
[497, 241, 104, 103]
[497, 193, 69]
[497, 197, 83]
[497, 222, 103, 94]
[497, 204, 96]
[497, 206, 90, 89]
[497, 193, 97]
[497, 205, 87, 86]
[497, 179, 91]
[497, 212, 88, 87]
[497, 238, 90, 87]
[497, 206, 80, 79]
[497, 190, 72, 71]
[497, 232, 116, 91, 90]
[497, 231, 82]
[497, 231, 87]
[497, 160, 84, 82]
[497, 186, 84]
[497, 203, 84]
[497, 209, 100, 99]
[497, 174, 76]
[497, 204, 86]
[497, 193, 66]
[497, 194, 80]
[497, 171, 76]
[497, 222, 102, 101]
[497, 236, 94, 92]
[497, 176, 83]
[497, 203, 101]
[497, 170, 76]
[497, 288, 116, 97, 91]
[497, 196, 90]
[497, 268, 108, 104]
[497, 174, 77]
[497, 184, 82]
[497, 197, 85]
[497, 301, 123, 115]
[497, 238, 92, 90]
[497, 213, 77]
[497, 195, 88]
[497, 235, 95, 94]
[497, 282, 121, 102, 96]
[497, 304, 165, 88]
[497, 148, 74]
[497, 184, 95, 93]
[497, 171, 73]
[497, 280, 119, 95]
[497, 235, 87]
[497, 302, 151, 90]
[497, 217, 96]
[497, 178, 90]
[497, 212, 93]
[497, 199, 82]
[497, 209, 93, 92]
[497, 178, 70]
[497, 274, 145, 101]
[497, 207, 85]
[497, 260, 98, 95]
[497, 253, 112, 107]
[497, 195, 80]
[497, 282, 106, 98]
[497, 206, 84]
[497, 329, 160, 92, 90]
[497, 222, 91]
[497, 190, 88]
[497, 186, 95, 94]
[497, 237, 96, 95]
[497, 176, 75]
[497, 197, 89]
[497, 168, 67]
[497, 185, 74]
[497, 173, 84]
[497, 190, 96]
[497, 289, 142, 94, 92]
[497, 227, 99, 92]
[497, 212, 97]
[497, 196, 93, 92]
[497, 204, 81, 80]
[497, 198, 94, 93]
[497, 275, 133, 94]
[497, 161, 93, 92]
[497, 162, 85]
[497, 171, 75]
[497, 216, 91]
[497, 191, 87]
[497, 246, 107, 87, 79]
[497, 204, 71]
[497, 200, 100]
[497, 186, 93, 91]
[497, 211, 89]
[497, 291, 122, 99, 98]
[497, 246, 122, 112]
[497, 221, 88]
[497, 237, 82]
[497, 200, 91, 90]
[497, 205, 81]
[497, 300, 161, 81]
[497, 257, 114, 104]
[497, 207, 79, 78]
[497, 257, 114, 108]
[497, 285, 121, 106, 101]
[497, 213, 105]
[497, 171, 84, 82]
[497, 242, 103, 97, 96]
[497, 257, 96, 95]
[497, 190, 97]
[497, 154, 79, 76]
[497, 192, 84]
[497, 240, 94]
[497, 163, 66]
[497, 174, 74]
[497, 171, 67]
[497, 209, 79]
[497, 171, 79]
[497, 217, 95]
[497, 222, 71]
[497, 236, 110, 109]
[497, 257, 110]
[497, 209, 79]
[497, 339, 193, 102]
[497, 216, 87]
[497, 174, 68]
[497, 228, 92, 91]
[497, 184, 93]
[497, 243, 93]
[497, 237, 105, 102]
[497, 220, 95]
[497, 254, 123, 103, 102]
[497, 202, 72]
[497, 238, 93, 87]
[497, 264, 126, 102, 98]
[497, 229, 82]
[497, 177, 80, 78]
[497, 212, 85]
[497, 254, 114, 111]
[497, 155, 75, 70]
[497, 180, 76]
[497, 220, 87, 85]
[497, 257, 98, 96]
[497, 241, 102]
[497, 190, 98]
[497, 252, 120, 113]
[497, 216, 99, 98]
[497, 257, 123, 105, 104]
[497, 282, 119, 111]
[497, 182, 87]
[497, 276, 125, 84, 83]
[497, 237, 92, 90]
[497, 175, 93, 92]
[497, 210, 86, 85]
[497, 199, 78]
[497, 215, 76]
[497, 178, 82]
[497, 211, 96, 95]
[497, 229, 113, 99, 98]
[497, 264, 109]
[497, 290, 113, 96, 95]
[497, 243, 108, 106]
[497, 269, 134, 100]
[497, 198, 99]
[497, 236, 114, 91]
[497, 236, 114, 109]
[497, 285, 134, 96]
[497, 276, 115, 107]
[497, 187, 91]
[497, 218, 97, 96]
[497, 256, 92, 90]
[497, 255, 115, 95, 91]
[497, 220, 95]
[497, 213, 91, 73, 72]
[497, 165, 92, 89]
[497, 246, 98, 96]
[497, 290, 121, 105, 103]
[497, 186, 80, 79]
[497, 187, 60]
[497, 204, 82]
[497, 271, 114, 111]
[497, 193, 84, 82]
[497, 190, 78, 77]
[497, 227, 98, 93]
[497, 268, 124, 108, 104]
[497, 212, 90]
[497, 166, 91, 90]
[497, 194, 97]
[497, 202, 77]
[497, 235, 83]
[497, 188, 89]
[497, 223, 78]
[497, 154, 80]
[497, 169, 73]
[497, 336, 164, 106, 105]
[497, 253, 102, 94]
[497, 248, 115, 114]
[497, 184, 82]
[497, 250, 112, 108]
[497, 198, 80, 79]
[497, 185, 74]
[497, 327, 144, 108, 106]
[497, 305, 121, 103, 102]
[497, 219, 94]
[497, 176, 77]
[497, 250, 103, 102]
[497, 300, 138, 101, 98]
[497, 253, 95, 94]
[497, 291, 136, 100, 98]
[497, 213, 84]
[497, 200, 83, 81]
[497, 184, 97, 96]
[497, 187, 81]
[497, 162, 78]
[497, 195, 90]
[497, 228, 96]
[497, 217, 99]
[497, 194, 78]
[497, 176, 77]
[497, 297, 150, 92]
[497, 218, 83]
[497, 276, 114, 94, 91]
[497, 257, 117, 103]
[497, 253, 114, 109]
[497, 245, 104]
[497, 277, 124, 100, 97]
[497, 204, 89, 88]
[497, 146, 85, 82]
[497, 276, 110, 88, 87]
[497, 181, 72]
[497, 173, 90]
[497, 215, 93]
[497, 307, 123, 88, 86]
[497, 177, 73]
[497, 214, 83]
[497, 245, 110, 104]
[497, 274, 90]
[497, 190, 91, 89]
[497, 217, 80]
[497, 231, 78]
[497, 192, 83]
[497, 256, 116, 105]
[497, 215, 89]
[497, 259, 106, 100]
[497, 272, 130, 103, 100]
[497, 231, 100, 98]
[497, 245, 107, 89, 87]
[497, 291, 142, 97]
[497, 175, 90, 88]
[497, 286, 145, 99, 98]
[497, 205, 79]
[497, 206, 83]
[497, 201, 93]
[497, 237, 101, 95]
[497, 174, 65]
[497, 183, 77]
[497, 288, 131, 104, 102]
[497, 191, 80]
[497, 204, 82]
[497, 215, 88]
[497, 258, 105, 101]
[497, 263, 118, 110]
[497, 202, 69]
[497, 179, 85, 83]
[497, 186, 78]
[497, 198, 90, 88]
[497, 177, 87]
[497, 277, 124, 96]
[497, 250, 104, 103]
[497, 190, 68]
[497, 225, 105, 101]
[497, 324, 178, 91]
[497, 208, 105, 98]
[497, 239, 86, 83]
[497, 209, 80]
[497, 203, 65]
[497, 265, 113, 110]
[497, 168, 95]
[497, 205, 95, 94]
[497, 225, 91, 90]
[497, 233, 94]
[497, 236, 99]
[497, 231, 110, 98]
[497, 246, 107, 98]
[497, 195, 88]
[497, 235, 117, 101]
[497, 222, 85, 82]
[497, 188, 85]
[497, 233, 108, 99]
[497, 249, 116, 113]
[497, 187, 69]
[497, 263, 103, 96]
[497, 228, 95, 93]
[497, 192, 75]
[497, 155, 98, 94]
[497, 202, 77]
[497, 208, 107, 101]
[497, 227, 89, 88]
[497, 247, 93, 91]
[497, 319, 143, 81]
[497, 183, 83]
[497, 209, 80]
[497, 178, 78, 76]
[497, 158, 76, 75]
[497, 172, 69]
[497, 239, 82]
[497, 217, 78]
[497, 249, 108]
[497, 211, 96, 95]
[497, 211, 92, 82]
[497, 211, 75]
[497, 253, 105, 93]
[497, 175, 79]
[497, 203, 94, 92]
[497, 258, 95, 88]
[497, 286, 118, 92]
[497, 198, 85]
[497, 176, 76]
[497, 203, 87, 85]
[497, 238, 99, 97]
[497, 213, 76]
[497, 259, 124, 114]
[497, 182, 80]
[497, 204, 79]
[497, 247, 103, 98]
[497, 182, 68]
[497, 206, 94]
[497, 162, 79, 78]
[497, 320, 164, 87, 84]
[497, 190, 76]
[497, 244, 96, 95]
[497, 210, 95]
[497, 304, 142, 103]
[497, 181, 78]
[497, 227, 96, 93, 91]
[497, 214, 88, 87]
[497, 291, 123, 79]
[497, 221, 85, 83]
[497, 213, 94, 93]
[497, 270, 105, 92, 90]
[497, 200, 78]
[497, 179, 95, 94]
[497, 230, 86]
[497, 202, 101, 99]
[497, 251, 97]
[497, 241, 94]
[497, 205, 76]
[497, 204, 80, 78]
[497, 206, 98, 97]
[497, 279, 114, 105]
[497, 346, 175, 106]
[497, 251, 97, 96]
[497, 219, 89]
[497, 226, 105, 104]
[497, 213, 80]
[497, 301, 142, 95, 94]
[497, 274, 116, 101]
[497, 186, 86]
[497, 242, 103, 98, 97]
[497, 226, 97, 95]
[497, 204, 83, 82]
[497, 185, 88, 87]
[497, 203, 84, 79]
[497, 168, 71]
[497, 216, 100]
[497, 226, 93, 84]
[497, 189, 91]
[497, 211, 86]
[497, 190, 91]
[497, 221, 96, 93]
[497, 275, 121, 93]
[497, 241, 105]
[497, 269, 123, 95]
[497, 194, 67]
[497, 236, 101]
[497, 188, 87]
[497, 182, 89]
[497, 316, 123, 101, 98]
[497, 208, 93]
[497, 234, 105, 98]
[497, 197, 77]
[497, 164, 82]
[497, 252, 93]
[497, 209, 90]
[497, 181, 89]
[497, 151, 99, 97]
[497, 228, 102, 101]
[497, 228, 85, 80]
[497, 184, 85]
[497, 181, 82, 80]
[497, 184, 87]
[497, 194, 79]
[497, 199, 84]
[497, 236, 97, 90]
[497, 181, 109]
[497, 196, 91]
[497, 239, 105, 103]
[497, 316, 158, 92]
[497, 235, 81]
[497, 271, 103, 99]
[497, 197, 76]
[497, 295, 166, 79]
[497, 228, 93, 92]
[497, 308, 136, 99]
[497, 237, 100]
[497, 183, 86]
[497, 190, 90, 89]
[497, 218, 98, 94]
[497, 293, 130, 92, 87]
[497, 208, 82]
[497, 224, 90]
[497, 194, 88]
[497, 174, 90, 89]
[497, 215, 90]
[497, 286, 126, 100, 97]
[497, 190, 76]
[497, 261, 104, 99]
[497, 249, 119, 93, 91]
[497, 246, 114, 104]
[497, 179, 83, 82]
[497, 252, 112, 101, 99]
[497, 234, 84]
[497, 301, 147, 92]
[497, 286, 119, 117]
[497, 177, 81]
[497, 151, 96, 88]
[497, 169, 79]
[497, 202, 93]
[497, 244, 111, 109]
[497, 209, 88]
[497, 196, 86, 82]
[497, 218, 99, 98]
[497, 279, 118, 111, 110]
[497, 183, 78]
[497, 189, 82]
[497, 166, 77, 76]
[497, 178, 86, 85]
[497, 284, 130, 103]
[497, 221, 98, 97]
[497, 200, 83]
[497, 218, 96]
[497, 191, 86]
[497, 248, 86, 85]
[497, 301, 146, 100, 97]
[497, 170, 86]
[497, 180, 90, 89]
[497, 196, 78]
[497, 197, 86, 82]
[497, 170, 76, 75]
[497, 259, 106]
[497, 226, 97]
[497, 183, 93, 92]
[497, 208, 97]
[497, 179, 75]
[497, 169, 77]
[497, 196, 92, 91]
[497, 230, 124, 106, 105]
[497, 285, 133, 119]
[497, 188, 83, 82]
[497, 220, 87, 86]
[497, 176, 73]
[497, 232, 83]
[497, 204, 101]
[497, 248, 99, 93]
[497, 217, 85]
[497, 269, 141, 99, 97]
[497, 205, 78]
[497, 262, 111, 93, 92]
[497, 215, 110]
[497, 346, 195, 105, 95]
[497, 233, 94]
[497, 219, 89, 86]
[497, 221, 93, 92]
[497, 188, 86]
[497, 240, 118, 101, 97]
[497, 190, 88]
[497, 176, 96]
[497, 180, 98, 95]
[497, 174, 84, 82]
[497, 208, 95]
[497, 176, 92]
[497, 297, 142, 77]
[497, 196, 72]
[497, 330, 168, 94, 93]
[497, 161, 77]
[497, 208, 80]
[497, 171, 84]
[497, 250, 114, 99, 96]
[497, 193, 87]
[497, 232, 86]
[497, 226, 88, 87]
[497, 190, 81, 80]
[497, 174, 85, 83]
[497, 223, 98]
[497, 268, 118, 91]
[497, 178, 74]
[497, 164, 92, 89]
[497, 196, 87]
[497, 280, 142, 108, 106]
[497, 244, 100, 97]
[497, 250, 102]
[497, 172, 83, 82]
[497, 287, 113, 90]
[497, 206, 77]
[497, 241, 95, 90]
[497, 171, 77, 75]
[497, 217, 85, 84]
[497, 190, 93, 91]
[497, 202, 88]
[497, 167, 79, 78]
[497, 177, 91]
[497, 183, 79]
[497, 235, 105]
[497, 206, 100]
[497, 189, 86, 85]
[497, 181, 85]
[497, 252, 81, 80]
[497, 199, 86, 85]
[497, 193, 91]
[497, 220, 95, 93]
[497, 187, 84, 83]
[497, 176, 86]
[497, 211, 88]
[497, 199, 95]
[497, 252, 103, 95]
[497, 192, 76]
[497, 219, 91, 90]
[497, 341, 199, 103, 91]
[497, 199, 81]
[497, 255, 127, 108, 104]
[497, 245, 122, 102, 101]
[497, 205, 87]
[497, 213, 89]
[497, 284, 131, 89, 88]
[497, 211, 105]
[497, 226, 101, 86, 84]
[497, 185, 94]
[497, 165, 70]
[497, 184, 72]
[497, 199, 80]
[497, 202, 91]
[497, 201, 88]
[497, 199, 80, 79]
[497, 198, 81]
[497, 234, 106, 103]
[497, 147, 86, 83]
[497, 161, 76, 75]
[497, 208, 83]
[497, 279, 119, 95, 94]
[497, 167, 86, 85]
[497, 241, 99, 98]
[497, 173, 86]
[497, 230, 99, 97]
[497, 199, 89]
[497, 308, 140, 112, 110]
[497, 227, 87, 84]
[497, 236, 106, 98]
[497, 312, 163, 89]
[497, 264, 124, 88, 87]
[497, 180, 77, 76]
[497, 163, 96]
[497, 244, 105, 99]
[497, 189, 91]
[497, 225, 109, 90, 88]
[497, 242, 101]
[497, 250, 109, 104]
[497, 201, 83]
[497, 146, 99, 94]
[497, 179, 94, 91, 90]
[497, 195, 89, 88]
[497, 172, 84]
[497, 229, 98]
[497, 204, 111, 96]
[497, 180, 79]
[497, 255, 109, 97]
[497, 196, 85, 84]
[497, 168, 72]
[497, 255, 108]
[497, 259, 103]
[497, 161, 83]
[497, 229, 94]
[497, 181, 75]
[497, 297, 144, 92]
