[32.35]
[32.44]
[32.32]
[32.3]
[32.77]
[32.55]
[32.53]
[32.48]
[32.25]
[32.46]
[32.31]
[32.54]
[32.08]
[32.57]
[32.67]
[32.76]
[32.28]
[32.53]
[32.53]
[32.61]
[32.36]
[32.8]
[32.44]
[32.71]
[32.16]
[32.65]
[32.36]
[32.58]
[32.2]
[32.29]
[32.47]
[32.34]
[32.69]
[32.45]
[32.7]
[32.27]
[32.32]
[32.38]
[32.52]
[32.68]
[32.45]
[32.3]
[32.26]
[32.47]
[32.42]
[32.96]
[32.47]
[32.21]
[32.34]
[32.31]
[32.46]
[32.43]
[32.38]
[32.48]
[32.34]
[32.37]
[32.38]
[32.08]
[32.33]
[32.39]
[32.61]
[32.46]
[32.44]
[32.28]
[32.72]
[32.23]
[32.55]
[32.48]
[32.26]
[32.21]
[32.65]
[32.48]
[32.37]
[32.39]
[32.43]
[32.8]
[32.36]
[32.22]
[32.41]
[32.36]
[32.46]
[32.55]
[32.45]
[32.41]
[32.59]
[32.29]
[32.5]
[32.92]
[32.63]
[32.6]
[32.53]
[32.54]
[32.48]
[32.62]
[32.41]
[32.15]
[32.35]
[32.37]
[32.16]
[32.3]
