[39.93]
[39.97]
[39.89]
[40.08]
[39.95]
[40.19]
[39.97]
[40.11]
[40.12]
[39.98]
[40.01]
[40.02]
[40.0]
[39.88]
[40.07]
[40.01]
[39.98]
[40.0]
[40.01]
[39.89]
[39.88]
[40.04]
[39.84]
[39.89]
[40.22]
[39.95]
[40.02]
[40.01]
[40.12]
[40.03]
[39.89]
[40.04]
[39.83]
[39.9]
[40.01]
[40.0]
[40.11]
[39.92]
[40.04]
[40.03]
[39.94]
[39.87]
[39.92]
[40.03]
[39.9]
[40.16]
[40.0]
[39.94]
[40.24]
[39.96]
[39.83]
[40.11]
[40.06]
[40.19]
[40.04]
[40.01]
[40.05]
[40.1]
[39.98]
[40.27]
[39.91]
[40.06]
[40.08]
[40.09]
[40.03]
[39.93]
[39.99]
[40.04]
[39.94]
[40.04]
[39.9]
[40.09]
[39.88]
[39.78]
[40.08]
[39.86]
[40.06]
[40.05]
[39.99]
[39.97]
[39.9]
[39.97]
[39.98]
[40.31]
[39.97]
[40.13]
[40.14]
[40.14]
[40.09]
[40.16]
[39.95]
[39.99]
[40.0]
[40.06]
[39.75]
[40.06]
[39.96]
[39.92]
[39.98]
[40.08]
