[7.21, 7.12]
[7.8, 7.67, 7.51]
[7.86, 7.71, 7.19, 6.84, 6.76]
[7.54, 7.35]
[7.93, 7.78, 7.49, 7.45]
[7.12, 6.82, 6.59, 6.39]
[7.78, 7.65]
[7.67, 7.28, 6.98]
[8.29, 8.01]
[8.75, 8.49, 8.45]
[8.08, 7.86, 7.85]
[8.22, 8.06, 7.99]
[8.13, 7.91, 7.45]
[7.9, 7.88]
[7.46]
[6.81, 6.56, 6.55]
[9.08, 8.94, 8.91, 8.86]
[7.36, 6.73, 6.06, 5.68, 5.62, 5.57]
[7.25, 6.87, 6.84]
[8.03, 7.92]
[8.5, 7.7, 6.66, 5.34, 1.06, 0.96, 0.74]
[8.11, 7.99]
[7.91, 7.68]
[8.94, 8.9, 8.89]
[7.84, 7.53]
[6.48, 6.4]
[8.43, 8.16, 7.95, 7.93]
[7.36, 7.02, 6.12, 5.95]
[8.38, 7.88, 7.47]
[7.35]
[8.78, 8.76]
[7.55, 7.53]
[7.72]
[6.63]
[7.49, 7.24]
[9.36, 9.33, 9.29]
[8.61, 8.59]
[7.99, 7.97]
[7.32, 7.3]
[7.94, 7.86, 7.81, 7.8, 7.76]
[8.05, 7.71, 7.55]
[8.37, 8.3, 8.28, 8.27]
[7.76, 7.25, 6.54, 6.5]
[8.29, 8.17, 7.62]
[8.33, 8.15, 8.04, 7.97, 7.91, 7.88, 7.85]
[7.56, 7.37, 6.85, 5.73, 5.47]
[8.15, 8.13]
[7.8, 7.68]
[8.19, 7.98, 7.82, 7.76]
[7.89, 7.85, 7.58]
[7.02, 7.01]
[7.52, 7.4]
[7.58, 7.41, 7.02, 6.91]
[7.27, 6.73, 6.44, 6.4]
[7.58]
[7.57]
[7.99, 7.98]
[7.56]
[7.74, 7.24, 6.3, 5.09, 4.84, 4.66]
[7.96, 7.95]
[7.27, 6.82, 6.47, 6.43]
[8.29, 8.24, 8.21]
[8.94, 8.68, 8.43]
[7.12, 7.07]
[8.66, 8.54, 8.3, 8.16]
[7.92, 7.56, 6.96, 6.94]
[7.28, 7.02]
[6.62, 6.31, 6.25, 5.93]
[7.4, 7.32, 7.15, 6.44, 6.41, 6.33]
[7.35, 7.25]
[8.24, 8.15]
[7.92, 7.87, 7.8]
[7.45, 7.44, 7.4]
[6.56, 6.49, 6.32]
[7.35, 7.34]
[9.0, 8.93, 8.86, 8.66]
[7.31, 7.11, 6.64]
[8.0, 7.65]
[7.55, 7.39, 7.38]
[7.94, 7.85]
[7.18, 6.92, 6.72]
[7.24, 7.12]
[7.65, 7.59, 7.58]
[8.44, 8.23, 7.99, 7.6, 7.59]
[7.52, 7.5]
[8.29, 8.25]
[7.83, 7.75]
[8.37, 8.32, 8.19, 8.08]
[7.31, 7.2, 7.09]
[8.32, 8.01]
[7.16, 6.94, 6.9]
[8.63, 8.61]
[7.03]
[8.11, 7.92]
[7.62, 7.52]
[8.14, 8.09, 7.9, 7.85]
[8.34, 8.14, 7.47, 7.41]
[7.17]
[7.07, 6.67, 6.46, 6.38, 6.37]
[8.23]
