[32.5, 32.49, 32.43]
[32.39, 32.39]
[32.7]
[32.5, 32.5]
[32.49, 32.51]
[32.72]
[32.43, 32.44]
[32.49, 32.43, 32.44]
[32.59, 32.6]
[32.54, 32.54]
[32.41]
[32.17, 32.18]
[32.87, 32.87]
[32.47]
[32.7, 32.7]
[32.27, 32.26, 32.2]
[32.44]
[32.6, 32.59, 32.58]
[32.25, 32.25]
[32.52]
[32.59, 32.6]
[32.36, 32.37]
[32.32, 32.31]
[32.29, 32.29]
[32.68, 32.61]
[32.43, 32.43]
[32.39, 32.39, 32.34]
[32.6, 32.61]
[32.36, 32.36]
[32.26, 32.27]
[32.18, 32.12]
[32.3, 32.26]
[32.21, 32.21]
[32.46]
[32.03, 32.04]
[32.5]
[32.39, 32.4]
[32.53, 32.51, 32.46]
[32.53, 32.52, 32.46]
[32.55, 32.5]
[32.18, 32.18, 32.06, 32.06]
[32.65, 32.65]
[32.39]
[32.54]
[32.57, 32.58]
[32.55, 32.56]
[32.43, 32.43]
[32.11, 32.11]
[32.37, 32.37, 32.3, 32.31]
[32.45, 32.43, 32.36, 32.36, 32.29, 32.29, 32.23]
[32.58, 32.58]
[32.3, 32.26]
[31.97]
[32.31, 32.32]
[32.64, 32.65]
[32.43, 32.44]
[32.8]
[32.18]
[32.43]
[32.72, 32.71]
[32.62]
[32.27]
[32.71, 32.71]
[32.49, 32.49]
[32.42, 32.41, 32.34]
[32.41, 32.42]
[32.48]
[32.3, 32.3]
[32.62]
[32.41]
[32.24, 32.25]
[32.9, 32.9]
[32.27]
[32.25]
[32.85]
[32.54, 32.55]
[32.27, 32.28]
[32.71]
[32.13, 32.14]
[32.44]
[32.59, 32.62]
[32.45, 32.45]
[32.31]
[32.43, 32.36]
[32.49, 32.37]
[32.6, 32.61, 32.55]
[32.66, 32.66]
[32.55, 32.56]
[32.58]
[32.49, 32.51]
[32.59]
[32.5]
[32.27]
[32.86, 32.86]
[32.34, 32.34]
[32.54, 32.53]
[32.77]
[32.51, 32.51]
[32.42, 32.42]
[32.26, 32.27]
