[32.47]
[32.28]
[32.16]
[32.6]
[32.42]
[31.96]
[32.69]
[32.46]
[32.57]
[32.28]
[32.67]
[32.5]
[32.06]
[32.32]
[32.7]
[32.26]
[32.77]
[32.52]
[32.38]
[32.5]
[32.91]
[32.52]
[32.3]
[32.59]
[32.41]
[32.53]
[32.52]
[32.62]
[32.28]
[32.28]
[32.42]
[32.28]
[32.34]
[32.57]
[32.49]
[32.3]
[32.57]
[32.31]
[32.83]
[32.18]
[32.44]
[32.33]
[32.53]
[32.62]
[32.39]
[32.68]
[32.66]
[32.68]
[32.41]
[32.67]
[32.35]
[32.48]
[32.7]
[32.47]
[32.26]
[32.68]
[32.42]
[32.4]
[32.38]
[32.56, 32.58]
[32.42]
[32.13]
[32.27]
[32.33]
[32.39]
[32.25]
[32.54]
[32.67]
[32.4]
[32.63, 32.64]
[32.68]
[32.34]
[32.26]
[32.5]
[32.46]
[32.33]
[32.64]
[32.82]
[32.73]
[32.09]
[32.57]
[32.67]
[32.36]
[32.55]
[32.36, 32.37, 32.32]
[32.55]
[32.12]
[32.26]
[32.07]
[32.29]
[32.57]
[32.27]
[32.5]
[32.2]
[32.97]
[32.54]
[32.69]
[32.51]
[32.57]
[32.53]
