[20.43, 20.41]
[19.79]
[19.96, 19.97, 19.92]
[20.03, 20.03]
[20.52]
[20.32]
[20.49, 20.49]
[20.66, 20.64]
[19.81, 19.8, 19.78]
[19.69]
[20.17, 20.16]
[19.98, 19.97, 19.88]
[20.81]
[20.19, 20.19, 20.17]
[20.54, 20.54]
[20.42, 20.43]
[20.21, 20.18]
[20.06, 20.06, 20.07]
[19.95, 19.85]
[20.29]
[19.66]
[19.86, 19.86]
[20.43, 20.4]
[20.0, 19.99]
[20.07, 20.07]
[20.33]
[19.98, 19.95]
[21.03, 21.03]
[20.72, 20.72]
[20.37]
[20.54, 20.55]
[20.8, 20.8]
[20.45, 20.44]
[20.5]
[20.43]
[19.78, 19.79]
[20.4, 20.4]
[20.46, 20.39]
[19.67]
[20.74, 20.71]
[20.52, 20.52]
[19.85]
[20.13, 20.09]
[19.39]
[19.36]
[20.26, 20.23]
[19.83]
[20.0, 19.99, 19.96]
[20.12, 20.1]
[19.7, 19.61]
[20.65]
[20.08, 20.0]
[20.05, 20.05]
[20.04, 20.04]
[20.33, 20.32]
[20.77]
[20.5, 20.5]
[20.35, 20.27]
[19.93, 19.91]
[19.74, 19.71]
[20.61, 20.61]
[19.58, 19.59]
[20.19, 20.2]
[20.01, 19.97, 19.95]
[20.12, 20.13]
[20.72, 20.72, 20.7]
[20.82, 20.82]
[20.07, 20.07]
[21.05, 21.02]
[19.87, 19.87]
[19.91, 19.9, 19.88]
[20.46]
[19.85, 19.78]
[19.56, 19.56, 19.53]
[20.11, 20.09]
[20.49, 20.43, 20.37]
[20.04, 20.01]
[19.95, 19.96]
[20.09, 20.09]
[20.09, 20.1]
[20.73, 20.74]
[19.98, 19.91]
[20.49]
[20.01, 20.0, 19.91]
[19.55]
[20.08, 20.08]
[20.26, 20.23]
[20.33, 20.32]
[20.08, 20.08, 20.03]
[20.56]
[20.73]
[19.82, 19.8, 19.76]
[20.9, 20.83]
[20.51]
[20.89]
[20.31, 20.25]
[20.34]
[20.79]
[20.69, 20.69]
[20.5, 20.47]
