[36.32]
[35.76]
[36.45]
[36.4]
[36.4]
[36.19]
[36.4]
[36.42]
[35.75]
[36.13]
[35.89]
[36.39]
[36.59]
[35.9]
[35.95]
[36.04]
[35.53]
[36.05]
[36.61]
[36.25]
[36.52]
[35.9]
[36.2]
[36.31]
[35.58]
[36.57]
[36.3]
[36.64]
[35.8]
[36.15]
[36.32]
[36.13]
[36.28]
[36.34]
[36.23]
[36.61]
[36.4]
[36.52]
[35.86]
[36.02]
[36.0]
[36.26]
[36.3]
[35.72]
[36.21]
[36.86]
[36.05]
[36.33]
[36.69]
[36.37]
[35.92]
[36.34]
[35.89, 35.81]
[36.64]
[36.85]
[36.47]
[36.77]
[35.87]
[36.03]
[36.04]
[36.25]
[36.31]
[35.88]
[35.49]
[36.15]
[35.82]
[36.57]
[36.0]
[36.21]
[36.26]
[36.08]
[36.16]
[36.01]
[35.83, 35.72]
[36.59]
[35.94]
[36.46]
[36.58]
[36.47]
[36.05, 35.93]
[36.22]
[36.67]
[36.37]
[36.65]
[36.27]
[36.31]
[35.72]
[36.38]
[36.47]
[35.67]
[36.44]
[36.27]
[36.22]
[35.85]
[36.24]
[36.67]
[36.34]
[36.06]
[36.02]
[36.1]
