[905, 679, 464, 313, 224, 205, 200]
[905, 843, 836, 834]
[906, 796, 773]
[906, 844, 829, 827]
[903, 789, 757, 747, 745]
[906, 886, 880]
[906, 819, 794, 793, 791]
[902, 866, 864]
[902, 881, 868]
[903, 872, 870]
[903, 819, 811, 809]
[909, 802, 762, 758]
[903, 656, 417, 251, 175, 154, 152]
[906, 772, 717, 702, 698]
[902, 863, 858, 856]
[906, 853, 838, 826, 825]
[905, 661, 428, 277, 189, 167]
[904, 601, 379, 235, 168, 147]
[904, 816, 807, 801]
[911, 828, 814, 809]
[901, 815, 803, 801]
[902, 863, 860, 857]
[902, 695, 505, 354, 273, 243, 241]
[906, 736, 609, 586, 585]
[904, 657, 399, 267, 196, 182]
[906, 626, 377, 239, 186, 171, 169]
[907, 528, 197, 100, 93, 83]
[905, 691, 467, 288, 203, 172, 168]
[905, 847, 839]
[903, 882, 871]
[909, 815, 784, 781, 779]
[903, 548, 304, 156, 134, 133]
[905, 850, 830, 824]
[905, 828, 821, 819]
[908, 877, 876, 874]
[908, 845, 840]
[904, 793, 760, 755]
[903, 863, 854]
[906, 476, 111, 68]
[906, 860, 852]
[905, 797, 762, 756]
[903, 769, 695, 687]
[904, 896, 894]
[907, 816, 810]
[903, 717, 606, 575]
[903, 795, 775, 762]
[904, 805, 776, 772]
[904, 885, 878]
[904, 724, 553, 411, 327, 308]
[910, 853, 844]
[905, 833, 825, 823]
[905, 894]
[902, 871, 865]
[904, 891, 885]
[903, 823, 808]
[903, 795, 761, 760]
[900, 858, 851, 850]
[904, 699, 477, 304, 191, 150, 144]
[907, 847, 838, 836]
[903, 728, 576, 514, 498]
[907, 891, 890]
[902, 823, 813]
[903, 740, 613, 560, 545]
[902, 587, 319, 173, 123, 120]
[904, 717, 553, 474, 439, 437, 436]
[904, 648, 401, 197, 157]
[906, 766, 713, 705, 703]
[910, 851, 832, 828]
[903, 787, 753, 743, 741]
[906, 888, 886]
[902, 656, 420, 228, 164, 141, 136]
[907, 901]
[906, 837, 819]
[906, 893, 883]
[904, 857, 853]
[905, 853, 840, 836]
[904, 741, 645, 621, 620]
[905, 845, 832, 830]
[903, 821, 798, 796]
[905, 884, 883, 881]
[908, 686, 431, 285, 191, 168, 167]
[905, 848, 822, 820]
[905, 852, 841]
[906, 744, 643, 602, 592]
[903, 720, 530, 354, 239, 185, 176]
[903, 888, 887, 885]
[905, 754, 666, 640]
[908, 738, 619, 567, 556]
[905, 857, 845]
[906, 884, 882]
[905, 871, 869, 867]
[903, 756, 707, 701, 700, 698]
[902, 888]
[905, 782, 747]
[902, 606, 375, 213, 154, 134, 133]
[905, 883, 875, 873]
[902, 817, 800, 798]
[904, 858, 856]
[903, 699, 531, 399, 324, 286, 285]
[905, 720, 539, 394, 315, 291, 287]
[903, 732, 618, 574, 570]
[903, 870, 864]
[906, 825, 812, 810]
[906, 813, 802, 794]
[905, 793, 762, 751]
[906, 783, 742, 740]
[905, 855, 845, 843]
[905, 725, 575, 483, 465]
[903, 740, 630, 599, 594]
[905, 888, 886, 884]
[905, 786, 726, 707]
[903, 819, 808, 806]
[904, 841, 836, 833]
[906, 887]
[905, 874, 865]
[905, 877, 871]
[906, 882, 881, 879]
[904, 758, 716, 707]
[904, 871, 867, 864]
[905, 835, 827, 825]
[905, 865, 861, 859]
[905, 872, 863]
[904, 632, 420, 260, 160, 141]
[902, 784, 756, 753, 751]
[905, 890, 888]
[908, 856, 852]
[907, 760, 674, 651, 637]
[905, 748, 636, 619]
[905, 839, 824]
[909, 836, 814, 806]
[907, 676, 475, 375, 325, 321]
[904, 726, 591, 546, 538]
[903, 659, 428, 245, 185, 181]
[904, 793, 738, 733, 732]
[903, 899, 898, 897]
[905, 888, 887]
[904, 895, 894, 892]
[905, 856, 847, 845]
[901, 746, 669, 641, 636]
[906, 601, 337, 150, 104, 102]
[903, 795, 762, 754, 748]
[907, 803, 780, 776]
[904, 891, 887]
[904, 740, 650, 625, 621]
[905, 752, 661, 651, 650]
[905, 789, 773, 771]
[903, 775, 724, 715, 711]
[903, 549, 286, 144, 123]
[906, 818, 799, 798]
[908, 723, 559, 481, 456, 452]
[903, 827, 811, 809]
[903, 872, 862, 859]
[905, 777, 743, 740]
[902, 627, 401, 245, 167, 128, 123]
[906, 873, 870]
[903, 861, 854]
[904, 898]
[905, 465, 99, 12]
[904, 837, 818]
[905, 873, 871, 869]
[904, 831, 811, 806]
[904, 690, 464, 330, 239, 188, 183]
[904, 838, 825]
[908, 561, 277, 107, 84, 81]
[909, 864, 856]
[906, 879]
[904, 679, 476, 311, 215, 197, 192]
[905, 523, 207, 93, 79]
[902, 651, 414, 248, 202, 192, 191]
[909, 886, 879]
[902, 803, 777, 773]
[903, 830, 816, 812]
[905, 692, 452, 315, 229, 182, 174]
[903, 701, 526, 380, 279, 206, 196, 195, 193]
[908, 772, 732, 723]
[904, 814, 775, 770]
[904, 738, 607, 576, 575]
[904, 842, 837]
[903, 860, 854]
[906, 821, 799, 795]
[905, 582, 327, 152, 111, 86, 85]
[908, 480, 180, 116, 109]
[904, 730, 634, 588, 583]
[904, 493, 142, 46, 41, 19]
[905, 781, 740, 736]
[903, 674, 444, 276, 199, 174, 172]
[904, 797, 773, 768]
[907, 879, 878, 877]
[906, 691, 481, 335, 231, 188, 186]
[907, 793, 738, 733]
[902, 805, 778, 776]
[906, 659, 431, 274, 197, 185]
[902, 875, 869]
[905, 861, 854]
[903, 846, 844]
[905, 808, 791]
[907, 851, 839]
[910, 686, 463, 301, 229, 207]
[902, 651, 420, 293, 200, 174, 173]
[907, 772, 720, 712]
[908, 777, 728, 712]
[903, 754, 699, 687, 684]
[905, 832, 823, 821]
[901, 754, 662, 637, 633, 632, 628]
[908, 833, 831]
[906, 645, 375, 225, 172, 161, 158]
[902, 864, 859, 855]
[905, 766, 715, 713]
[906, 700, 478, 311, 231, 209, 206]
[903, 881, 876, 874]
[906, 883, 880]
[907, 792, 749, 741]
[905, 848, 839]
[905, 857, 855]
[903, 884, 882]
[906, 847, 829, 823]
[903, 808, 782, 778]
[903, 836, 825, 823]
[906, 884, 881]
[902, 708, 507, 381, 302, 259, 258]
[904, 874, 871]
[904, 741, 595, 525, 499]
[902, 820, 798, 794]
[908, 879, 877]
[907, 818, 808]
[905, 570, 292, 146, 123]
[907, 875, 873]
[903, 844, 837]
[902, 876, 875]
[909, 855, 846]
[905, 863, 855]
[906, 838, 821, 819]
[900, 730, 598, 557, 555]
[905, 595, 377, 228, 152, 129, 127]
[909, 770, 745, 736]
[906, 873, 866, 862]
[904, 827, 808, 801]
[905, 822, 802, 800]
[905, 872, 870]
[905, 886, 883]
[905, 769, 681, 660]
[907, 868, 860, 857]
[899, 857, 849, 846]
[902, 733, 620, 602]
[905, 838, 835, 832]
[907, 892, 890]
[905, 797, 775, 772]
[909, 891, 890]
[906, 801, 779, 772]
[903, 827, 791, 788]
[902, 835, 817]
[902, 703, 493, 331, 244, 226, 223]
[906, 709, 496, 310, 235, 201, 199]
[902, 889, 888]
[903, 845, 838]
[904, 466, 173, 95, 83]
[902, 799, 778, 771]
[904, 717, 589, 535, 523, 520, 512]
[901, 687, 449, 308, 225, 206, 204]
[903, 768, 712, 705]
[906, 840, 832]
[904, 720, 547, 436, 394, 391]
[904, 676, 451, 274, 185, 150, 138]
[903, 744, 671, 654, 649]
[905, 846, 845, 843]
[904, 547, 294, 103, 76, 62]
[905, 877, 872]
[904, 774, 703, 692]
[909, 891, 888]
[905, 771, 719, 712]
[907, 886, 878]
[904, 798, 752, 750]
[903, 709, 546, 404, 296, 240, 232, 231]
[904, 864, 858]
[908, 892, 891]
[908, 892, 887]
[909, 668, 455, 309, 227, 200]
[905, 748, 706, 699]
[905, 889]
[907, 833, 818, 815]
[906, 774, 735, 727]
[906, 880, 877]
[906, 670, 436, 272, 166, 144, 137]
[905, 855, 843]
[901, 695, 519, 393, 351, 339, 337]
[904, 817, 809, 803]
[902, 863, 858, 855]
[906, 870, 865, 861]
[903, 734, 582, 530, 526]
[901, 865, 861]
[902, 877, 873, 870]
[903, 882, 876]
[903, 807, 790, 786]
[908, 790, 763, 758]
[905, 630, 406, 247, 183, 155, 152, 148]
[907, 568, 274, 144, 106, 98]
[902, 763, 704, 697, 695]
[903, 847, 844, 842]
[904, 559, 337, 137, 99, 97]
[906, 864, 853]
[901, 721, 558, 428, 359, 352]
[906, 708, 496, 317, 190, 165, 164]
[905, 595, 300, 174, 140, 134, 133]
[903, 871, 868, 866]
[903, 817, 795, 791]
[905, 714, 555, 458, 435, 434]
[904, 880]
[906, 642, 415, 250, 181, 160, 158]
[908, 887, 886]
[903, 695, 473, 328, 208, 174, 166]
[902, 654, 396, 237, 172, 159, 158]
[904, 678, 430, 291, 222, 203, 202]
[902, 774, 730, 723, 721]
[903, 711, 546, 495, 491]
[905, 812, 777, 770]
[904, 820, 799, 796]
[902, 827, 810]
[905, 716, 553, 438, 405]
[906, 813, 787, 785]
[903, 632, 401, 217, 160, 149, 148]
[902, 638, 384, 210, 172, 166]
[904, 861, 854, 852]
[903, 865, 856, 854]
[906, 715, 577, 514, 505]
[903, 721, 578, 524, 514]
[905, 716, 565, 483, 466]
[906, 613, 344, 164, 122, 114]
[902, 817, 810, 806]
[900, 688, 492, 372, 291, 273]
[904, 760, 658, 636, 634]
[904, 833, 827]
[909, 652, 408, 244, 158, 143]
[904, 867, 863]
[905, 853, 838]
[902, 825, 803, 798]
[906, 883, 877, 875]
[902, 766, 727, 719, 717]
[906, 838, 819, 811, 809]
[905, 872, 866, 864]
[908, 787, 748, 744]
[905, 848, 838]
[903, 853, 847]
[903, 752, 691, 689]
[904, 863, 857]
[907, 856, 842, 841]
[904, 757, 702, 692]
[907, 858, 841]
[906, 852, 831, 827]
[903, 781, 696, 684]
[902, 541, 246, 105, 90]
[910, 711, 459, 313, 243, 235, 233, 232]
[905, 900]
[906, 820, 800, 796]
[903, 854, 848, 846]
[904, 651, 443, 248, 169, 146, 142]
[905, 791, 759, 748]
[906, 900]
[905, 738, 662, 654, 652]
[905, 879, 871]
[908, 885, 882]
[908, 810, 791, 784, 782]
[903, 810, 803, 801]
[908, 791, 767, 762]
[902, 721, 595, 567, 565]
[904, 631, 399, 231, 152, 147]
[906, 852, 840, 839, 837]
[907, 826, 822]
[904, 784, 754, 746, 744]
[904, 781, 752, 743, 741]
[903, 609, 365, 204, 150, 146]
[903, 681, 453, 306, 231, 204, 202]
[905, 812, 783, 779]
[900, 855, 848]
[904, 516, 162, 90, 87]
[908, 890]
[901, 733, 606, 574, 570]
[906, 731, 595, 555]
[906, 847, 833]
[903, 733, 646, 632, 629]
[901, 798, 777, 770]
[904, 799, 771]
[903, 782, 756, 753]
[909, 823, 810, 808]
[905, 738, 607, 571, 569]
[903, 793, 754, 753]
[903, 695, 455, 323, 258, 227, 226]
[909, 796, 771, 761, 759]
[909, 780, 698, 680]
[903, 869, 850]
[904, 874, 865]
[903, 794, 775, 763]
[902, 824, 806, 802, 800]
[906, 832, 815, 814]
[906, 738, 636, 615, 611]
[906, 856, 845, 842]
[904, 751, 711, 706]
[910, 900]
[905, 793, 765, 762]
[908, 740, 633, 587, 579, 577]
[902, 635, 341, 106, 85, 83]
[902, 839, 830]
[905, 757, 676, 640, 633]
[905, 899]
[905, 815, 809]
[903, 863, 856]
[907, 874, 865, 863]
[903, 869, 866]
[905, 645, 389, 207, 148, 140]
[907, 825, 800, 796]
[905, 600, 402, 222, 155, 147, 146]
[907, 577, 308, 137, 110, 109]
[902, 730, 543, 393, 316, 302, 300]
[904, 838, 833, 832]
[904, 830, 816, 813]
[905, 556, 273, 162, 124, 122]
[907, 873, 872]
[908, 873, 866, 865]
[904, 895, 890, 888]
[907, 446, 150, 61, 52]
[901, 785, 763]
[903, 838, 828]
[902, 861, 852, 847]
[904, 786, 739, 723]
[903, 824, 804, 797]
[903, 816, 792]
[903, 887]
[907, 864, 863]
[908, 731, 589, 515, 502]
[905, 784, 719, 713]
[902, 725, 600, 538, 528, 522]
[905, 561, 313, 128, 82, 79, 78]
[906, 834, 827]
[907, 597, 340, 228, 169, 160]
[903, 818, 781, 773]
[904, 510, 196, 96, 82]
[903, 855, 848, 844]
[905, 829, 809, 806]
[906, 885, 884]
[907, 898, 895]
[902, 848, 834]
[909, 871, 866]
[904, 891, 887]
[903, 737, 613, 558, 553]
[906, 622, 373, 168, 99, 95]
[904, 869, 864, 862]
[908, 781, 744, 741]
[907, 847, 835]
[911, 880, 874]
[906, 834, 822, 820]
[906, 586, 258, 75, 70]
[903, 745, 610, 576, 574]
[904, 889, 881, 879]
[910, 680, 478, 334, 238, 187, 182]
[907, 789, 734, 723, 720]
[903, 880, 874]
[905, 891, 889]
[907, 819, 800]
[904, 896]
[904, 685, 502, 325, 207, 186, 179, 176]
[904, 856, 851]
[906, 886, 878]
[905, 760, 678, 661, 660]
[906, 822, 809, 806]
[902, 888, 887, 885]
[903, 809, 792, 787, 785]
[903, 818, 801]
[903, 707, 574, 523, 520]
[901, 839, 814, 812]
[905, 814, 776, 765, 764, 762]
[904, 646, 434, 245, 159, 132]
[904, 561, 301, 112, 71, 70]
[904, 865, 858]
[905, 848, 846, 841]
[906, 748, 617, 559, 553]
[906, 628, 395, 209, 137, 129, 128]
[902, 870, 865, 863]
[905, 600, 380, 208, 152, 146]
[906, 796, 767, 765]
[903, 762, 708, 696]
[907, 830, 823, 819]
[904, 886, 885]
[900, 545, 222, 122, 104, 102]
[909, 837, 829, 827]
[904, 869, 858]
[903, 833, 822, 818]
[905, 765, 706, 704, 702]
[902, 832, 811]
[905, 817, 801, 798]
[907, 701, 507, 389, 324, 315]
[903, 888, 883]
[904, 867, 864, 860]
[904, 882, 877]
[904, 753, 672, 662, 660]
[907, 867]
[904, 460, 98, 59, 58]
[906, 854, 842, 840]
[903, 796, 767, 755, 754]
[906, 833, 822, 815]
[906, 831, 817]
[903, 557, 261, 116, 87, 86]
[909, 808, 780, 775]
[905, 769, 703, 686]
[908, 788, 766, 756]
[906, 874, 870, 868]
[905, 534, 251, 101, 84, 82]
[905, 849, 843, 842, 840]
[906, 773, 740, 738]
[904, 853, 843]
[902, 825, 811, 810]
[909, 749, 656, 639]
[905, 823, 810, 808]
[907, 890, 888]
[906, 870, 868]
[903, 797, 776, 769, 767]
[905, 666, 436, 264, 182, 161]
[902, 821, 795]
[907, 669, 431, 291, 218, 196, 194]
[906, 834, 830]
[906, 530, 217, 92, 80]
[905, 838, 828, 826]
[908, 871, 854, 852]
[907, 895, 894]
[903, 800, 774, 760]
[906, 793, 757, 751, 750]
[905, 595, 332, 185, 124, 115]
[908, 716, 570, 541, 540]
[909, 881, 878]
[906, 589, 316, 171, 144]
[902, 887, 886]
[906, 887, 883]
[902, 880, 873]
[903, 541, 172, 102, 100]
[903, 712, 514, 387, 334, 328]
[904, 691, 455, 313, 234, 207, 205]
[904, 639, 414, 237, 168, 155]
[907, 845, 835, 833]
[906, 851, 838]
[905, 741, 651, 618, 613]
[905, 737, 604, 559]
[902, 875, 872, 868]
[901, 748, 643, 628]
[903, 846, 837, 832]
[909, 872, 868, 866]
[907, 692, 490, 352, 265, 215, 203, 202]
[907, 867, 864]
[902, 779, 751, 748]
[903, 849, 840]
[906, 747, 677, 668]
[910, 765, 693, 680]
[904, 798, 762, 756]
[907, 851, 842]
[907, 775, 706, 688]
[902, 866, 862]
[907, 858]
[905, 675, 429, 257, 180, 163, 156]
[905, 817, 788]
[904, 445, 133, 62]
[906, 726, 574, 513, 496, 494]
[903, 644, 416, 255, 151, 140, 137]
[907, 798, 763, 757, 754]
[905, 740, 597, 509, 500]
[905, 860, 850]
[904, 717, 546, 440, 392, 380]
[906, 568, 279, 142, 123, 120]
[905, 859, 854, 853]
[907, 831, 827]
[904, 587, 326, 176, 139, 130]
[904, 866, 860, 858]
[903, 761, 705, 691, 682]
[906, 885, 879]
[904, 803, 766, 759]
[906, 863, 860, 858]
[901, 836, 825, 823]
[905, 755, 681, 674]
[901, 775, 744, 737]
[901, 596, 365, 211, 145, 129, 128]
[905, 720, 581, 519, 509, 507]
[907, 589, 307, 136, 102, 95]
[903, 800, 775, 770]
[905, 596, 349, 174, 101, 93]
[908, 866, 860]
[900, 764, 736, 734, 730]
[902, 896]
[906, 776, 736, 732]
[905, 824, 804, 801]
[902, 597, 296, 139, 120, 119]
[905, 672, 434, 269, 199, 189]
[903, 814, 796, 792]
[901, 829, 827]
[903, 822, 798, 792]
[908, 741, 655, 624]
[907, 833, 811, 807]
[905, 693, 472, 317, 235, 210, 204]
[902, 836, 829, 826, 824]
[907, 875, 870]
[901, 882, 879]
[908, 898, 897]
[904, 781, 750, 742]
[904, 619, 345, 183, 138, 118, 117]
[907, 556, 262, 135, 122]
[908, 900]
[906, 841, 829, 827]
[908, 707, 526, 393, 301, 261, 260]
[901, 873, 869, 867]
[904, 841, 830, 824]
[904, 868, 860]
[906, 824, 815]
[905, 852, 834]
[902, 788, 761, 757]
[905, 756, 659, 633, 628]
[905, 898]
[908, 748, 681, 675]
[903, 802, 787, 784]
[907, 612, 359, 163, 127]
[907, 593, 346, 150, 131, 129]
[904, 676, 435, 309, 249, 231]
[906, 760, 690, 680]
[906, 873, 865, 863]
[905, 870, 867]
[904, 821, 807, 803]
[906, 822, 792, 791]
[904, 880, 879]
[907, 889, 888]
[907, 864, 856, 852]
[908, 664, 458, 312, 204, 176, 173]
[908, 782, 737, 735]
[905, 759, 663, 639]
[905, 747, 606, 561, 553, 551]
[908, 884, 875]
[905, 611, 374, 237, 174, 158, 157]
[903, 695, 464, 290, 205, 167, 153]
[909, 847, 843]
[904, 877, 875]
[901, 682, 494, 362, 286, 272]
[904, 846, 833]
[903, 892, 889, 886]
[903, 594, 361, 208, 154, 150, 149]
[905, 830, 817, 813]
[906, 623, 364, 216, 156, 148, 146, 144]
[907, 885, 879, 877]
[904, 724, 601, 575]
[905, 760, 681, 669]
[902, 694, 456, 298, 219, 202]
[903, 878, 869, 867]
[904, 735, 648, 625, 622]
[904, 861, 854, 852]
[905, 822, 813, 812]
[905, 840, 832, 827, 825]
[902, 475, 166, 32, 17]
[907, 570, 316, 155, 108, 100]
[902, 832, 809]
[904, 871, 869]
[902, 780, 741, 734, 732]
[905, 864, 853, 849]
[905, 871, 859, 857, 855]
[902, 631, 419, 293, 230, 220]
[905, 828, 812, 808]
[902, 884, 882]
[908, 828, 809, 806]
[900, 697, 514, 373, 313, 303]
[903, 652, 429, 221, 129, 124]
[906, 705, 512, 385, 300, 265, 263]
[902, 592, 343, 148, 114, 110]
[900, 846, 837]
[901, 522, 218, 69, 64, 57]
[904, 780, 734, 725]
[905, 739, 596, 536, 527]
[904, 515, 185, 123, 111]
[901, 679, 451, 282, 190, 151, 135]
[907, 588, 331, 190, 158, 157]
[904, 880]
[905, 831, 818, 813]
[904, 852, 848]
[900, 716, 562, 499, 485]
[906, 819, 802, 798, 796]
[904, 817, 776, 773]
[903, 882, 879]
[903, 841, 833, 831]
[907, 859, 850, 848]
[903, 873, 871, 869]
[901, 763, 698, 678, 675]
[903, 787, 751, 745]
[907, 844, 836, 830]
[903, 850, 838]
[901, 817, 803, 800]
[906, 856, 849, 844]
[902, 837, 829, 828]
[902, 676, 462, 325, 230, 177, 167]
[906, 618, 390, 245, 188, 184, 183]
[905, 630, 384, 205, 135, 130, 128]
[904, 769, 705, 681, 679]
[906, 770, 706, 700]
[903, 841, 831]
[905, 569, 275, 135, 108, 102]
[902, 778, 746, 740]
[905, 858, 854, 852]
[905, 879, 873]
[907, 663, 424, 272, 199, 180, 178]
[905, 885, 879]
[906, 563, 240, 80, 59]
[905, 738, 630, 620, 617]
[904, 838, 826]
[907, 793, 745, 743]
[909, 862, 850]
[904, 670, 418, 286, 245, 235, 232]
[904, 881, 880]
[909, 785, 744, 739]
[904, 880, 875]
[903, 883, 878, 875]
[901, 491, 171, 80, 61]
[906, 868, 856]
[905, 871, 865]
[906, 651, 427, 247, 179, 165, 162]
[901, 894, 892]
[904, 801, 775, 773]
[907, 834, 812, 809, 807]
[906, 829, 820, 818]
[901, 838, 830]
[905, 728, 598, 568, 560]
[904, 614, 375, 218, 148, 139]
[905, 729, 577, 527, 518, 515]
[902, 797, 774, 771]
[903, 801, 781, 778]
[903, 797, 783]
[902, 643, 421, 269, 204, 171]
[902, 839, 828, 826]
[905, 850, 848]
[904, 850, 838]
[905, 892]
[907, 891, 888]
[906, 653, 376, 230, 157, 146, 142]
[906, 858, 856]
[905, 770, 694, 672]
[905, 789, 742, 729, 727]
[905, 739, 623, 604, 601]
[903, 844, 818, 813]
[904, 834, 829]
[903, 802, 775, 768, 766]
[902, 896]
[904, 549, 271, 113, 93, 92]
[903, 880, 871]
[905, 794, 766, 762]
[904, 884, 880]
[902, 684, 488, 333, 247, 225, 221]
[909, 877, 876, 873]
[902, 864, 847, 846]
[903, 822, 799, 793]
[905, 648, 424, 284, 195, 168, 164]
[907, 875, 863, 861]
[905, 852, 833, 831]
[902, 623, 381, 222, 159, 149]
[905, 872, 860]
[904, 715, 555, 443, 424, 422]
[903, 884, 883, 881]
[906, 786, 766, 757]
[904, 603, 307, 173, 124, 117]
[907, 647, 403, 218, 161, 158]
[906, 873, 866, 864]
[905, 747, 640, 610, 608]
[908, 887, 881, 877, 875]
[901, 676, 456, 328, 243, 209, 203]
[904, 682, 428, 288, 206, 180, 177, 174]
[903, 563, 339, 160, 119, 118]
[901, 789, 756, 754]
[908, 835, 819]
[904, 835, 826, 822]
[905, 609, 387, 220, 153, 137]
[908, 895, 891, 889]
[904, 736, 649, 630, 628]
[904, 743, 647, 626, 618]
[903, 895]
[903, 895]
[904, 887, 882, 880]
[905, 856, 846, 839]
[905, 812, 802, 797]
[905, 827, 813]
[909, 798, 764, 760]
[903, 739, 607, 579, 573]
[905, 839, 827]
[906, 819, 803, 790]
[907, 854, 844, 839]
[904, 856, 834]
[906, 614, 336, 202, 171, 164, 160]
[906, 799, 766, 765]
[907, 787, 760, 747, 744]
[906, 804, 767, 766]
[902, 788, 759, 748, 747]
[907, 604, 330, 167, 120, 119]
[903, 889]
[906, 640, 381, 214, 157, 150]
[908, 680, 431, 291, 214, 199]
[901, 833, 821, 819]
[905, 800, 774, 769]
[904, 860, 857, 855]
[907, 843, 823, 822]
[902, 856, 844]
[903, 702, 504, 359, 278, 257]
[904, 619, 385, 201, 137, 132]
[905, 814, 786, 782, 780]
[902, 645, 420, 250, 181, 163, 158, 157]
[907, 884, 878]
[904, 846, 834, 832]
[907, 847, 843, 839]
[910, 897, 893, 891]
[904, 623, 380, 215, 157, 137, 135]
[907, 776, 741, 728]
[905, 760, 678, 653]
[901, 854, 835, 831, 829]
[906, 879, 875]
[902, 837, 824, 822]
[907, 882, 879]
[907, 570, 275, 134, 93]
[906, 842, 829, 822]
[904, 685, 439, 286, 209, 185, 182]
[905, 756, 696, 692]
[905, 692, 478, 312, 199, 171, 170]
[907, 816, 805, 798]
[901, 776, 723, 702]
[907, 715, 532, 369, 286, 256]
[904, 581, 302, 131, 80, 57, 53]
[903, 619, 378, 184, 117, 109]
[902, 707, 497, 336, 237, 207, 206]
[903, 741, 617, 570, 564]
[902, 797, 776, 774]
[906, 824, 806, 799]
[902, 803, 770, 759]
[908, 892, 890, 888]
[903, 802, 763, 756, 754]
[904, 892, 887]
[903, 690, 488, 295, 193, 166, 165]
[905, 694, 434, 282, 170, 139]
[904, 707, 529, 390, 337, 328]
[908, 875, 864]
[906, 825, 807, 803]
[902, 861, 852, 848]
[905, 718, 502, 314, 212, 168, 161]
[906, 839, 816]
[903, 827, 814, 812]
[904, 775, 729, 721]
[902, 576, 337, 203, 134, 119, 117]
[905, 809, 778, 775]
[905, 849, 835, 829]
[904, 739, 683, 677, 675]
[905, 817, 809]
[909, 831, 823]
[906, 884, 879]
[904, 829, 823, 819, 817]
[905, 821, 808, 806]
[907, 866, 857, 851]
[906, 615, 359, 192, 125, 121, 120]
[903, 867, 865, 863]
[908, 867, 856, 854]
[908, 788, 763, 760]
[903, 851, 848, 846]
[910, 637, 370, 207, 131, 129, 126]
[903, 892, 890]
[904, 873, 862]
[905, 659, 443, 280, 197, 180]
[906, 718, 581, 518, 515, 512]
[908, 846, 838]
[906, 808, 792, 788]
[904, 767, 724, 717]
[902, 541, 240, 119, 103]
[904, 670, 448, 314, 273, 265]
[905, 852, 836]
[907, 871, 867]
[906, 866, 858]
[904, 785, 760, 751]
[907, 511, 230, 117, 83, 80]
[903, 889, 886]
[904, 830, 817]
[907, 838, 829]
[905, 828, 817, 813]
[909, 792, 756, 749]
[906, 855, 845, 842]
[905, 850, 834, 833]
[904, 878, 877]
[905, 884, 883, 881]
[908, 893, 892, 890]
[904, 897]
[902, 801, 783, 781]
[904, 845, 838, 835, 833]
[902, 814, 806]
[905, 799, 778, 775]
[902, 812, 787]
[907, 739, 628, 604, 602]
[904, 889]
[903, 678, 444, 280, 201, 179]
[905, 813, 788, 786]
[910, 874, 870]
[907, 833, 822]
[906, 728, 583, 538, 536]
[905, 878, 870]
[903, 871, 864]
[905, 867, 859]
[903, 702, 517, 373, 302, 268, 263, 261]
[903, 616, 355, 197, 165, 162]
[904, 743, 650, 644, 643]
[905, 888, 886]
[907, 881, 878, 876]
[908, 775, 740, 735, 733]
[904, 750, 634, 602, 594, 592]
[903, 779, 734, 726, 724]
[907, 867, 864]
[904, 770, 704, 694, 690]
[905, 884, 879]
[903, 893]
[905, 871, 867, 865]
[906, 775, 725, 712, 710]
[904, 893, 887]
[902, 753, 638, 613, 611]
[903, 797, 752, 748]
[908, 892]
[903, 726, 561, 528, 513]
[909, 690, 454, 302, 228, 186, 177]
[907, 803, 782, 772, 770]
[907, 871, 863]
[902, 818, 805]
[906, 840, 837, 834]
[907, 822, 804, 802]
[903, 717, 533, 395, 317, 303]
[908, 865, 862, 860]
[901, 620, 340, 168, 119, 113]
[904, 824, 810, 807]
[903, 878, 873]
[907, 789, 722, 708, 707, 705]
[907, 872, 864, 862]
[903, 757, 709, 704, 702]
[908, 726, 565, 460, 429]
[902, 786, 761, 759]
[904, 885, 884, 882]
[904, 537, 313, 149, 117, 116]
[906, 753, 674, 651, 648, 646]
[907, 900, 895]
[908, 649, 433, 275, 191, 168]
[906, 736, 626, 601, 600]
[908, 898]
[905, 869, 859, 857]
[904, 756, 687, 676, 674]
[904, 763, 687, 660, 658]
[906, 854, 845, 841]
[903, 792, 770, 768]
[906, 884, 881]
[904, 845, 829, 827]
[905, 781, 754, 752]
[907, 848, 837, 832]
[905, 888, 887]
[905, 785, 738, 734]
[908, 668, 466, 329, 266, 245, 240]
[904, 668, 436, 291, 228, 210, 208]
[904, 863, 856, 854]
[902, 813, 795, 791]
[907, 882, 874]
[903, 762, 721]
[904, 853, 847]
[904, 770, 728, 721]
[906, 806, 791]
[906, 901, 895]
[906, 806, 776, 771]
[906, 674, 464, 287, 204, 167, 151, 150]
[905, 862, 849]
[906, 835, 823]
[905, 887, 883]
[907, 871, 870]
[907, 723, 558, 461, 434, 430]
[903, 713, 521, 411, 361, 347, 345]
[903, 851, 841, 839]
[903, 877, 874]
[905, 635, 395, 222, 156, 148]
[905, 800, 773, 766]
[904, 866, 863]
[907, 873, 871, 869]
[905, 814, 797]
[906, 620, 384, 202, 151, 149]
[904, 862, 854]
[902, 851, 835]
[909, 887, 881]
[905, 831, 818, 816]
[905, 757, 697, 691, 689]
[909, 645, 406, 248, 166, 151, 149]
[907, 785, 729, 726]
[906, 739, 636, 632]
[904, 849, 833, 831]
[906, 868, 859, 857]
[909, 750, 688, 672, 667, 665]
[908, 726, 570, 497, 483, 482]
[908, 791, 755, 747]
[904, 877, 871]
[904, 737, 637, 616, 615, 613]
[905, 693, 512, 383, 326]
[906, 894]
[903, 693, 492, 355, 270, 245, 238]
[909, 873, 869, 867]
[905, 738, 621, 584, 575]
[904, 854, 839, 837]
[903, 702, 493, 343, 275, 254, 253]
[903, 517, 190, 78, 67]
[905, 775, 739, 730]
[908, 654, 434, 288, 197, 174]
[903, 885]
