[775]
[499]
[548]
[626]
[748]
[823]
[808]
[711]
[635]
[717]
[708]
[465]
[793]
[501]
[765]
[752]
[691]
[757]
[696]
[832]
[755]
[827]
[612]
[646]
[757]
[763]
[769]
[817]
[538]
[794]
[724]
[353]
[198]
[838]
[551]
[502]
[769]
[832]
[395]
[744]
[701]
[743]
[716]
[457]
[208]
[329]
[788]
[770]
[789]
[699]
[778]
[762]
[686]
[771]
[231]
[676]
[706]
[670]
[675]
[593]
[784]
[700]
[689]
[699]
[711]
[565]
[646]
[747]
[162]
[731]
[804]
[799]
[448]
[773]
[507]
[731]
[539]
[725]
[334]
[477]
[646]
[821]
[662]
[766]
[780]
[787]
[739]
[753]
[305]
[790]
[821]
[504]
[587]
[684]
[758]
[708]
[226]
[584]
[759]
[643]
[837]
[720]
[781]
[828]
[689]
[763]
[757]
[695]
[566]
[575]
[688]
[793]
[578]
[785]
[706]
[736]
[677]
[726]
[689]
[200]
[687]
[643]
[771]
[324]
[660]
[789]
[750]
[804]
[791]
[827]
[479]
[540]
[797]
[830]
[766]
[839]
[508]
[806]
[752]
[786]
[838]
[745]
[566]
[700]
[523]
[425]
[584]
[403]
[298]
[747]
[722]
[818]
[711]
[802]
[665]
[825]
[682]
[685]
[579]
[726]
[852]
[829]
[840]
[717]
[228]
[796]
[558]
[516]
[366]
[639]
[800]
[844]
[435]
[785]
[745]
[652]
[448]
[628]
[812]
[557]
[420]
[784]
[778]
[388]
[698]
[824]
[326]
[745]
[672]
[817]
[590]
[497]
[804]
[490]
[749]
[774]
[732]
[270]
[356]
[672]
[593]
[798]
[134]
[443]
[772]
[134]
[751]
[720]
[494]
[748]
[731]
[512]
[673]
[795]
[796]
[694]
[777]
[162]
[503]
[785]
[792]
[762]
[724]
[766]
[742]
[333]
[786]
[380]
[589]
[773]
[874]
[747]
[626]
[772]
[646]
[759]
[647]
[370]
[296]
[798]
[823]
[672]
[140]
[164]
[727]
[667]
[717]
[768]
[756]
[758]
[794]
[288]
[724]
[153]
[185]
[451]
[725]
[348]
[740]
[802]
[125]
[805]
[773]
[606]
[365]
[847]
[744]
[673]
[704]
[632]
[350]
[772]
[727]
[505]
[300]
[799]
[697]
[784]
[776]
[510]
[652]
[744]
[840]
[692]
[424]
[818]
[795]
[702]
[764]
[334]
[813]
[452]
[847]
[700]
[417]
[614]
[780]
[712]
[696]
[710]
[752]
[745]
[616]
[711]
[765]
[474]
[779]
[493]
[768]
[792]
[647]
[696]
[420]
[438]
[598]
[812]
[825]
[518]
[680]
[740]
[491]
[698]
[739]
[821]
[327]
[793]
[688]
[219]
[483]
[664]
[799]
[739]
[763]
[743]
[679]
[825]
[738]
[291]
[778]
[789]
[283]
[364]
[767]
[705]
[807]
[437]
[533]
[795]
[700]
[641]
[728]
[745]
[833]
[750]
[177]
[736]
[834]
[768]
[679]
[733]
[840]
[814]
[713]
[822]
[786]
[806]
[754]
[523]
[672]
[732]
[453]
[749]
[678]
[765]
[812]
[737]
[752]
[662]
[744]
[709]
[377]
[668]
[690]
[456]
[350]
[715]
[631]
[292]
[719]
[700]
[600]
[812]
[320]
[753]
[232]
[643]
[735]
[367]
[799]
[536]
[796]
[722]
[240]
[705]
[756]
[737]
[659]
[595]
[768]
[760]
[592]
[793]
[695]
[433]
[739]
[652]
[166]
[766]
[770]
[770]
[543]
[268]
[476]
[398]
[679]
[662]
[276]
[799]
[708]
[299]
[560]
[732]
[735]
[188]
[733]
[755]
[724]
[222]
[792]
[752]
[216]
[792]
[674]
[694]
[730]
[712]
[611]
[748]
[549]
[706]
[675]
[685]
[394]
[541]
[618]
[696]
[768]
[252]
[824]
[795]
[430]
[727]
[532]
[172]
[628]
[819]
[516]
[653]
[726]
[852]
[585]
[805]
[538]
[775]
[720]
[745]
[253]
[773]
[685]
[730]
[690]
[388]
[134]
[761]
[724]
[552]
[736]
[812]
[690]
[474]
[814]
[373]
[334]
[630]
[736]
[710]
[406]
[616]
[828]
[177]
[756]
[641]
[758]
[750]
[783]
[710]
[676]
[666]
[816]
[826]
[799]
[692]
[603]
[623]
[614]
[668]
[316]
[223]
[107]
[384]
[580]
[757]
[804]
[770]
[692]
[759]
[762]
[722]
[300]
[677]
[605]
[165]
[605]
[788]
[306]
[723]
[512]
[732]
[694]
[835]
[539]
[535]
[444]
[781]
[770]
[849]
[761]
[184]
[601]
[686]
[818]
[648]
[754]
[693]
[714]
[246]
[781]
[750]
[766]
[669]
[273]
[655]
[835]
[783]
[741]
[664]
[672]
[817]
[682]
[597]
[563]
[755]
[734]
[186]
[802]
[787]
[524]
[567]
[801]
[448]
[764]
[748]
[380]
[765]
[312]
[579]
[853]
[608]
[742]
[720]
[536]
[774]
[235]
[166]
[702]
[759]
[596]
[236]
[743]
[684]
[817]
[760]
[651]
[316]
[730]
[93]
[343]
[747]
[801]
[722]
[705]
[651]
[400]
[624]
[824]
[496]
[449]
[720]
[648]
[808]
[700]
[292]
[620]
[548]
[633]
[705]
[170]
[804]
[372]
[673]
[829]
[791]
[634]
[576]
[687]
[510]
[798]
[733]
[201]
[787]
[534]
[604]
[329]
[563]
[780]
[582]
[431]
[758]
[687]
[804]
[635]
[722]
[803]
[697]
[771]
[749]
[772]
[847]
[301]
[589]
[651]
[629]
[483]
[724]
[450]
[649]
[377]
[310]
[110]
[674]
[775]
[463]
[681]
[749]
[701]
[772]
[712]
[765]
[760]
[699]
[413]
[358]
[695]
[96]
[784]
[691]
[743]
[647]
[805]
[684]
[720]
[306]
[769]
[652]
[205]
[837]
[751]
[566]
[776]
[772]
[481]
[804]
[717]
[810]
[600]
[709]
[767]
[142]
[760]
[740]
[449]
[573]
[721]
[688]
[640]
[122]
[649]
[601]
[773]
[174]
[638]
[791]
[727]
[712]
[602]
[704]
[221]
[119]
[657]
[732]
[659]
[784]
[790]
[686]
[780]
[671]
[377]
[758]
[744]
[724]
[677]
[626]
[760]
[720]
[709]
[753]
[628]
[836]
[687]
[771]
[763]
[830]
[729]
[788]
[528]
[617]
[670]
[652]
[604]
[698]
[746]
[827]
[842]
[741]
[682]
[708]
[830]
[778]
[576]
[779]
[411]
[270]
[775]
[487]
[356]
[684]
[670]
[753]
[698]
[772]
[473]
[423]
[839]
[637]
[706]
[688]
[718]
[755]
[791]
[764]
[526]
[567]
[668]
[753]
[769]
[808]
[687]
[780]
[585]
[776]
[618]
[240]
[715]
[840]
[574]
[846]
[798]
[638]
[653]
[278]
[601]
[765]
[298]
[750]
[752]
[588]
[864]
[241]
[421]
[775]
[529]
[665]
[613]
[737]
[761]
[385]
[442]
[793]
[772]
[708]
[723]
[611]
[746]
[785]
[369]
[810]
[391]
[705]
[408]
[707]
[259]
[691]
[628]
[614]
[531]
[733]
[777]
[690]
[767]
[565]
[336]
[285]
[767]
[773]
[769]
[827]
[819]
[802]
[612]
[637]
[811]
[752]
[752]
[632]
[723]
[740]
[683]
[470]
[768]
[789]
[681]
[303]
[380]
[755]
[276]
[658]
[807]
[815]
[775]
[781]
[762]
[612]
[651]
[837]
[717]
[693]
[822]
[788]
[774]
[739]
[466]
[734]
[825]
[713]
[742]
[389]
[77]
[715]
[688]
[655]
[833]
[758]
[757]
[570]
[787]
[591]
[823]
[771]
[643]
[673]
[431]
[459]
[722]
[569]
[732]
[786]
[820]
[774]
[648]
[152]
[127]
[657]
[745]
[815]
[836]
[781]
[485]
[820]
[569]
[270]
[757]
[749]
[218]
[528]
[615]
[209]
[532]
[437]
[600]
[765]
[183]
[744]
[689]
[425]
[745]
[577]
[795]
[713]
[715]
[821]
[493]
[795]
[697]
[663]
[623]
[791]
[739]
[790]
[820]
[717]
[463]
[374]
[218]
[764]
[811]
[735]
[767]
[651]
[691]
[731]
[844]
[541]
[818]
[777]
[760]
[812]
[689]
[498]
[714]
[272]
[808]
[843]
[760]
[401]
[684]
[783]
[475]
[751]
[671]
[592]
[374]
[716]
[770]
[307]
[385]
[740]
[769]
[568]
[810]
[221]
