[908, 870]
[904, 871]
[905, 882, 880]
[903, 872]
[905, 902]
[907, 845]
[904, 891]
[907, 905]
[901, 726, 629, 616, 614]
[901, 837]
[902, 851]
[905, 863]
[905, 860]
[909, 907]
[906, 802, 785]
[903, 840]
[906, 799]
[907, 850]
[906, 732, 627, 581, 574]
[906, 649, 424, 183, 29, 27]
[905, 694, 528, 369, 262, 166, 74, 59, 56]
[905, 769, 734]
[905, 865]
[905, 673, 456, 205, 12, 9]
[908, 809, 803]
[907, 886]
[904, 740, 622, 583, 576]
[906, 884]
[902, 740, 619, 545, 542]
[907, 647, 422, 165, 15]
[907, 736, 594, 473, 380, 314, 300]
[903, 876, 875]
[904, 842, 839, 837]
[905, 825, 822, 820]
[905, 779, 766]
[903, 823, 819, 818, 815]
[902, 832, 827]
[908, 852]
[908, 819, 813]
[901, 794, 782, 781]
[906, 842]
[905, 676, 496, 313, 127, 49, 41]
[906, 882]
[902, 896]
[903, 846]
[907, 842, 838, 836]
[902, 867]
[903, 709, 593, 483, 422, 415]
[905, 796, 788]
[907, 832]
[902, 837, 836]
[904, 903]
[904, 628, 397, 234, 103, 68, 66]
[905, 873]
[907, 796, 786]
[906, 883]
[904, 877]
[900, 806, 796, 792]
[902, 859, 856]
[905, 844, 843]
[908, 766, 702, 701]
[906, 861]
[906, 851]
[908, 899]
[906, 879, 876]
[906, 833]
[906, 834, 830]
[905, 894]
[902, 797, 795]
[910, 849]
[906, 893]
[907, 863, 862, 859]
[905, 832]
[905, 862]
[910, 620, 341, 95, 22, 21, 20, 17]
[907, 716, 578, 456, 354, 265, 202, 148, 113, 95, 87, 83]
[905, 628, 386, 144, 37, 36]
[906, 772, 727]
[904, 898]
[903, 690, 554, 434, 332, 265, 195, 156, 121, 95, 75, 72]
[903, 860]
[907, 877, 873]
[905, 656, 456, 278, 76, 39, 32, 30]
[904, 776, 743, 741]
[902, 891]
[904, 715, 571, 444, 348, 251, 173, 126, 107, 103, 102]
[909, 834, 833]
[904, 780, 718, 717]
[903, 625, 394, 144, 4]
[905, 811, 805, 804, 801]
[903, 895]
[903, 883]
[905, 744, 625, 575, 568]
[902, 856, 854]
[903, 892]
[908, 799, 785, 782]
[905, 892, 890]
[905, 885]
[906, 893, 892]
[906, 680, 498, 328, 165, 97, 77, 75]
[903, 716, 589, 448, 342, 261, 188, 152, 140]
[906, 847, 845, 843]
[903, 766, 724, 720]
[909, 695, 536, 380, 239, 167, 115, 95]
[906, 900]
[908, 813]
[903, 895]
[907, 805, 803]
[904, 890]
[906, 844]
[904, 731, 597, 471, 370, 307, 274, 273]
[904, 795, 776]
[906, 857, 856]
[905, 891]
[902, 798, 790]
[906, 884]
[905, 793, 786]
[903, 751, 646, 638]
[905, 824, 823]
[906, 807, 799]
[906, 781, 745, 741, 739]
[903, 872]
[905, 762, 706, 705]
[906, 834]
[905, 880]
[905, 792, 779]
[905, 853]
[902, 645, 423, 172, 26, 14]
[910, 864]
[904, 809, 806]
[902, 824, 822]
[910, 791, 761]
[904, 722, 599, 500, 453, 448]
[904, 880]
[905, 884]
[907, 874, 872]
[906, 733, 606, 517, 508]
[901, 882, 881]
[905, 729, 609, 544]
[904, 857]
[909, 895]
[909, 854, 852]
[906, 869, 868]
[906, 824, 818, 816]
[905, 697, 570, 437, 328, 235, 171, 133, 112, 103]
[903, 663, 470, 249, 79, 20, 16]
[905, 774, 719]
[907, 832, 830]
[905, 860]
[901, 829, 828]
[902, 886]
[902, 811, 806, 804]
[901, 870]
[903, 896]
[905, 847]
[904, 854, 853]
[904, 777, 763]
[903, 795, 778, 776]
[905, 773, 716, 713]
[902, 858, 853, 852]
[907, 746, 653, 646, 643]
[908, 786, 741, 740]
[904, 838, 835, 834, 832]
[904, 771, 696, 690, 688]
[903, 792, 788]
[907, 689, 508, 354, 191, 107, 76, 75]
[900, 845, 843]
[907, 811, 809]
[905, 884, 879]
[903, 760, 685, 680]
[904, 899]
[908, 818, 811, 808]
[907, 895]
[905, 846, 843]
[905, 686, 502, 346, 178, 90, 69, 64]
[907, 791, 771]
[906, 804, 797, 795]
[905, 867]
[906, 758, 655, 632, 630]
[904, 802, 794, 793]
[906, 796, 795]
[906, 763, 706]
[907, 826, 825]
[905, 817]
[909, 867]
[904, 902]
[906, 811, 804]
[901, 871]
[908, 758, 665, 650, 648]
[905, 780, 743, 739]
[908, 873]
[907, 890]
[908, 877]
[905, 765, 724, 721]
[903, 825]
[907, 788, 776]
[903, 773, 690, 680, 678]
[904, 811, 809]
[909, 903]
[903, 760, 717, 713]
[904, 898]
[909, 754, 646, 630, 625]
[905, 688, 532, 381, 242, 145, 100, 79, 75, 73]
[906, 898]
[906, 696, 542, 386, 256, 178, 137, 121]
[905, 750, 628, 582]
[904, 701, 555, 393, 265, 150, 89, 81]
[904, 821, 819]
[904, 698, 512, 355, 168, 30, 27]
[908, 732, 606, 490, 421, 397]
[903, 720, 589, 476, 391, 331, 301, 294]
[905, 642, 456, 215, 37, 16]
[907, 895]
[905, 805, 798]
[903, 849, 848]
[903, 889]
[901, 758, 677, 676]
[904, 860, 859]
[904, 792, 764, 762]
[903, 787, 774, 771]
[904, 785, 768, 767]
[903, 860]
[908, 836, 834, 832]
[906, 871]
[905, 818, 811, 809]
[905, 835, 830, 827]
[904, 900]
[903, 717, 579, 451, 345, 259, 184, 132, 116, 115]
[903, 789, 782]
[904, 845, 843]
[905, 842, 838]
[903, 857]
[906, 738, 615, 549, 545]
[907, 746, 629, 606, 605]
[908, 796, 788]
[904, 880]
[906, 798]
[905, 651, 444, 277, 116, 66, 58]
[904, 796, 793]
[903, 881]
[902, 806, 797, 796]
[903, 877, 876]
[904, 855, 854]
[900, 673, 474, 285, 105, 57, 55]
[906, 793, 781, 778]
[908, 740, 619, 545, 537, 535]
[904, 830, 829]
[905, 875]
[904, 584, 374, 117, 4, 4]
[902, 853]
[902, 865]
[908, 847]
[906, 837, 836]
[905, 877]
[904, 861, 860]
[904, 701, 552, 429, 323, 244, 166, 109, 77, 53, 41, 37, 36]
[906, 839, 838]
[905, 841]
[904, 719, 581, 457, 350, 257, 177, 134, 112, 109]
[903, 800, 795]
[903, 875]
[905, 816]
[905, 660, 417, 176, 74, 51, 47]
[906, 853, 851, 848]
[904, 781, 754]
[904, 763, 710, 708]
[906, 683, 500, 331, 202, 137, 91, 79, 78]
[910, 836, 835, 833]
[907, 879, 878]
[904, 814, 808]
[906, 890]
[904, 718, 584, 464, 378, 293, 223, 171, 133, 107, 97]
[904, 880]
[904, 820, 815]
[904, 722, 608, 559, 557, 555]
[909, 869]
[904, 762, 640, 576, 563, 557]
[906, 676, 472, 274, 144, 99, 96]
[907, 762, 668, 660, 654]
[904, 810, 806]
[905, 708, 587, 487, 450, 448]
[904, 882]
[903, 643, 419, 167, 7, 7]
[903, 754, 649, 641]
[905, 875, 874]
[902, 773, 694, 683]
[905, 820, 819]
[903, 867, 865]
[903, 734, 608, 532, 518, 517, 515]
[904, 881]
[906, 681, 499, 333, 167, 81, 54, 52]
[905, 854]
[907, 792, 784]
[906, 854]
[905, 792, 785]
[904, 749, 625, 550, 539, 536]
[908, 788, 742, 738]
[904, 832, 829]
[904, 762, 683, 680, 678]
[905, 776, 745, 740]
[904, 868]
[902, 894]
[907, 757, 674, 667, 664, 661]
[905, 769, 720, 712, 711, 709]
[903, 818, 814]
[906, 870]
[904, 751, 664, 659, 658]
[903, 756, 635, 561, 547, 541]
[901, 788, 755, 754]
[903, 739, 601, 477, 369, 301, 249, 223, 216]
[904, 800, 790]
[904, 729, 571, 435, 300, 207, 150, 104, 86, 80]
[903, 697, 532, 369, 243, 143, 69, 56, 55]
[902, 799, 787, 784]
[902, 891]
[906, 851, 846]
[903, 793, 787]
[902, 822, 821]
[907, 758, 654, 627, 623]
[902, 896]
[908, 742, 620, 584, 581]
[905, 689, 528, 335, 179, 60, 42]
[909, 854]
[904, 726, 614, 566, 558]
[907, 886]
[902, 836, 835]
[903, 763, 717]
[903, 747, 620, 565, 561, 558]
[907, 854]
[905, 821, 817]
[903, 826, 822, 819]
[908, 842]
[902, 878]
[906, 694, 538, 359, 219, 114, 66, 61]
[903, 825, 821]
[909, 849]
[909, 894]
[904, 793, 785, 784]
[906, 796, 791]
[905, 617, 378, 146, 21, 19]
[902, 701, 558, 432, 309, 201, 142, 118, 107]
[901, 827, 824]
[911, 887]
[906, 705, 539, 395, 233, 126, 88, 65, 62]
[905, 866, 865]
[905, 603, 346, 75, 16, 13]
[909, 645, 393, 234, 48, 30]
[903, 883]
[903, 866, 865]
[901, 885, 883]
[904, 785, 778]
[902, 694, 543, 395, 270, 171, 98, 74, 65, 63]
[902, 784, 769, 768]
[904, 770, 731]
[906, 802, 798]
[906, 805, 800]
[908, 843]
[907, 863]
[910, 840, 839]
[905, 877]
[904, 894]
[903, 868, 867]
[904, 885]
[905, 870, 868, 864]
[904, 877]
[904, 682, 508, 306, 120, 49, 47]
[905, 756, 647, 609, 605]
[904, 863]
[905, 848, 847]
[907, 833, 825]
[906, 667, 490, 301, 166, 102, 61, 50]
[910, 883]
[904, 858, 857]
[906, 832, 830, 829]
[908, 894]
[906, 854, 852, 850]
[905, 861]
[905, 794, 774, 771]
[903, 817, 814]
[903, 892]
[906, 875]
[905, 882]
[903, 889]
[904, 862]
[902, 864, 863]
[903, 789, 780, 779]
[908, 873, 872]
[906, 838]
[905, 815, 803]
[907, 868]
[902, 782, 768, 766]
[905, 844, 841]
[907, 726, 609, 500, 452, 442]
[910, 731, 597, 490, 435, 429, 428, 426]
[903, 755, 634, 569, 562]
[906, 827, 823]
[903, 654, 462, 270, 53, 29]
[905, 885]
[902, 803, 799]
[906, 767, 691, 684]
[906, 892]
[901, 769, 733, 728, 726]
[907, 892]
[908, 907]
[903, 897]
[905, 845]
[902, 763, 672, 664]
[907, 887]
[905, 827, 822]
[905, 748, 643, 623]
[903, 901]
[903, 825]
[905, 761, 682, 680, 677]
[907, 894]
[906, 878]
[905, 764, 708]
[906, 842, 839]
[906, 823, 815, 813]
[903, 803, 799]
[903, 897]
[906, 656, 415, 171, 43, 28, 27, 26]
[902, 844]
[908, 894]
[906, 788, 771, 770]
[903, 800, 787, 784]
[902, 841, 838]
[903, 882]
[904, 888]
[906, 900]
[907, 632, 364, 31, 7]
[904, 866]
[903, 887]
[903, 784, 775]
[903, 706, 581, 476, 406, 404]
[904, 751, 632, 581, 575, 573]
[906, 825, 823]
[907, 888]
[905, 833]
[907, 818, 816]
[902, 885]
[906, 824]
[906, 884]
[906, 820, 818]
[904, 854]
[903, 797, 776]
[905, 771, 712, 711]
[903, 704, 544, 377, 254, 162, 116, 86, 78, 77]
[905, 606, 343, 106, 19, 9]
[904, 854]
[904]
[903, 810, 807]
[904, 729, 616, 575]
[904, 791, 780]
[904, 818, 815]
[905, 748, 610, 483, 387, 315, 246, 173, 134, 92, 73, 69, 68]
[904, 740, 629, 574, 568]
[903, 699, 534, 357, 207, 90, 43, 38]
[903, 844, 843]
[907, 790, 778]
[905, 681, 504, 348, 211, 133, 91, 78, 77]
[908, 873, 870]
[906, 696, 558, 427, 323, 253, 210, 196]
[902, 779, 763]
[905, 875, 874]
[905, 763, 694]
[903, 736, 611, 489, 395, 341, 327, 323]
[904, 898]
[905, 783, 764]
[907, 826, 825]
[905, 861]
[909, 800, 790]
[903, 833, 831]
[908, 761, 647, 625, 623, 621]
[903, 883]
[905, 828, 824]
[904, 887]
[907, 716, 599, 483, 377, 266, 187, 115, 84, 74]
[906, 768, 728, 719]
[903, 874]
[908, 716, 582, 437, 321, 218, 152, 102, 77, 68]
[907, 864, 863]
[904, 786, 762, 757]
[906, 781, 765, 764]
[906, 793, 787]
[905, 853]
[904, 798, 789, 786]
[906, 886, 885]
[902, 836]
[902, 788, 782, 780]
[906, 759, 661, 645]
[907, 890]
[903, 849]
[906, 843]
[907, 733, 609, 533, 530]
[906, 730, 619, 573, 572, 570, 568]
[904, 731, 600, 510, 467, 461]
[907, 897]
[906, 820]
[906, 889]
[909, 847]
[908, 907]
[905, 846]
[904, 818, 817]
[904, 735, 615, 556, 553]
[907, 887]
[904, 767, 683, 668, 662]
[904, 889]
[907, 840, 839]
[903, 821, 820]
[907, 899]
[905, 897]
[906, 714, 594, 496, 461, 457, 456, 454]
[906, 884]
[909, 761, 647, 605, 598]
[904, 816, 810]
[904, 764, 699, 697]
[907, 893]
[908, 805, 801, 799]
[905, 879]
[904, 848]
[904, 879]
[909, 885, 881]
[907, 881]
[906, 756, 653, 640]
[905, 880]
[905, 742, 627, 595]
[905, 829, 827]
[903, 860]
[905, 795, 772, 767]
[903, 865]
[905, 897]
[906, 788, 774]
[904, 901]
[903, 756, 680, 672, 670]
[904, 851]
[902, 717, 562, 403, 266, 166, 101, 81]
[904, 824, 821]
[905, 881]
[905, 896]
[902, 899]
[905, 822]
[901, 796, 794]
[906, 775, 733]
[906, 763, 705, 701, 698]
[903, 846]
[906, 876, 875, 872]
[903, 784, 766, 763]
[906, 678, 503, 349, 200, 103, 57, 52]
[905, 820, 811]
[904, 701, 552, 399, 273, 174, 121, 88, 77, 74]
[905, 689, 500, 345, 212, 106, 53, 48]
[902, 867]
[904, 887]
[901, 872, 871]
[908, 847, 846]
[902, 885]
[903, 847]
[902, 892]
[904, 852, 851]
[907, 723, 598, 495, 441, 434, 432]
[906, 888]
[904, 697, 503, 316, 154, 88, 65]
[901, 892]
[902, 899]
[904, 840]
[908, 721, 595, 474, 383, 331, 325]
[909, 867]
[905, 888]
[907, 874, 870]
[907, 861]
[904, 705, 565, 430, 316, 209, 139, 90, 47, 44]
[904, 783, 766, 761]
[904, 825, 819, 817]
[907, 631, 391, 148, 28, 26]
[903, 825, 822]
[905, 710, 592, 491, 438, 433, 431]
[905, 783, 753]
[904, 876]
[905, 859, 856]
[905, 793, 778]
[905, 886, 885]
[903, 795, 779, 777]
[902, 661, 482, 314, 167, 95, 79, 77]
[906, 874]
[905, 736, 600, 481, 385, 334, 308, 297]
[906, 780, 748]
[906, 689, 489, 331, 202, 129, 86, 81, 80, 79]
[900, 728, 605, 467, 364, 300, 279, 278]
[905, 883]
[906, 713, 568, 440, 325, 224, 157, 132, 127]
[909, 888]
[903, 862]
[904, 815, 807, 805]
[910, 897, 893]
[906, 867]
[903, 887]
[905, 802, 793]
[904, 836]
[906, 874, 873]
[901, 877]
[905, 785, 761, 760]
[901, 810]
[906, 882]
[906, 628, 390, 131, 17, 17]
[905, 670, 431, 215, 27, 21]
[903, 879]
[905, 762, 687, 684]
[903, 731, 592, 471, 345, 259, 204, 162, 153, 152]
[904, 749, 629, 584, 575, 573]
[902, 736, 635, 613]
[905, 861]
[903, 847]
[902, 661, 442, 282, 119, 40, 36]
[904, 815, 810]
[905, 884]
[904, 819]
[903, 852]
[903, 789, 770, 761, 759]
[901, 856, 855]
[905, 713, 580, 469, 391, 360]
[905, 902]
[907, 891]
[903, 853]
[903, 700, 519, 376, 256, 164, 111, 86, 81]
[905, 883]
[905, 894]
[901, 855, 853]
[905, 895]
[907, 816, 815]
[905, 789, 776, 774]
[905, 902]
[907, 901]
[906, 860]
[905, 874, 872, 870]
[906, 674, 481, 353, 211, 145, 103, 83, 78]
[904, 824, 821]
[904, 665, 470, 303, 108, 54, 46]
[905, 886]
[903, 830]
[905, 682, 482, 280, 132, 71, 62]
[908, 801, 775, 768]
[907, 879]
[903, 779, 761]
[906, 867, 862]
[905, 872]
[906, 870, 869]
[906, 898]
[902, 870]
[902, 829, 821, 817, 814, 812]
[905, 809, 806]
[907, 751, 640, 606, 602]
[902, 733, 617, 574]
[904, 767, 718]
[905, 816, 812]
[904, 894]
[904, 891]
[906, 707, 550, 419, 304, 223, 173, 140, 137]
[904, 752, 661, 642]
[902, 877]
[904, 803, 793]
[905, 899]
[907, 848]
[901, 774, 706, 704, 702]
[903, 847]
[903, 808, 804, 803]
[904, 740, 617, 566, 562]
[904, 889]
[904, 700, 567, 438, 320, 232, 170, 123, 100, 89]
[907, 881]
[907, 894]
[905, 842]
[905, 760, 687]
[901, 783, 777, 775]
[909, 887]
[906, 866]
[904, 843, 838]
[907, 620, 410, 187, 9]
[904, 855, 853]
[906, 887]
[905, 795, 786]
[909, 693, 487, 282, 68, 9]
[902, 778, 761, 759]
[907, 884]
[906, 693, 530, 378, 252, 159, 106, 83, 66, 65]
[902, 805, 792]
[902, 899, 898]
[904, 867]
[907, 897]
[904, 900]
[906, 815, 814]
[904, 889]
[905, 796, 782, 776]
[905, 693, 521, 345, 177, 89, 56, 54]
[906, 803, 796, 794]
[907, 869]
[904, 786, 775]
[904, 889]
[904, 846]
[907, 904]
[905, 723, 570, 423, 297, 196, 125, 83, 58, 48, 45]
[905, 783, 768]
[907, 827]
[908, 883, 881, 879]
[907, 813, 808]
[906, 900]
[904, 793, 787]
[906, 867]
[905, 749, 663, 662]
[906, 870, 868, 865]
[901, 782, 772]
[903, 852]
[902, 833, 832]
[903, 895]
[909, 878]
[904, 881]
[905, 768, 680, 678]
[905, 653, 467, 285, 101, 47, 42]
[905, 803, 795, 793]
[907, 831, 829]
[904, 819, 809]
[905, 753, 646, 610, 609]
[906, 771, 733, 728, 726]
[907, 843]
[907, 883]
[907, 904]
[903, 874, 873]
[904, 829, 828]
[903, 719, 567, 419, 343, 285, 254, 248]
[907, 884]
[904, 811, 806]
[906, 887]
[908, 858]
[906, 726, 582, 453, 358, 301, 286]
[902, 859]
[904, 737, 613, 514, 467, 463]
[901, 717, 577, 444, 313, 207, 141, 111, 102]
[906, 905]
[906, 876]
[903, 640, 433, 151, 3]
[904, 880]
[905, 889]
[904, 798, 783, 782]
[904, 857]
[905, 753, 637, 619, 617]
[907, 800, 788, 787]
[902, 822, 820]
[905, 889]
[906, 834, 830]
[905, 884]
[903, 779, 738, 734]
[908, 898]
[907, 850, 848, 846]
[903, 777, 758, 756, 754]
[907, 846]
[902, 883]
[904, 832, 831]
[902, 675, 466, 274, 100, 63, 61]
[906, 876]
[905, 874, 873]
[903, 657, 447, 286, 137, 55, 43, 42]
[908, 895]
[905, 886]
[905, 857]
[904, 888]
[902, 816, 815]
[906, 845]
[904, 711, 556, 439, 321, 241, 178, 142, 137]
[906, 895]
[908, 855]
[903, 720, 569, 429, 293, 199, 136, 101, 87, 84]
[906, 799, 786, 783]
[901, 764, 732, 728, 727, 724]
[907, 815, 810]
[903, 848, 841, 838]
[904, 878]
[903, 803, 800]
[905, 680, 525, 411, 299, 220, 177, 150, 144]
[902, 806, 796, 791]
[905, 857]
[906, 807, 800, 798]
[904, 622, 362, 170, 71, 60]
[902, 817, 811]
[904, 824, 822]
[906, 785, 759]
[902, 863]
[905, 897]
[904, 786, 771]
[906, 824]
[906, 866]
[906, 648, 447, 236, 56, 22, 22]
[906, 871]
[905, 880]
[905, 899]
[904, 770, 714, 709, 705]
[906, 808, 805]
[903, 901]
[903, 783, 764, 763, 762, 760]
[903, 867]
[902, 856]
[905, 736, 609, 496, 394, 318, 271, 266, 264]
[902, 880]
[901, 629, 415, 155, 48, 37, 35]
[907, 898]
[903, 804, 800, 799, 797]
[908, 894]
[904, 886]
[906, 894]
[905, 687, 487, 353, 205, 124, 94, 82, 80]
[906, 799, 794]
[904, 865, 864]
[903, 823]
[903, 831, 829]
[902, 798, 790]
[905, 897]
[904, 848]
[905, 757, 677, 667, 664]
[909, 898]
[904, 829, 827]
[902, 863]
[904, 846, 840]
[905, 775, 728, 725]
[913, 669, 486, 323, 149, 72, 62, 60]
[905, 822, 818]
[901, 857, 856]
[902, 813, 810]
[903, 673, 496, 346, 227, 128, 78, 57, 54, 52, 51]
[904, 849, 848]
[907, 755, 667, 662]
[908, 800, 784, 780]
[904, 881]
[905, 828]
[902, 896]
[909, 833, 828]
[906, 728, 598, 523, 517]
[902, 890]
[908, 758, 657, 651]
[904, 835]
[910, 895]
[904, 729, 624, 597, 595]
[906, 851, 850]
[903, 825]
[904, 727, 597, 496, 460, 459]
[907, 877]
[907, 756, 636, 561, 551]
[905, 737, 608, 505, 478, 473]
[903, 900]
[907, 894]
[902, 846]
[906, 851]
[906, 750, 645, 625, 623]
[907, 793, 781, 779]
[902, 646, 465, 297, 123, 40, 33, 32]
[904, 760, 691, 690, 689]
[906, 798, 792, 789]
[906, 845, 839]
[903, 838]
[907, 586, 293, 36, 11]
[909, 867]
[904, 895]
[906, 786, 747, 743]
[904, 695, 510, 361, 228, 148, 105, 84, 74, 73]
[902, 626, 371, 50, 17]
[907, 857, 853]
[902, 733, 608, 535, 533]
[902, 669, 505, 347, 219, 138, 91, 60, 53]
[903, 762, 701]
[908, 901]
[903, 892]
[906, 759, 693, 691]
[909, 833, 827]
[904, 729, 624, 587, 585]
[904, 864, 861]
[906, 885, 882, 880]
[904, 852]
[904, 869]
[902, 819, 814]
[907, 641, 430, 203, 23, 17]
[903, 785, 772, 771, 769]
[905, 624, 391, 188, 27]
[903, 804, 794]
[906, 899]
[905, 881, 880]
[906, 865, 864]
[907, 828, 826]
[904, 903]
[904, 795, 789]
[908, 851]
[906, 898]
[902, 732, 574, 447, 334, 245, 167, 132, 111, 104, 100]
[907, 644, 433, 216, 52, 21]
[903, 752, 641, 608, 602]
[902, 791, 785]
[902, 767, 705, 696, 694]
[904, 757, 662, 643, 639]
[904, 721, 576, 451, 354, 250, 187, 144, 121, 109, 108]
[904, 725, 613, 560, 559]
[908, 775, 731, 728, 727, 725]
[903, 887]
[906, 806, 796]
[906, 786, 752, 749]
[904, 844]
[905, 779, 757]
[903, 736, 620, 552, 546]
[907, 885]
[906, 827, 825, 824]
[909, 873]
[904, 790, 766]
[904, 761, 680, 671, 668]
[903, 747, 661, 655]
[906, 892, 889, 887]
[906, 740, 636, 615, 612]
[907, 662, 457, 229, 49, 27]
[906, 751, 651, 637]
[901, 761, 670, 668]
[904, 792, 782]
[904, 775, 704, 702]
[903, 878]
[906, 776, 756, 754]
[902, 865]
[906, 891]
[910, 814, 813]
[902, 859]
[906, 882]
[903, 839]
[906, 769, 708, 706]
[902, 854]
[905, 891]
[903, 848]
[905, 714, 601, 526, 509]
[905, 755, 640, 581, 566, 559]
[906, 781, 734, 731]
[905, 791, 783]
[901, 895]
[906, 789, 782]
[905, 781, 766]
[906, 783, 763, 762]
[906, 803, 797]
[904, 692, 500, 344, 174, 122, 101]
[906, 886]
[904, 817, 814]
[903, 892]
[905, 852]
[902, 893]
[903, 754, 646, 628, 627]
[903, 900]
[903, 863, 861]
[907, 852, 849]
[903, 813, 810]
[902, 847, 846]
[900, 623, 389, 35, 10]
[905, 893]
[903, 875]
[907, 757, 664, 653]
[904, 877]
[903, 845]
[908, 817, 816]
[908, 874]
[905, 448, 40, 6]
[908, 769, 716]
[906, 887]
[905, 860, 855]
[906, 897]
[905, 897]
[904, 833, 831]
[905, 772, 717, 712]
[904, 830]
[905, 825, 822]
[902, 778, 730, 724]
[906, 880]
[906, 609, 313, 74, 22]
[902, 865]
[908, 821, 817, 816]
[903, 844]
[905, 854]
[906, 693, 521, 358, 220, 115, 70, 65, 62]
[904, 854]
[907, 651, 431, 249, 131, 66, 50, 49]
[906, 745, 624, 553, 541, 538]
[902, 837, 835, 833]
[903, 877]
[905, 750, 663, 647, 642]
[903, 809, 804, 803]
[906, 837, 835]
[906, 752, 680, 674]
[903, 807]
[904, 873, 872]
[905, 820, 816]
[906, 720, 575, 457, 368, 291, 253, 244]
[906, 860, 859]
[906, 828, 826]
[904, 802, 794]
[904, 834]
[902, 739, 595, 482, 384, 315, 291, 287]
[905, 891, 889]
[909, 837, 833, 831]
[905, 880]
[906, 793, 765, 761]
[906, 864]
[908, 837, 836]
[904, 719, 603, 545, 538]
