[906, 303, 2]
[904, 265, 3, 2]
[904, 323, 3]
[904, 274, 4, 2]
[908, 195, 4, 2]
[903, 296, 5, 2]
[905, 313, 3, 2]
[907, 219, 5, 2]
[906, 80, 12, 10, 2]
[907, 230, 4, 2]
[904, 147, 4, 4]
[904, 325, 2]
[906, 248, 2]
[903, 260, 5, 2]
[905, 223, 4, 2]
[903, 307, 3]
[906, 278, 2]
[904, 249, 3, 2]
[906, 223, 3, 3]
[905, 189, 5, 3]
[902, 229, 4, 4]
[904, 247, 3, 2]
[901, 292, 3, 1]
[902, 306, 2]
[906, 104, 8, 5, 2]
[903, 362, 8]
[903, 338, 2]
[906, 245, 5, 3]
[903, 295, 3, 2]
[908, 304, 3]
[907, 303, 2]
[904, 362, 2]
[905, 266, 4, 2]
[902, 203, 6, 2]
[901, 266, 3, 2]
[906, 331, 4]
[906, 368, 8]
[909, 316, 7, 4]
[908, 362, 4]
[904, 334, 4]
[908, 347, 2]
[904, 285, 5]
[903, 325, 9, 9]
[903, 361, 11]
[906, 215, 5, 3]
[910, 256, 4, 4]
[908, 190, 3, 2]
[905, 329, 4]
[905, 307, 2]
[905, 343, 2]
[905, 299, 2]
[904, 284, 4, 2]
[909, 160, 4, 2]
[907, 200, 8, 2]
[903, 306, 2]
[907, 346, 4]
[903, 296, 3, 2]
[903, 365, 1]
[907, 160, 3, 2]
[906, 248, 2]
[904, 354, 5, 5]
[903, 267, 2]
[900, 39, 10, 3, 2]
[905, 137, 6, 4, 2]
[905, 304, 19, 17]
[901, 95, 6, 4, 2]
[907, 155, 4, 4]
[906, 233, 4, 2]
[906, 270, 3, 2]
[907, 334, 3, 2]
[905, 305, 2]
[906, 346, 3, 2]
[908, 256, 4, 2]
[905, 375, 4]
[904, 300, 21, 8]
[902, 265, 4, 2]
[902, 341, 2]
[904, 273, 2]
[902, 308, 3]
[906, 223, 2]
[907, 345, 3]
[904, 176, 4, 2]
[906, 351, 2]
[908, 337, 3]
[907, 232, 4, 2]
[905, 288, 3]
[904, 111, 11, 2]
[903, 274, 2]
[905, 375, 3]
[906, 261, 3, 3]
[905, 227, 2]
[905, 259, 4, 2]
[902, 211, 3, 2]
[904, 206, 4, 2]
[908, 308, 3, 2]
[902, 328, 2]
[907, 91, 6, 5, 2]
[904, 326, 3, 3]
[902, 281, 3]
[906, 291, 2]
[903, 282, 3, 2]
[904, 369, 3]
[909, 322, 5, 4]
[909, 210, 6, 2]
[905, 333, 2]
[910, 136, 7, 4]
[905, 361, 5]
[905, 154, 3, 2]
[906, 246, 4, 2]
[903, 339, 3, 3]
[909, 283, 2]
[903, 360, 7]
[903, 351, 7, 5]
[909, 210, 3, 3]
[904, 353, 2]
[904, 273, 4, 2]
[902, 283, 3, 2]
[903, 186, 3, 2]
[904, 276, 4]
[904, 342, 4]
[905, 286, 3, 2]
[908, 152, 5, 2]
[904, 317, 4, 2]
[905, 351, 5]
[906, 99, 7, 7, 2]
[905, 272, 3, 2]
[906, 390, 1]
[903, 267, 3, 2]
[908, 89, 6, 4]
[908, 176, 5, 2]
[906, 309, 3, 2]
[904, 296, 3]
[904, 363, 8]
[900, 158, 5, 2]
[906, 275, 4]
[903, 197, 4, 2]
[905, 264, 2]
[903, 312, 2]
[906, 350, 11, 9]
[903, 205, 3, 2]
[906, 280, 4]
[907, 204, 11, 2]
[903, 269, 3, 2]
[906, 180, 4, 2]
[906, 170, 8, 3]
[908, 342, 4]
[904, 73, 11, 2]
[905, 231, 6, 2]
[907, 222, 3, 2]
[903, 329, 12, 4]
[912, 314, 3, 3]
[906, 356, 3]
[905, 303, 3, 2]
[905, 210, 4, 2]
[904, 299, 2]
[905, 341, 3]
[905, 237, 5, 2]
[903, 289, 2]
[903, 364, 18, 13]
[905, 341, 2]
[903, 336, 4]
[908, 214, 3, 2]
[906, 364, 21]
[907, 211, 3, 3]
[905, 346, 6]
[904, 208, 3, 2]
[906, 309, 2]
[903, 380, 2]
[906, 257, 3, 2]
[908, 167, 4, 2]
[902, 323, 11, 8]
[907, 379, 3, 2]
[904, 340, 9, 7]
[909, 300, 4]
[907, 359, 6]
[905, 333, 3]
[907, 373, 8, 6]
[905, 303, 2]
[906, 306, 2]
[901, 227, 3, 2]
[902, 317, 2]
[907, 344, 11]
[904, 292, 3]
[906, 340, 18, 6, 6]
[903, 339, 3]
[904, 312, 8, 3]
[904, 366, 14, 7]
[903, 217, 4, 2]
[906, 162, 4, 2]
[904, 263, 4, 2]
[906, 181, 6, 3]
[906, 295, 3, 2]
[905, 272, 3, 2]
[904, 227, 7, 2]
[902, 221, 5, 2]
[906, 351, 3]
[908, 258, 3, 2]
[905, 182, 4, 4]
[903, 360, 3]
[902, 333, 3]
[905, 148, 6, 2]
[903, 331, 3]
[904, 329, 2]
[902, 347, 5]
[907, 239, 4, 2]
[905, 255, 4, 2]
[904, 321, 8]
[903, 192, 3, 2]
[906, 307, 4, 2]
[903, 180, 5, 4]
[905, 274, 3, 3]
[902, 184, 6, 5, 2]
[904, 337, 2]
[904, 123, 5, 5]
[904, 163, 5, 2]
[907, 344, 2]
[903, 302, 2]
[908, 393, 6]
[906, 188, 6, 2]
[907, 84, 9, 2]
[908, 332, 13, 7]
[907, 262, 4, 2]
[902, 297, 3, 2]
[902, 348, 5]
[902, 283, 3, 2]
[906, 360, 3]
[902, 110, 6, 2]
[905, 274, 5, 2]
[906, 313, 3, 3]
[906, 290, 2]
[905, 336, 4, 3]
[911, 246, 3, 2]
[903, 239, 4, 2]
[906, 252, 4, 2]
[905, 212, 4, 2]
[904, 338, 3, 3]
[906, 332, 3, 3]
[900, 317, 2]
[903, 268, 2]
[906, 235, 2]
[904, 284, 2]
[905, 78, 5, 4]
[906, 347, 7]
[907, 261, 2]
[905, 348, 3]
[906, 378, 9]
[905, 352, 5]
[909, 174, 5, 2]
[907, 303, 2]
[901, 296, 3, 2]
[905, 323, 6]
[901, 368, 4]
[905, 115, 5, 5]
[905, 150, 3, 3]
[907, 266, 8, 2]
[906, 313, 3]
[906, 306, 4, 3]
[903, 326, 4]
[903, 307, 2]
[902, 364, 3, 3]
[904, 60, 8, 3, 2]
[906, 232, 4, 2]
[904, 78, 6, 5, 2]
[902, 162, 6, 2]
[904, 270, 3, 2]
[906, 290, 3]
[905, 174, 5, 4]
[904, 357, 3]
[905, 324, 2]
[906, 334, 4]
[905, 281, 4, 2]
[905, 374, 4]
[909, 202, 3, 2]
[903, 367, 5, 3]
[901, 202, 3, 2]
[905, 301, 3, 2]
[903, 322, 3]
[904, 253, 2]
[905, 202, 6, 2]
[903, 223, 3]
[907, 233, 5, 2]
[904, 225, 4, 2]
[902, 318, 3, 2]
[906, 237, 4, 2]
[906, 365, 13, 13]
[901, 220, 5, 2]
[902, 300, 3, 3]
[901, 249, 3, 2]
[906, 205, 4, 2]
[906, 259, 3, 2]
[903, 246, 3, 2]
[903, 204, 3, 2]
[905, 349, 3]
[908, 336, 4]
[910, 209, 9, 2]
[904, 166, 9, 2]
[903, 354, 4]
[901, 285, 4]
[903, 259, 4, 3]
[905, 291, 5, 2]
[910, 354, 2]
[904, 278, 3, 2]
[902, 282, 2]
[906, 376, 58, 5, 5]
[904, 316, 5]
[902, 367, 9]
[908, 338, 4]
[906, 361, 5]
[907, 297, 3, 2]
[901, 322, 5, 5]
[900, 331, 2]
[905, 386, 3]
[912, 325, 2]
[906, 302, 3, 2]
[907, 301, 4]
[906, 45, 13, 13, 2]
[910, 233, 4, 2]
[907, 256, 2]
[906, 357, 3]
[906, 300, 2]
[904, 296, 4, 2]
[902, 277, 3, 2]
[904, 339, 2]
[903, 239, 5, 2]
[904, 274, 2]
[907, 378, 15, 7]
[903, 349, 2]
[903, 326, 4, 2]
[904, 315, 2]
[908, 272, 6]
[903, 331, 13, 10]
[905, 142, 5, 2]
[909, 233, 4, 2]
[908, 96, 12, 6, 2]
[907, 298, 5, 2]
[904, 321, 7, 5]
[906, 63, 9, 5, 2]
[903, 153, 7, 2]
[904, 142, 4, 2]
[903, 347, 5]
[902, 37, 11, 11, 2]
[904, 228, 6, 2]
[902, 353, 3]
[902, 197, 4, 2]
[906, 369, 2]
[903, 306, 4, 4]
[906, 279, 2]
[903, 343, 2]
[905, 340, 2]
[902, 268, 5, 2]
[906, 288, 4, 4]
[908, 225, 4, 3]
[903, 223, 5, 2]
[908, 293, 4, 4]
[903, 381, 6]
[905, 339, 3]
[902, 305, 4, 2]
[902, 324, 3]
[905, 207, 3, 2]
[904, 319, 2]
[907, 238, 3, 2]
[905, 262, 2]
[905, 266, 4, 2]
[908, 314, 6]
[904, 293, 3, 2]
[903, 316, 2]
[902, 315, 2]
[907, 333, 2]
[908, 300, 6]
[902, 89, 8, 8]
[906, 202, 4, 3]
[905, 266, 4, 2]
[904, 340, 2]
[908, 290, 4, 2]
[905, 271, 3, 3]
[908, 135, 4, 4, 2]
[905, 330, 3, 3]
[905, 315, 5]
[902, 219, 2]
[906, 339, 4]
[901, 284, 4, 2]
[903, 275, 4, 4]
[904, 190, 8, 2]
[907, 353, 2]
[905, 339, 3, 3]
[907, 220, 4, 2]
[903, 327, 4]
[904, 134, 5, 5]
[907, 364, 3, 3]
[907, 304, 2]
[907, 180, 4, 2]
[910, 235, 3, 2]
[910, 274, 2]
[902, 328, 3]
[906, 331, 9]
[902, 316, 4, 4]
[906, 255, 2]
[903, 226, 2]
[906, 332, 2]
[902, 320, 3, 2]
[906, 337, 3]
[906, 297, 3, 3]
[904, 283, 2]
[907, 165, 6, 3]
[905, 321, 6]
[904, 241, 13, 13]
[909, 386, 6]
[904, 211, 6, 2]
[901, 39, 9, 9, 2]
[906, 295, 4]
[904, 206, 2]
[902, 42, 8, 8, 2]
[904, 310, 2]
[903, 258, 3, 2]
[906, 341, 3]
[903, 246, 5, 2]
[907, 172, 5, 2]
[907, 273, 3, 2]
[904, 363, 14, 9]
[905, 161, 4, 2]
[906, 88, 7, 3, 2]
[905, 176, 3, 2]
[906, 359, 3, 2]
[901, 40, 10, 10, 2]
[907, 254, 3, 2]
[905, 297, 2]
[904, 355, 7, 7]
[908, 348, 2]
[905, 267, 3, 2]
[905, 341, 3, 2]
[907, 283, 3, 2]
[902, 175, 4, 2]
[904, 339, 4]
[906, 380, 4]
[903, 45, 9, 8, 2]
[903, 290, 2]
[903, 280, 3]
[903, 357, 5, 5]
[902, 351, 3]
[906, 191, 5, 2]
[904, 343, 3, 2]
[905, 272, 3, 2]
[906, 280, 2]
[907, 352, 5]
[903, 328, 2]
[905, 124, 4, 2]
[907, 413, 3]
[903, 325, 3, 2]
[902, 331, 2]
[903, 209, 8, 3, 2]
[905, 265, 2]
[903, 262, 3, 3]
[908, 328, 3]
[906, 295, 2]
[903, 227, 5, 3]
[908, 317, 3, 3]
[904, 280, 2]
[905, 142, 5, 2]
[904, 293, 2]
[902, 263, 4, 2]
[904, 207, 3, 2]
[903, 342, 2]
[903, 357, 7]
[903, 257, 6, 2]
[908, 312, 2]
[910, 295, 2]
[906, 308, 3]
[905, 213, 7, 7]
[906, 185, 3, 2]
[905, 332, 6]
[905, 220, 3, 2]
[905, 228, 3, 2]
[905, 223, 4, 2]
[904, 364, 6]
[904, 322, 2]
[905, 271, 9, 7]
[904, 338, 2]
[903, 201, 3, 2]
[905, 239, 3, 2]
[905, 259, 3, 2]
[906, 231, 3, 3]
[904, 295, 2]
[902, 245, 5, 2]
[906, 253, 8, 2]
[905, 288, 5]
[904, 321, 2]
[905, 361, 5]
[902, 331, 2]
[904, 287, 2]
[903, 145, 5, 2]
[904, 279, 1]
[909, 285, 2]
[906, 298, 4]
[905, 303, 2]
[902, 90, 9, 5, 2]
[909, 347, 4]
[904, 270, 2]
[906, 337, 1]
[905, 280, 3, 2]
[907, 310, 3, 2]
[900, 219, 4, 2]
[903, 344, 2]
[901, 291, 4, 2]
[905, 318, 7]
[904, 222, 4, 2]
[908, 302, 3, 3]
[905, 312, 2]
[905, 318, 4]
[902, 166, 3, 2]
[903, 304, 3, 2]
[904, 378, 5, 5]
[905, 327, 5]
[905, 318, 2]
[908, 195, 5, 2]
[904, 310, 4, 2]
[908, 290, 2]
[907, 193, 6, 3, 2]
[907, 348, 3, 2]
[912, 372, 8, 6]
[902, 287, 3, 2]
[902, 194, 4, 2]
[902, 250, 3, 3]
[905, 191, 4, 2]
[904, 333, 5]
[904, 233, 3, 2]
[904, 351, 4]
[904, 244, 3, 2]
[904, 312, 8]
[906, 338, 4]
[904, 327, 2]
[906, 329, 7]
[905, 338, 2]
[909, 265, 3, 2]
[907, 233, 3, 2]
[908, 310, 2]
[906, 344, 5]
[903, 345, 2]
[906, 282, 2]
[906, 318, 6, 6]
[907, 312, 6, 3]
[902, 327, 2]
[908, 242, 3, 2]
[904, 176, 3, 2]
[906, 313, 3, 2]
[907, 298, 3, 2]
[906, 333, 4, 3]
[903, 323, 2]
[905, 295, 2]
[907, 102, 6, 3, 2]
[905, 213, 3, 3]
[902, 345, 8]
[906, 270, 3]
[906, 346, 5]
[903, 241, 3, 2]
[910, 357, 24, 14]
[907, 179, 3, 2]
[905, 231, 5, 2]
[904, 174, 8, 5, 2]
[906, 188, 5, 2]
[904, 250, 4, 2]
[903, 137, 3, 3]
[905, 324, 2]
[907, 348, 5]
[901, 327, 4, 4]
[902, 278, 4, 3]
[903, 256, 7, 2]
[903, 361, 4]
[904, 207, 14, 14]
[908, 364, 4]
[904, 232, 4, 2]
[904, 329, 3]
[907, 257, 6, 6]
[905, 197, 5, 2]
[904, 361, 4]
[904, 266, 3, 2]
[908, 170, 4, 2]
[907, 367, 4]
[903, 144, 5, 5]
[905, 330, 3, 2]
[909, 324, 4]
[907, 252, 2]
[904, 229, 5, 2]
[904, 306, 3, 2]
[908, 290, 2]
[906, 336, 34, 19]
[904, 224, 6, 2]
[905, 270, 3, 2]
[905, 238, 3, 2]
[902, 275, 3, 2]
[909, 294, 2]
[904, 293, 7, 5]
[906, 173, 4, 2]
[904, 371, 5]
[905, 331, 3]
[906, 315, 2]
[904, 179, 8, 2]
[907, 312, 2]
[903, 269, 3, 2]
[903, 192, 4, 2]
[905, 310, 5]
[903, 176, 4, 2]
[904, 21, 10]
[907, 321, 3]
[907, 159, 6, 3]
[904, 326, 3]
[905, 114, 9, 9]
[905, 310, 1]
[903, 236, 4, 2]
[910, 323, 5, 2]
[904, 341, 3]
[902, 180, 3]
[906, 328, 2]
[904, 366, 6]
[903, 253, 3, 2]
[905, 180, 4, 3]
[905, 335, 11, 9]
[905, 216, 4, 2]
[907, 266, 6, 6]
[904, 335, 2]
[905, 218, 7, 2]
[907, 307, 13]
[903, 148, 3, 2]
[901, 239, 2]
[903, 152, 6, 3]
[905, 286, 2]
[903, 221, 4, 2]
[905, 211, 3, 3]
[906, 326, 4]
[902, 296, 2]
[906, 352, 2]
[908, 123, 8, 2]
[904, 355, 3]
[904, 361, 3, 3]
[905, 289, 4, 2]
[901, 211, 4, 2]
[901, 316, 3]
[903, 327, 2]
[906, 276, 2]
[907, 240, 3, 2]
[906, 357, 16, 7]
[904, 237, 6, 2]
[903, 131, 3, 3]
[904, 360, 2]
[903, 307, 2]
[907, 333, 3, 2]
[906, 382, 3]
[905, 235, 5, 2]
[903, 361, 3]
[905, 311, 3, 2]
[902, 283, 2]
[904, 325, 4]
[904, 204, 4, 4]
[907, 400, 51, 12]
[903, 319, 2]
[907, 222, 3, 2]
[903, 373, 3]
[902, 158, 3, 3]
[903, 238, 3, 2]
[904, 336, 4]
[903, 352, 2]
[903, 345, 11, 7]
[906, 165, 4, 2]
[904, 224, 5, 2]
[906, 240, 2]
[905, 371, 4]
[902, 345, 3]
[905, 366, 14]
[902, 274, 2]
[902, 170, 4, 2]
[905, 293, 3, 2]
[905, 359, 20, 14]
[904, 171, 4, 2]
[908, 263, 3, 2]
[906, 353, 3]
[904, 130, 7, 2]
[905, 171, 3, 2]
[905, 294, 5, 2]
[907, 186, 3, 3]
[902, 258, 4, 2]
[903, 255, 4, 2]
[907, 356, 3]
[904, 339, 12, 7]
[905, 17, 12]
[904, 300, 3]
[905, 150, 7, 4]
[909, 329, 10, 9, 4]
[906, 369, 10, 6]
[902, 268, 3, 2]
[902, 274, 3, 2]
[906, 251, 2]
[906, 254, 3, 3]
[903, 311, 2]
[903, 302, 4, 2]
[906, 316, 2]
[906, 259, 4, 2]
[902, 220, 3, 2]
[904, 357, 2]
[904, 335, 3, 2]
[906, 276, 3, 3]
[905, 345, 3, 2]
[904, 351, 4]
[906, 393, 13, 4]
[907, 321, 2]
[904, 276, 3, 2]
[907, 266, 2]
[903, 268, 2]
[903, 328, 3, 2]
[905, 344, 2]
[911, 243, 2]
[903, 308, 6, 4]
[902, 274, 3, 2]
[905, 276, 3, 2]
[901, 156, 5, 3]
[906, 338, 15, 10, 7]
[905, 221, 5, 2]
[904, 268, 2]
[905, 242, 3, 2]
[901, 96, 7, 3, 2]
[902, 209, 7, 2]
[902, 151, 4, 3]
[905, 274, 2]
[903, 238, 6, 2]
[906, 233, 3, 2]
[909, 322, 5]
[902, 311, 3, 2]
[905, 233, 4, 2]
[907, 272, 2]
[904, 271, 3, 2]
[905, 315, 2]
[904, 285, 3]
[909, 346, 4]
[908, 316, 5, 5]
[904, 290, 3]
[908, 213, 7, 2]
[906, 319, 3, 2]
[903, 364, 3, 2]
[906, 327, 2]
[907, 363, 4]
[903, 376, 22, 14]
[904, 19, 8]
[902, 192, 4, 3]
[903, 255, 5, 5]
[905, 190, 3, 3]
[907, 326, 2]
[908, 217, 3, 2]
[906, 321, 4, 2]
[905, 324, 2]
[906, 347, 5]
[909, 240, 3, 2]
[905, 308, 2]
[903, 284, 3, 2]
[907, 370, 14, 6]
[904, 186, 7, 2]
[912, 206, 4, 2]
[904, 244, 3, 2]
[905, 334, 4]
[902, 243, 6, 2]
[905, 234, 4, 2]
[906, 294, 3, 2]
[904, 231, 4, 2]
[909, 179, 4, 2]
[906, 38, 10, 10, 3]
[905, 351, 3, 2]
[907, 345, 6]
[901, 378, 12]
[903, 155, 5, 2]
[902, 225, 3, 2]
[906, 171, 4, 2]
[908, 281, 3]
[907, 38, 12]
[911, 336, 19, 8]
[903, 195, 4, 3]
[903, 335, 3, 2]
[901, 165, 4, 2]
[904, 292, 2]
[905, 279, 2]
[907, 307, 3]
[903, 66, 6, 4, 2]
[904, 333, 3, 2]
[904, 235, 3, 2]
[906, 350, 3, 3]
[904, 141, 6, 2]
[904, 369, 3]
[904, 353, 6, 4]
[904, 273, 3, 2]
[910, 364, 4]
[904, 264, 3, 2]
[906, 227, 3, 2]
[903, 199, 4, 4]
[908, 206, 3, 2]
[907, 122, 11, 4, 2]
[906, 180, 5, 2]
[905, 259, 3]
[904, 380, 2]
[909, 342, 5]
[905, 116, 9, 8, 7]
[903, 337, 7]
[905, 344, 3]
[902, 212, 4, 2]
[904, 306, 3]
[908, 243, 3, 2]
[903, 116, 3, 2]
[906, 152, 6, 6]
[902, 314, 2]
[904, 180, 4, 2]
[904, 293, 2]
[903, 203, 6, 5]
[902, 286, 3, 2]
[906, 214, 3, 2]
[901, 321, 7, 5]
[901, 197, 4, 2]
[903, 278, 3]
[903, 320, 5, 5]
[904, 304, 2]
[906, 243, 5, 3]
[903, 195, 3, 2]
[905, 130, 6, 6, 2]
[903, 235, 4, 2]
[907, 357, 6]
[905, 122, 11, 10, 2]
[903, 287, 2]
[905, 319, 4]
[909, 185, 5, 2]
[905, 347, 2]
[904, 307, 3, 2]
[903, 235, 3]
[905, 209, 3, 2]
[905, 218, 2]
[904, 261, 2]
[907, 253, 4, 2]
[906, 279, 3, 2]
[905, 43, 8, 4, 2]
[902, 240, 3, 2]
[905, 357, 3]
[909, 336, 3]
[909, 285, 2]
[901, 327, 4]
[903, 355, 33, 21]
[907, 272, 1]
[905, 189, 7, 2]
[903, 162, 4, 4]
[902, 321, 2]
[904, 289, 5, 2]
[901, 253, 3, 2]
[904, 139, 5, 3]
[905, 238, 5, 2]
[905, 329, 7]
[904, 356, 3]
[906, 123, 7, 4, 2]
[904, 304, 2]
[901, 309, 7]
[907, 228, 3, 2]
[903, 216, 3, 2]
[906, 223, 3, 2]
[908, 94, 6, 4, 2]
[905, 280, 3]
[903, 181, 3, 2]
[903, 204, 4, 3]
[906, 172, 4, 2]
[901, 266, 3, 2]
[904, 354, 3]
[907, 257, 2]
[905, 188, 5, 2]
[905, 299, 11]
[905, 234, 2]
[908, 346, 10, 5]
[902, 317, 3, 2]
[904, 198, 4, 2]
[904, 312, 3, 2]
[905, 330, 2]
[908, 259, 2]
[905, 139, 5, 2]
[903, 345, 4]
[904, 331, 2]
[904, 358, 8]
[904, 244, 4, 2]
[904, 158, 5, 2]
[903, 244, 7, 2]
[908, 261, 3, 2]
[904, 245, 3, 2]
[905, 339, 2]
[904, 313, 3, 2]
[902, 227, 2]
[902, 288, 2]
[903, 281, 4, 2]
[905, 266, 3, 2]
[902, 213, 10, 10]
[903, 310, 2]
[906, 189, 3, 2]
[908, 298, 5, 5]
[903, 303, 3, 3]
[902, 338, 5]
[906, 360, 3, 3]
[904, 207, 3, 3]
[901, 292, 3, 2]
[906, 274, 6]
[905, 239, 4, 2]
[904, 355, 3]
[903, 360, 4]
[906, 210, 4, 2]
[904, 275, 2]
[906, 213, 5, 2]
[906, 343, 4]
[901, 313, 2]
[905, 214, 6, 2]
[904, 296, 3, 2]
[904, 179, 6, 6]
[905, 366, 2]
[904, 265, 3, 2]
[904, 287, 2]
[904, 258, 4, 2]
[902, 166, 5, 2]
[908, 263, 2]
[907, 336, 4]
[904, 261, 2]
[905, 269, 2]
[902, 346, 2]
[905, 239, 4, 2]
[907, 318, 4, 2]
[906, 299, 3, 2]
[902, 140, 3, 2]
[905, 267, 4, 2]
[903, 253, 3, 2]
[904, 331, 3]
[905, 149, 5, 2]
[905, 382, 3]
[908, 307, 4]
[900, 250, 3, 3]
[906, 312, 2]
[905, 292, 3, 2]
[903, 270, 3, 2]
[904, 354, 5]
[910, 354, 3]
[907, 342, 4]
[903, 248, 4, 2]
[903, 218, 3, 2]
[904, 292, 2]
[909, 343, 7, 7]
[902, 100, 7, 7, 2]
[906, 261, 2]
[906, 338, 2]
[905, 330, 6]
[907, 179, 3, 2]
[904, 292, 3, 2]
[905, 141, 10, 7]
[904, 334, 6]
[903, 296, 3]
[907, 366, 3]
[904, 341, 2]
[906, 229, 3, 2]
[905, 338, 2]
[905, 385, 7]
[904, 263, 3, 2]
[902, 203, 3, 3]
[905, 337, 2]
[903, 207, 5, 3]
[902, 260, 4, 2]
[907, 269, 3]
[902, 262, 3]
[907, 255, 2]
[908, 373, 9]
[904, 327, 3, 2]
[901, 286, 4, 2]
[906, 139, 6, 6, 2]
[904, 130, 8, 3, 2]
[905, 255, 2]
[905, 260, 3, 2]
[905, 309, 6, 6]
[903, 401, 5]
[907, 201, 4, 2]
[907, 334, 3]
[906, 318, 4]
[904, 342, 5]
[905, 366, 5]
[903, 301, 3, 2]
[904, 313, 2]
[903, 351, 3]
[904, 296, 4, 3]
[902, 246, 5, 2]
[903, 197, 4, 2]
[904, 216, 4, 2]
[906, 176, 4, 2]
[908, 34, 8, 8, 2]
[902, 235, 6, 2]
[907, 322, 21]
[904, 315, 3]
[905, 345, 3]
[904, 213, 3, 2]
[902, 311, 4]
[907, 192, 6, 4]
[905, 351, 8, 8]
[909, 378, 3, 2]
[904, 306, 2]
[904, 262, 5, 2]
[905, 145, 9, 2]
[904, 366, 15, 6]
[907, 337, 9]
[904, 271, 3, 2]
[906, 292, 2]
[907, 337, 2]
