[900, 636, 510, 470, 462, 460]
[905, 635, 433, 317, 286, 277]
[903, 646, 447, 337, 303, 301]
[906, 725, 668, 664]
[895, 153, 89, 86]
[902, 630, 411, 332, 319, 318, 314]
[900, 530, 260, 209, 202, 201]
[898, 680, 547, 478, 464, 460]
[898, 623, 433, 363, 330, 326, 325]
[901, 499, 268, 237, 233]
[892, 100, 19]
[896, 561, 403, 333, 298]
[898, 297, 128, 124]
[900, 691, 574, 558]
[900, 226, 72, 72]
[900, 716, 560, 466, 444, 440]
[894, 200, 65, 65]
[904, 734, 646, 625, 615, 605, 604]
[902, 792, 765]
[904, 446, 208, 183, 178, 176, 175]
[901, 307, 143, 115, 59]
[899, 309, 82, 79]
[902, 540, 293, 226, 222]
[898, 327, 168, 156, 155]
[897, 512, 288, 226, 205, 197]
[896, 394, 140, 111, 101, 43]
[902, 752, 684, 665]
[903, 752, 688, 663, 658]
[903, 663, 534, 489, 488]
[900, 527, 327, 272, 263]
[897, 316, 130, 107]
[905, 794, 753, 750, 749]
[902, 700, 602, 592, 590]
[902, 768, 715, 701]
[906, 459, 234, 172, 140, 138]
[897, 498, 230, 173, 159]
[900, 664, 552, 516, 511]
[900, 602, 356, 229, 204, 199, 198]
[896, 760, 745, 742]
[904, 411, 117, 98]
[903, 573, 387, 314, 262, 230]
[898, 572, 345, 280, 273]
[902, 724, 653, 643, 623, 611]
[907, 800, 773, 768, 766]
[900, 426, 212, 188, 185]
[897, 158, 12]
[901, 376, 167, 98]
[903, 572, 340, 243, 230, 228]
[893, 516, 273, 198, 147, 123]
[899, 266, 112, 80, 77]
[901, 418, 185, 142]
[894, 141, 60, 53]
[908, 683, 528, 467, 459, 456]
[902, 544, 322, 268, 246]
[902, 408, 187, 116]
[904, 650, 376, 234, 201, 169, 152]
[896, 586, 375, 289, 259, 253]
[903, 482, 221, 172, 149, 148, 142]
[907, 795, 771, 764]
[889, 273, 149, 143, 136]
[903, 753, 724]
[902, 484, 271, 226, 222]
[892, 465, 183, 154, 144]
[901, 682, 547, 516, 510, 507]
[901, 481, 271, 226, 197]
[896, 538, 350, 288, 260, 253]
[894, 264, 157, 138]
[902, 807, 789, 788]
[905, 405, 184, 106, 104]
[896, 567, 320, 259, 257]
[903, 613, 418, 311, 272, 258]
[899, 610, 444, 382, 370]
[899, 519, 271, 221, 207]
[903, 707, 595, 569, 565]
[905, 688, 538, 470, 454, 438, 434, 432]
[902, 653, 483, 386, 368]
[899, 627, 454, 376, 373]
[895, 453, 265, 225, 223]
[899, 372, 179, 134]
[905, 201, 30, 30]
[900, 767, 731, 724]
[903, 793, 758, 752]
[902, 614, 370, 221, 179, 169]
[897, 524, 318, 236, 217, 215]
[899, 483, 216, 149, 114, 114, 114]
[899, 415, 232, 201, 200]
[903, 659, 461, 400, 372, 369]
[904, 753, 673, 659, 656]
[901, 659, 520, 440, 433, 431]
[899, 590, 353, 222, 197, 194]
[900, 530, 266, 226, 207, 173, 172]
[905, 597, 381, 269, 254, 253]
[895, 618, 453, 397, 388]
[894, 509, 267, 214, 177, 173]
[904, 532, 277, 213, 192, 163, 161]
[904, 639, 428, 309, 273, 253, 252]
[898, 620, 390, 284, 244, 243]
[895, 27, 23]
[901, 567, 362, 279, 269]
[900, 587, 318, 223, 218]
[902, 773, 750, 742]
[899, 570, 355, 270, 233, 213]
[896, 482, 252, 195, 184]
[897, 627, 427, 330, 309]
[901, 640, 425, 352, 336]
[899, 464, 270, 242, 237]
[901, 561, 321, 257, 232, 230]
[903, 659, 483, 388, 372, 369]
[901, 729, 633, 601, 590]
[904, 735, 664, 649, 643]
[895, 464, 199, 180, 172]
[905, 423, 143, 130, 128]
[902, 601, 446, 408, 399, 393]
[896, 615, 455, 400, 397, 394]
[903, 627, 444, 372, 362, 357]
[902, 682, 555, 498, 492, 491, 489]
[901, 767, 746, 742, 737]
[900, 558, 344, 275, 255, 234, 230]
[897, 651, 513, 478, 477]
[901, 716, 602, 564, 550, 548]
[899, 672, 564, 535, 523, 521]
[901, 570, 397, 336, 319, 318]
[901, 133, 64, 52]
[899, 645, 491, 475]
[901, 593, 392, 319, 302, 301, 297]
[902, 742, 678, 676]
[898, 674, 547, 502, 498]
[903, 609, 391, 329, 312, 306]
[905, 323, 119, 110]
[903, 764, 728, 720, 718]
[895, 92, 48]
[899, 275, 62, 62]
[899, 323, 143, 120, 110]
[896, 706, 653, 647, 646]
[900, 593, 442, 380, 371, 370]
[901, 653, 504, 433, 421, 414]
[898, 268, 29, 29]
[900, 621, 417, 296, 266]
[901, 245, 38, 38]
[902, 381, 220, 203]
[899, 323, 33, 33]
[900, 621, 440, 384, 383]
[893, 306, 155, 146, 142, 138, 128]
[897, 199, 87]
[898, 71, 32, 30]
[901, 674, 544, 510, 500]
[898, 617, 422, 311, 272, 260, 250]
[900, 752, 710, 707]
[896, 607, 412, 328, 301, 293]
[900, 371, 139, 116, 58]
[897, 235, 36, 34]
[902, 553, 378, 222, 202]
[903, 728, 655, 645, 643]
[901, 434, 207, 171]
[901, 750, 713, 709]
[901, 643, 492, 436, 409, 402]
[900, 678, 585, 576]
[900, 721, 621, 604, 600]
[901, 378, 189, 144, 142]
[900, 684, 551, 512, 499, 496]
[904, 712, 630, 614, 613]
[900, 748, 691, 683]
[901, 697, 607, 579, 576]
[895, 476, 249, 224, 223]
[895, 231, 110, 109]
[896, 594, 407, 319, 276, 271, 270]
[908, 607, 384, 274, 248, 240, 234]
[906, 798, 740, 719, 715]
[891, 306, 128, 117, 113]
[894, 329, 155, 104]
[900, 407, 239, 195]
[894, 289, 124, 104]
[904, 557, 285, 206, 194, 189]
[904, 660, 507, 454, 449, 448]
[898, 351, 166, 133]
[905, 459, 190, 159]
[901, 405, 216, 184, 180]
[902, 721, 617, 593, 580]
[905, 708, 608, 581, 578, 575]
[894, 211, 78, 76]
[903, 370, 158, 151, 150, 148]
[896, 421, 228, 183, 176, 173]
[894, 330, 166, 122, 120]
[898, 564, 366, 311, 296]
[891, 226, 108, 104]
[904, 793, 759, 751]
[902, 777, 734, 726, 722]
[900, 432, 221, 170, 159]
[901, 252, 116, 95]
[896, 401, 161, 97]
[896, 202, 24, 24]
[900, 494, 275, 223, 219]
[902, 400, 150, 93, 93]
[903, 776, 733, 717, 715]
[901, 442, 230, 187, 173, 169, 167]
[904, 663, 465, 347, 311, 271, 269]
[900, 686, 549, 487, 483, 478]
[898, 283, 71, 67]
[899, 574, 299, 221, 199]
[901, 644, 473, 368, 334]
[897, 364, 182, 141, 140, 137]
[899, 438, 225, 159, 152, 145, 137]
[900, 678, 517, 473, 454, 449, 446]
[900, 799, 785, 782]
[901, 695, 603, 554, 553]
[904, 775, 725, 715, 713]
[891, 106, 66, 54]
[904, 657, 524, 461, 450, 448]
[898, 413, 179, 96]
[908, 767, 709, 700]
[905, 624, 457, 396, 388, 386]
[900, 592, 360, 280, 235]
[903, 422, 199, 140, 136]
[897, 295, 118, 109, 67]
[904, 685, 596, 555, 545, 539, 537]
[901, 445, 213, 200, 196, 194]
[904, 620, 451, 393, 377]
[901, 592, 387, 279, 225, 220, 215]
[899, 716, 651, 639]
[901, 382, 199, 161, 156]
[892, 488, 225, 186, 185]
[893, 495, 261, 213, 211, 208]
[901, 665, 514, 451, 437, 429]
[900, 623, 420, 310, 262, 227, 222]
[902, 649, 462, 367, 329, 323, 317, 316]
[900, 411, 211, 196, 194]
[899, 223, 71, 70]
[902, 721, 610, 579, 572]
[904, 660, 555, 537]
[899, 472, 255, 224, 221]
[904, 526, 280, 202, 190, 172, 162]
[905, 610, 394, 313, 297, 295]
[894, 168, 13, 13]
[903, 718, 624, 607]
[897, 221, 19, 19]
[906, 462, 211, 193, 175, 167, 166]
[900, 818, 803, 799]
[903, 675, 568, 546, 539]
[902, 691, 567, 531, 530]
[902, 635, 483, 388, 351, 345]
[905, 713, 606, 544, 514, 510, 505]
[899, 688, 543, 482, 460, 456, 454]
[899, 508, 267, 219, 215]
[898, 254, 109, 84]
[902, 468, 247, 196]
[905, 650, 432, 336, 277, 272]
[910, 655, 496, 421, 414, 413]
[899, 629, 463, 357, 334, 326]
[902, 549, 309, 257, 254]
[900, 409, 187, 139]
[901, 397, 183, 131, 128]
[903, 548, 294, 224, 217]
[897, 489, 289, 220, 210, 207]
[898, 421, 150, 149]
[906, 764, 741]
[900, 466, 229, 146, 127]
[903, 604, 429, 340, 336]
[902, 689, 531, 470, 454, 451]
[901, 390, 168, 161]
[900, 753, 702, 689]
[900, 593, 361, 255, 232, 227]
[901, 449, 199, 170, 149]
[903, 719, 613, 562, 556, 553]
[899, 351, 118, 111]
[898, 395, 159, 142, 138]
[893, 464, 243, 219, 212]
[893, 99, 39]
[889, 312, 63, 58, 43]
[899, 636, 547, 534, 531]
[896, 242, 110, 110]
[899, 774, 733, 726]
[902, 604, 365, 284, 261]
[897, 189, 31, 31]
[905, 768, 750]
[898, 243, 90, 88]
[903, 553, 311, 204, 189, 188]
[900, 655, 405, 314, 265, 261]
[908, 310, 118, 75]
[898, 715, 590, 558, 545, 541]
[901, 759, 721, 715]
[894, 570, 302, 193, 158, 152]
[895, 343, 153, 143, 139]
[901, 594, 329, 199, 177]
[898, 375, 157, 141, 137]
[904, 781, 747, 744]
[907, 424, 140, 128]
[900, 484, 258, 225, 214]
[908, 715, 625, 612, 610, 608]
[905, 416, 210, 179, 174, 151]
[902, 686, 592, 583]
[904, 718, 612, 572, 570, 568]
[902, 567, 396, 315, 310, 308]
[897, 559, 294, 203, 186, 163, 160]
[903, 624, 468, 409, 402]
[899, 631, 437, 379, 367, 366]
[899, 592, 378, 318, 302]
[899, 680, 555, 525, 520]
[901, 747, 713, 704]
[905, 666, 503, 437, 420, 416]
[899, 527, 343, 262, 243, 242]
[901, 658, 528, 462, 440, 433, 431]
[898, 187, 99, 98]
[906, 479, 224, 188, 185]
[899, 662, 551, 517, 506]
[898, 140, 106]
[903, 761, 717, 698, 696]
[901, 498, 305, 246, 221]
[908, 662, 536, 505, 486, 484]
[906, 137, 21]
[897, 530, 323, 283, 266, 265, 262]
[905, 288, 32, 27]
[901, 602, 379, 307, 293, 291]
[901, 163, 26, 26]
[902, 755, 691, 688]
[905, 751, 703, 684, 667, 664]
[900, 388, 190, 140, 135]
[903, 718, 652, 628, 627]
[899, 643, 451, 351, 336]
[903, 621, 426, 345, 309, 308]
[901, 649, 446, 385, 376, 368, 366]
[902, 449, 260, 154, 140, 131]
[901, 329, 134, 131]
[897, 671, 582, 559, 558]
[900, 529, 269, 205, 196]
[907, 743, 694, 681, 678]
[905, 749, 698, 689]
[900, 205, 23, 23]
[905, 592, 357, 234, 186, 162]
[892, 549, 368, 299, 279, 277]
[899, 693, 602, 594, 593]
[901, 547, 303, 261, 250, 249]
[907, 762, 688, 670, 668]
[901, 332, 120, 109]
[900, 761, 725, 712, 709]
[901, 681, 572, 543, 534]
[895, 611, 463, 403, 392, 387]
[902, 483, 233, 197, 196]
[897, 521, 286, 208, 203, 202]
[900, 683, 550, 511, 504]
[902, 496, 293, 198, 173, 165]
[904, 589, 337, 223, 192, 188]
[904, 657, 527, 482, 480, 477]
[899, 581, 374, 318, 312, 310]
[900, 344, 161, 127, 125]
[902, 583, 327, 231, 179, 171, 162, 147]
[894, 352, 113, 92]
[901, 430, 185, 128, 122, 119]
[901, 470, 123, 109, 46]
[902, 492, 206, 174, 157, 156]
[896, 259, 53, 51]
[904, 302, 124, 117]
[900, 324, 137, 134]
[907, 740, 667, 659]
[901, 361, 191, 158]
[894, 123, 40, 37]
[903, 690, 593, 574, 570]
[899, 772, 739, 735]
[900, 591, 352, 304, 295]
[901, 347, 147, 136, 83, 81]
[904, 477, 233, 187, 180, 179]
[902, 762, 730, 722]
[900, 354, 129, 121, 120]
[902, 712, 632, 610, 602, 589, 585, 583]
[899, 411, 159, 153]
[899, 548, 326, 246, 221, 219]
[900, 565, 368, 297, 258, 247]
[899, 628, 376, 282, 233, 232]
[904, 598, 400, 340, 322]
[894, 288, 119, 111]
[896, 367, 175, 162]
[900, 283, 121, 71]
[900, 217, 51, 51]
[903, 664, 502, 460, 455]
[902, 619, 444, 385, 372]
[902, 806, 782, 780]
[900, 522, 293, 230, 222]
[897, 556, 320, 275]
[905, 617, 374, 258, 241, 240]
[893, 389, 144, 111, 55]
[906, 775, 714, 701, 698, 695, 690]
[902, 577, 365, 276, 255]
[904, 662, 498, 436, 415]
[900, 713, 643, 628, 625]
[903, 498, 291, 265, 263, 261]
[899, 732, 696, 693, 691, 689]
[902, 740, 694, 685, 683]
[889, 75, 36]
[900, 661, 458, 343, 287, 258, 254, 252, 251]
[891, 282, 67, 67]
[898, 559, 333, 212, 171, 170]
[905, 734, 627, 605, 604]
[899, 602, 398, 313, 298, 295, 292]
[902, 662, 422, 323, 305]
[901, 587, 354, 243, 217, 209, 208, 184]
[900, 703, 588, 561, 551, 545]
[899, 697, 565, 523, 512]
[895, 660, 520, 433, 404, 401, 400]
[900, 574, 364, 280, 249, 242]
[905, 771, 703, 697, 694]
[903, 237, 28, 28]
[898, 702, 611, 589, 580, 576, 573]
[900, 518, 305, 250, 245]
[906, 642, 475, 386, 369, 360]
[900, 379, 171, 152, 150]
[901, 613, 382, 310, 299]
[902, 763, 713, 699, 698]
[898, 546, 273, 150, 140]
[910, 760, 703, 678, 674]
[892, 272, 139, 111]
[907, 452, 214, 190, 184]
[907, 512, 278, 236, 228]
[899, 643, 454, 363, 347, 338]
[899, 714, 605, 562, 561]
[900, 711, 570, 530, 525]
[903, 561, 342, 290, 264]
[901, 679, 517, 447, 426, 423]
[900, 668, 520, 457, 443]
[899, 551, 313, 233, 223]
[901, 429, 246, 154, 96, 85]
[909, 737, 649, 627, 625]
[899, 660, 526, 484, 471]
[903, 654, 451, 358, 307, 295, 292]
[900, 499, 259, 208, 182, 181]
[902, 587, 414, 345, 313, 310]
[903, 454, 220, 187]
[905, 651, 522, 471, 469]
[901, 750, 667, 645, 644]
[902, 763, 727, 720, 718]
[901, 115, 12]
[902, 778, 759, 756]
[899, 376, 174, 156, 153]
[906, 765, 729, 726]
[899, 566, 302, 238, 229, 221]
[898, 403, 107, 96, 95, 93]
[903, 748, 683, 676]
[902, 752, 674, 665]
[898, 162, 40]
[905, 690, 561, 509, 481, 478]
[887, 12]
[902, 620, 457, 396, 382, 380]
[899, 551, 270, 216, 211]
[901, 766, 695, 679, 668]
[899, 641, 475, 415, 406]
[906, 182, 70]
[898, 735, 677, 668, 664]
[907, 766, 673, 656, 655]
[905, 486, 243, 195, 184, 179]
[902, 604, 415, 352, 345]
[900, 660, 519, 454, 440]
[902, 591, 396, 316, 286, 265]
[900, 186, 55, 41]
[902, 557, 307, 251, 245]
[902, 710, 634, 627]
[906, 500, 210, 170, 124]
[897, 451, 202, 143, 142]
[908, 733, 631, 608, 602, 597, 596]
[900, 450, 193, 145, 144]
[890, 353, 186, 170]
[900, 531, 273, 189, 181]
[900, 594, 382, 320, 307]
[904, 700, 585, 562, 554]
[899, 667, 556, 541, 540, 538]
[898, 579, 390, 313, 303, 298]
[902, 720, 644, 633, 632]
[897, 438, 181, 164]
[904, 742, 682, 664, 662]
[901, 718, 626, 585, 570]
[899, 561, 305, 224, 186, 182, 176]
[902, 736, 668, 647, 640, 637]
[897, 665, 499, 416, 379, 377]
[899, 724, 684, 677]
[898, 606, 418, 304, 284, 283]
[902, 242, 74, 58, 39]
[899, 562, 326, 265, 242, 236, 235]
[906, 439, 238, 193, 188]
[901, 624, 466, 370, 348]
[899, 673, 575, 563, 556]
[906, 491, 275, 244, 235, 227]
[901, 412, 209, 159, 148]
[900, 657, 485, 440, 437]
[903, 804, 778, 770]
[897, 626, 391, 289, 264, 259]
[902, 644, 536, 525, 521]
[909, 768, 719, 708, 703]
[901, 576, 346, 255, 227]
[894, 392, 186, 156, 154]
[900, 638, 387, 260, 156, 154, 152]
[902, 330, 70, 70]
[899, 670, 549, 525]
[898, 265, 100, 95]
[899, 427, 199, 159]
[898, 636, 483, 421, 401, 396, 395]
[903, 777, 727, 713]
[906, 593, 389, 322, 298, 291]
[904, 693, 571, 545, 543]
[898, 464, 268, 197, 184, 180]
[901, 756, 721, 701, 699]
[899, 724, 655, 621]
[900, 560, 344, 291, 288, 285]
[900, 530, 293, 224, 216, 208, 202, 149, 148]
[900, 637, 451, 342, 305, 274, 270]
[898, 221, 35, 25]
[896, 518, 355, 288, 274]
[902, 620, 457, 408, 396, 388, 387]
[903, 563, 358, 260, 238, 235]
[896, 303, 141, 140]
[903, 699, 581, 535, 526]
[899, 569, 292, 201, 168, 162]
[903, 484, 221, 191, 178, 175]
[896, 595, 322, 253, 239, 237]
[901, 691, 579, 567, 562]
[901, 753, 717, 714]
[903, 713, 617, 593, 587]
[901, 555, 370, 257, 231, 228]
[903, 627, 444, 333, 261, 251]
[903, 619, 428, 306, 225, 190, 172, 171]
[900, 712, 628, 622]
[901, 384, 182, 167, 156]
[896, 611, 384, 252, 228, 225]
[897, 224, 36, 36]
[903, 596, 383, 266, 232, 224]
[901, 567, 311, 194, 174, 97, 57]
[901, 616, 339, 244, 199, 196]
[897, 360, 169, 149, 143, 140]
[902, 378, 191, 117, 81]
[903, 764, 694, 665, 664]
[894, 619, 454, 398, 373, 369]
[902, 479, 208, 187, 184]
[901, 695, 578, 528, 502, 497]
[902, 643, 436, 363, 338, 337, 336]
[896, 652, 508, 476, 471]
[899, 550, 299, 219, 184]
[901, 681, 545, 484, 471, 467]
[906, 731, 678, 673, 671, 665, 656]
[899, 663, 489, 404, 376, 373]
[902, 420, 193, 149]
[899, 173, 62]
[904, 622, 362, 267, 217]
[899, 477, 249, 201, 191]
[894, 375, 224, 203, 192]
[902, 677, 524, 488, 482]
[903, 629, 400, 346, 341]
[904, 157, 79, 59]
[905, 700, 551, 435, 401, 388]
[900, 309, 154, 120]
[901, 298, 92, 62]
[904, 690, 599, 578, 571, 569]
[899, 694, 592, 560, 538, 534]
[899, 322, 120, 117]
[906, 706, 567, 548]
[899, 605, 378, 275, 255, 252]
[894, 335, 67, 65]
[903, 769, 710, 698, 697]
[904, 716, 631, 618]
[903, 603, 393, 291, 243, 238]
[903, 688, 543, 496, 485, 481]
[895, 623, 473, 447, 444]
[898, 204, 58, 58]
[902, 652, 421, 335, 300, 294]
[902, 656, 501, 405, 388]
[902, 513, 286, 241, 236, 225, 214]
[900, 707, 589, 552, 539, 538, 537]
[904, 515, 331, 263, 230, 228]
[899, 551, 332, 253, 232, 229]
[904, 678, 539, 486, 447, 422, 417, 415]
[898, 82, 34]
[896, 681, 534, 487, 483]
[900, 471, 297, 265, 263]
[896, 721, 655, 642, 639]
[902, 495, 225, 184, 183, 181]
[898, 378, 177, 165]
[902, 700, 602, 590, 585, 584]
[902, 612, 468, 415, 412]
[896, 501, 296, 241, 235]
[896, 127, 47]
[900, 438, 227, 186, 175]
[906, 663, 533, 485, 480]
[899, 248, 74, 74]
[903, 551, 294, 180, 160]
[904, 668, 562, 532, 529]
[899, 583, 355, 253, 246]
[898, 619, 409, 332, 319, 316]
[900, 332, 182, 146, 144]
[899, 403, 160, 125, 119]
[903, 481, 249, 190, 159]
[896, 661, 551, 510, 508]
[898, 417, 187, 160, 156]
[902, 103, 19]
[901, 809, 791, 789]
[902, 624, 434, 360, 343]
[901, 518, 239, 202, 193, 190]
[903, 655, 526, 472, 470]
[904, 694, 614, 584, 578, 566, 564]
[907, 602, 445, 405]
[898, 172, 57]
[905, 685, 526, 419, 345, 330, 325]
[899, 182, 29, 29]
[900, 559, 399, 296, 278, 269]
[895, 224, 123, 110]
[897, 681, 546, 519, 512, 511]
[899, 669, 517, 481, 473]
[898, 561, 327, 279, 276]
[905, 674, 539, 468, 448, 443]
[895, 518, 246, 210, 184, 159]
[899, 591, 385, 287, 270, 268]
[897, 610, 419, 361, 353, 349]
[891, 594, 443, 369, 329, 305]
[900, 319, 159, 151]
[899, 483, 266, 208, 202]
[898, 413, 183, 161, 155]
[900, 367, 182, 180]
[906, 592, 423, 368, 353]
[899, 555, 305, 253, 234]
[903, 337, 124, 33]
[901, 598, 424, 348, 336, 335, 331]
[902, 774, 736, 730]
[896, 346, 123, 108, 107]
[899, 525, 305, 253, 251]
[900, 668, 539, 501]
[901, 653, 451, 371, 348, 323, 308]
[899, 502, 267, 224, 217]
[894, 214, 31, 31]
[898, 644, 462, 376, 370, 368]
[899, 676, 543, 511, 502, 499]
[904, 720, 597, 580, 574]
[899, 646, 522, 477, 472, 470]
[904, 779, 755, 753]
[900, 654, 535, 483, 472, 470]
[902, 695, 555, 530, 524]
[898, 726, 606, 574, 570]
[896, 488, 279, 238, 230]
[901, 659, 483, 398, 362, 358]
[901, 353, 170, 166]
[900, 717, 612, 595]
[900, 570, 327, 237, 214, 211]
[904, 678, 524, 466, 436, 423, 416, 414]
[897, 201, 78, 77]
[901, 677, 571, 534, 532]
[903, 710, 610, 592]
[901, 575, 343, 270, 263]
[904, 661, 499, 460, 454]
[902, 682, 572, 543, 537]
[900, 35, 33]
[902, 760, 717, 709]
[899, 671, 529, 437, 414, 405, 401]
[906, 533, 293, 222, 211, 209]
[899, 788, 769, 761]
[900, 579, 339, 259, 248]
[902, 732, 661, 643, 635, 633]
[897, 591, 439, 351, 344]
[898, 569, 410, 340, 320, 318]
[901, 406, 205, 191]
[904, 643, 483, 444, 438]
[900, 656, 481, 430, 427]
[897, 589, 337, 215, 207]
[898, 249, 84, 83]
[900, 770, 728, 725]
[895, 268, 97, 88]
[904, 742, 676, 673, 671]
[903, 688, 501, 452, 447]
[904, 692, 591, 581, 578]
[902, 682, 529, 505, 497, 491, 490]
[896, 403, 169, 155]
[900, 399, 226, 207, 198]
[902, 745, 653, 638, 632]
[901, 765, 733, 720, 718]
[901, 560, 321, 233, 221]
[898, 544, 294, 253, 250]
[904, 600, 425, 320, 289, 286]
[900, 560, 330, 209, 177]
[903, 549, 320, 225, 209]
[902, 719, 626, 619, 618]
[902, 433, 201, 162]
[904, 288, 142, 140]
[901, 618, 405, 310, 290, 285]
[904, 442, 177, 145]
[901, 734, 664, 659]
[895, 590, 367, 272, 242, 240]
[898, 379, 176, 157, 155]
[899, 273, 168, 155]
[903, 226, 51, 50]
[898, 629, 440, 373, 346, 338, 337]
[903, 690, 591, 549, 543]
[890, 351, 181, 149]
[905, 327, 150, 142, 135, 134]
[902, 450, 240, 205, 194]
[904, 707, 596, 561, 557]
[903, 753, 655, 631]
[898, 421, 224, 204, 202]
[903, 750, 659, 624, 618]
[901, 566, 372, 312, 307, 305, 304]
[895, 287, 116, 36]
[901, 669, 579, 557]
[899, 685, 544, 503, 499]
[903, 583, 349, 238, 200, 198, 197, 188, 175]
[904, 639, 451, 363, 346, 344]
[897, 750, 681, 656, 652]
[906, 697, 558, 514, 511]
[905, 756, 690, 678, 675]
[897, 590, 306, 215, 191, 187]
[903, 732, 658, 645, 644]
[904, 726, 669, 657, 656]
[897, 186, 40, 40]
[896, 48, 28]
[897, 533, 297, 233, 207, 193, 134, 132]
[904, 608, 377, 259, 228, 224]
[902, 528, 275, 220, 214, 209]
[901, 591, 368, 256, 235, 208]
[898, 393, 224, 159]
[904, 531, 335, 290, 282]
[898, 582, 329, 227, 198, 172, 168]
[905, 599, 285, 237, 229, 228]
[888, 319, 134, 131, 115]
[895, 323, 46, 46]
[901, 269, 131, 124]
[895, 431, 241, 180, 154, 152]
[900, 662, 503, 428, 418, 412]
[902, 788, 762, 758, 755]
[900, 579, 407, 336, 315, 303]
[905, 788, 759, 755]
[902, 721, 647, 629]
[903, 740, 662, 643, 638, 636]
[900, 600, 399, 336, 319, 305]
[895, 694, 617, 601, 595]
[902, 291, 78, 41]
[907, 770, 704, 692, 688]
[899, 279, 151, 117]
[903, 508, 250, 209, 198]
[900, 62, 17]
[901, 607, 406, 347, 326, 324]
[898, 538, 324, 244, 229, 227, 225]
[900, 37, 13]
[901, 775, 710, 708]
[905, 649, 458, 384, 369, 361]
[905, 509, 251, 223, 219, 217]
[898, 490, 314, 243, 242]
[899, 441, 167, 139]
[904, 553, 347, 249, 190, 181]
[902, 513, 273, 228, 224]
[899, 341, 157, 138]
[905, 562, 369, 292, 284]
[901, 676, 528, 476, 462, 459]
[902, 726, 658, 647]
[899, 460, 238, 203, 195]
[907, 687, 526, 462, 451, 443]
[885, 291, 132, 130, 128]
[901, 648, 433, 360, 329, 292]
[898, 301, 150, 104, 103]
[898, 613, 345, 267, 262, 261]
[897, 606, 466, 439, 426]
[896, 559, 343, 260, 245]
[902, 555, 303, 237, 224, 223]
[902, 706, 593, 548, 521]
[898, 636, 460, 390, 359, 339, 337]
[903, 603, 389, 311, 297, 292]
[904, 635, 405, 268, 237, 235]
[902, 586, 382, 282, 267]
[896, 251, 126, 114, 110, 71]
[899, 506, 295, 241, 238]
[902, 577, 334, 196, 153]
[905, 745, 665, 655, 651]
[901, 701, 579, 538, 525]
[901, 764, 729, 718]
[901, 671, 489, 412, 381]
[899, 743, 662, 648]
[898, 178, 57, 54]
[902, 260, 46, 46]
[902, 356, 139, 115]
[899, 390, 185, 168, 166]
[894, 391, 161, 116, 76]
[902, 527, 278, 197, 179, 176]
[902, 762, 714, 711]
[905, 627, 460, 406, 392]
[901, 717, 634, 613, 608, 605]
[904, 738, 671, 667]
[895, 555, 279, 180, 169, 168, 167]
[900, 750, 705, 701]
[903, 275, 26, 26]
[906, 697, 584, 567]
[902, 515, 229, 174]
[900, 610, 359, 231, 220, 206]
[901, 616, 393, 299, 268]
[899, 750, 693, 691]
[895, 633, 438, 360, 335, 330, 328]
[898, 702, 618, 583, 573]
[903, 537, 280, 236, 225, 219]
[900, 682, 552, 510, 489, 480, 473]
[900, 646, 462, 363, 318, 298, 292]
[903, 683, 559, 530, 521, 516]
[902, 621, 414, 306, 280, 273]
[903, 830, 810, 808]
[904, 497, 219, 183]
[902, 441, 218, 162, 137]
[901, 778, 726, 713, 705, 703]
[898, 530, 323, 267, 256, 254]
[902, 404, 192, 161, 159]
[902, 598, 439, 350, 300, 296]
[902, 674, 547, 485, 477]
[903, 476, 260, 227, 218]
[898, 568, 358, 278, 263, 258, 252]
[903, 788, 734, 722, 720, 719]
[900, 763, 719, 712]
[904, 604, 356, 288, 273, 267]
[905, 445, 205, 185, 183]
[901, 481, 255, 217]
[897, 338, 146, 131, 127, 126]
[896, 551, 259, 178, 176]
[900, 601, 349, 255, 237]
[902, 146, 16]
[905, 610, 377, 256, 203, 191, 190]
[899, 589, 410, 368, 359]
[900, 710, 627, 616, 614]
[907, 287, 103, 101]
[901, 738, 646, 614, 606]
[894, 553, 382, 341, 340]
[906, 567, 315, 229, 203, 180, 179]
[897, 252, 83, 81, 59]
[900, 708, 626, 605, 598, 591]
[900, 357, 171, 160, 159]
[902, 658, 560, 523, 516]
[895, 711, 588, 542, 534]
[900, 343, 161, 129, 126]
[901, 662, 529, 499, 493]
[904, 448, 190, 170]
[907, 736, 662, 652]
[902, 621, 403, 285, 238, 234]
[899, 628, 453, 382, 353, 352]
[895, 718, 628, 615, 614]
[900, 684, 549, 512, 506, 503]
[899, 716, 636, 624]
[900, 597, 335, 233, 171, 157, 145, 144]
[896, 527, 353, 300, 298]
[899, 784, 746, 738, 736]
[905, 672, 513, 469, 461, 460]
[905, 705, 659, 647, 640, 639, 637]
[900, 213, 26, 26]
[901, 708, 633, 617, 615]
[902, 705, 579, 551, 546]
[905, 511, 266, 202, 190]
[898, 664, 505, 438, 417, 414]
[902, 671, 467, 412, 409, 406]
[896, 611, 410, 307, 259, 249, 248]
[898, 653, 459, 395, 380, 378]
[903, 612, 459, 390, 369, 368]
[905, 361, 107, 87]
[904, 818, 785, 779, 773]
[897, 554, 320, 247, 243]
[902, 700, 559, 523, 513]
[899, 624, 434, 349, 313]
[906, 570, 347, 229, 202]
[900, 666, 511, 468, 448, 447]
[899, 749, 702, 700]
[898, 762, 716, 712]
[897, 203, 60, 57, 53]
[903, 474, 293, 232, 228]
[900, 647, 419, 341, 330, 327]
[898, 308, 99, 93, 84]
[897, 261, 138, 115, 77]
[901, 796, 767]
[902, 358, 173, 160, 129, 128]
[905, 713, 595, 558, 549, 546]
[903, 694, 591, 570, 569]
[903, 601, 387, 328, 309, 307]
[896, 542, 291, 215, 201]
[903, 696, 571, 510, 496, 491]
[901, 682, 556, 541, 539]
[901, 581, 385, 299, 282, 280]
[905, 689, 560, 518, 511]
[903, 589, 362, 277, 263]
[897, 790, 735, 733, 732]
[894, 330, 105, 89, 75]
[893, 554, 356, 311, 305]
[909, 678, 556, 525, 519, 518]
[901, 246, 30, 30]
[904, 730, 650, 631, 627]
[904, 664, 482, 403, 400]
[902, 716, 606, 581, 580]
[904, 383, 188, 169, 167]
[902, 635, 472, 411, 382, 370, 368]
[900, 446, 175, 160]
[899, 582, 396, 339, 317, 312, 311]
[902, 521, 311, 267, 232]
[899, 604, 443, 376, 355]
[903, 727, 685, 677, 675]
[897, 207, 79, 79]
[903, 657, 462, 390, 379, 375]
[903, 726, 663, 661]
[901, 511, 294, 244, 230, 229]
[898, 266, 118, 104, 56]
[901, 577, 332, 243, 228]
[897, 656, 484, 444, 431, 428, 425, 423]
[900, 772, 730]
[903, 528, 277, 219, 213]
[898, 668, 547, 506, 503]
[902, 526, 283, 211, 208]
[899, 767, 736, 733, 730, 727]
[897, 701, 589, 560, 548, 543]
[905, 583, 370, 291, 282]
[901, 611, 439, 363, 342, 341]
[905, 739, 665, 647, 645]
[894, 144, 39]
[897, 592, 350, 257, 250]
[900, 471, 199, 159, 115]
[901, 672, 537, 525, 523]
[904, 803, 794, 787, 786]
[902, 732, 672, 656, 652]
[900, 193, 15, 15]
[899, 655, 444, 376, 354, 352]
[901, 286, 148, 142, 133]
[902, 780, 759, 751]
[898, 406, 235, 204]
[904, 712, 633, 624, 622]
[903, 473, 229, 184, 181]
[899, 358, 90, 86]
[897, 485, 247, 200, 198]
[899, 547, 378, 318, 311]
[902, 730, 609, 561, 547, 546, 542]
[897, 659, 512, 453, 442]
[889, 309, 111, 110]
[899, 588, 383, 330, 324, 322]
[902, 688, 589, 567, 557]
[896, 668, 556, 543, 541]
[905, 744, 695, 683, 678]
[898, 692, 617, 591, 582]
[902, 225, 13, 13]
[904, 639, 356, 248, 233]
[897, 655, 496, 422, 385, 356, 347]
[891, 559, 301, 213, 194]
[901, 654, 501, 386, 327, 322]
[897, 784, 753]
[898, 524, 315, 211, 201, 188]
[906, 755, 702, 701, 698]
[898, 345, 163, 127]
[897, 544, 291, 224, 221]
[904, 666, 506, 456, 442]
[901, 789, 756, 750]
[901, 633, 412, 325, 292, 288, 286]
[903, 413, 181, 143, 138]
[899, 576, 367, 269, 214, 182, 177]
[906, 782, 728, 726, 725]
[905, 736, 645, 613, 611]
[899, 313, 121, 121]
[906, 708, 608, 587, 582, 579]
[901, 688, 582, 556, 551]
[896, 278, 56, 56]
[902, 665, 531, 464, 454, 450]
[892, 360, 162, 146]
[897, 322, 174, 137]
[900, 389, 146, 108, 104]
[902, 711, 611, 589, 575, 572]
[903, 800, 790, 789]
[900, 257, 143, 66]
[900, 568, 407, 333, 314, 310]
[898, 657, 500, 421, 381, 355, 353]
[899, 684, 492, 428, 408, 407]
[901, 671, 543, 483, 475, 474, 472]
[895, 577, 369, 276, 237, 234]
[903, 635, 451, 350, 335, 333]
[893, 570, 319, 239, 178]
[901, 517, 298, 268, 248]
[902, 579, 349, 270, 262]
[902, 644, 450, 354, 289, 273]
[904, 818, 801]
[901, 705, 554, 472, 451, 444]
[902, 586, 352, 299, 284]
[902, 576, 294, 221, 196, 185]
[894, 34, 21]
[901, 768, 711, 709]
[898, 531, 294, 254, 249]
[903, 669, 507, 440, 422, 420]
[899, 321, 150, 117, 49]
[897, 323, 122, 108]
[908, 608, 442, 358, 340]
[900, 392, 180, 164, 160]
[894, 454, 259, 162, 149, 147]
[900, 487, 247, 209, 208]
[900, 629, 464, 373, 338, 336]
[902, 433, 222, 167]
[899, 653, 504, 422, 408, 405]
[895, 611, 438, 388, 368, 365]
[902, 577, 351, 275]
[897, 438, 203, 176, 174]
[904, 486, 263, 161, 139, 102]
[904, 560, 273, 199, 184]
[900, 665, 503, 456, 443]
[904, 727, 667, 661]
[900, 712, 610, 596]
[905, 733, 665, 654]
[905, 715, 590, 572, 569]
[899, 494, 207, 153, 148]
[902, 709, 579, 545, 539]
[900, 711, 637, 633]
[900, 759, 709, 693]
[897, 287, 120, 114]
[898, 705, 608, 600]
[903, 664, 484, 392, 364, 357, 346, 345]
[899, 615, 385, 313, 282, 279]
[901, 626, 419, 332, 310, 305]
[899, 713, 632, 618]
[905, 544, 276, 183, 170, 169]
