[905, 834, 816]
[910, 760, 667, 639, 633]
[905, 276, 4, 2]
[903, 848, 833, 827]
[903, 859, 854, 850]
[904, 689, 417, 248, 139, 117, 115]
[905, 605, 323, 142, 108, 100]
[905, 567, 275, 123, 113]
[908, 825, 789, 779]
[902, 706, 477, 283, 151, 108, 104]
[906, 762, 611, 479, 352, 258, 197, 160, 152]
[905, 537, 236, 105, 96]
[903, 725, 494, 308, 190, 152]
[902, 730, 555, 411, 294, 197, 152, 135]
[908, 874, 866, 858]
[906, 494, 126, 50, 50]
[904, 599, 313, 143, 106, 100]
[903, 622, 316, 131, 86, 84]
[906, 841, 834, 826]
[904, 785, 686, 650]
[907, 880, 871, 869]
[904, 707, 453, 270, 139, 87, 79]
[905, 617, 326, 109, 79, 71]
[905, 661, 424, 245, 152, 125, 120, 115]
[902, 461, 142, 62, 59, 56]
[904, 686, 451, 253, 162, 138]
[907, 760, 637, 593, 591]
[905, 677, 429, 255, 131, 91]
[907, 605, 319, 131, 90, 87]
[905, 595, 308, 143, 97, 92]
[903, 736, 522, 357, 221, 157, 118, 105, 100]
[902, 660, 407, 203, 98, 87, 86]
[903, 787, 719, 702, 698]
[906, 591, 296, 151, 113, 112]
[909, 596, 297, 91, 84, 81]
[905, 846, 832, 830]
[905, 460, 103, 42, 40, 36]
[908, 691, 436, 255, 148, 120, 113, 112]
[907, 613, 317, 139, 91, 90]
[904, 750, 599, 517, 483, 473]
[909, 618, 318, 126, 87, 82, 81]
[901, 443, 70, 47, 43]
[907, 884]
[902, 675, 435, 227, 133, 118]
[904, 570, 274, 97, 57, 42]
[904, 646, 393, 220, 157, 143]
[906, 674, 382, 184, 122, 113, 108, 106]
[904, 834, 814, 811]
[904, 623, 354, 101, 71, 70]
[902, 729, 520, 353, 184, 121, 102]
[906, 482, 144, 39, 39]
[903, 689, 420, 197, 91, 78]
[904, 641, 365, 200, 130, 118]
[910, 841, 823, 815, 813]
[905, 789, 741, 737]
[904, 825, 808, 802]
[906, 787, 707, 694, 690]
[905, 857, 848]
[904, 671, 412, 199, 113, 90, 84, 83]
[905, 871, 866]
[905, 421, 84, 36]
[910, 897, 892, 889]
[905, 677, 440, 269, 171, 130, 128]
[904, 748, 579, 404, 262, 137, 62, 50, 49]
[906, 720, 453, 295, 174, 127, 123]
[910, 722, 455, 290, 165, 131, 126]
[903, 863, 859, 857]
[907, 466, 108, 20]
[906, 829, 809, 806]
[908, 668, 418, 220, 144, 129, 128]
[904, 458, 44, 23]
[903, 700, 410, 208, 120, 110]
[907, 587, 304, 90, 64, 62]
[905, 882, 873]
[908, 416, 19, 19]
[908, 853, 843, 838]
[903, 783, 687, 665]
[904, 531, 201, 55, 40, 18]
[908, 804, 761, 756]
[906, 794, 727, 698, 697, 695]
[908, 871, 866]
[903, 609, 342, 137, 105, 103]
[902, 777, 676, 623, 613]
[905, 610, 345, 167, 110, 98, 95]
[906, 857, 842, 840]
[903, 612, 342, 122, 80, 79]
[906, 452, 142, 81, 76]
[905, 430, 55, 24]
[904, 598, 333, 145, 119, 117, 115]
[902, 706, 434, 221, 100, 70, 68]
[904, 426, 31, 20]
[905, 767, 619, 489, 409, 386, 385, 383]
[908, 757, 569, 397, 292, 230, 219]
[905, 822, 799, 789]
[908, 864, 847, 845]
[909, 753, 588, 392, 266, 188, 156, 153]
[904, 793, 739, 722, 719]
[905, 537, 235, 84, 69]
[903, 639, 370, 207, 107, 94]
[906, 645, 348, 133, 91, 89]
[906, 754, 594, 426, 282, 188, 111, 64, 51]
[903, 750, 637, 586, 575]
[902, 661, 378, 192, 144, 123, 117]
[903, 829, 801, 797]
[906, 520, 205, 97, 81]
[904, 545, 234, 104, 89, 88]
[903, 867, 857, 851]
[907, 770, 605, 446, 313, 242, 195, 183]
[903, 631, 353, 208, 155, 142]
[903, 532, 221, 53, 47]
[905, 820, 778, 772]
[909, 753, 582, 417, 276, 167, 134, 126]
[907, 812, 788, 782]
[904, 437, 85, 52, 48]
[906, 853, 849, 847]
[903, 802, 767, 756, 755, 752]
[908, 761, 687, 675, 673, 671]
[904, 765, 643, 587, 579, 577]
[904, 729, 477, 308, 177, 139, 128, 126]
[905, 524, 213, 87, 79]
[907, 673, 415, 249, 167, 118, 111]
[902, 659, 373, 193, 105, 93, 91]
[905, 816, 789, 772]
[910, 721, 509, 337, 201, 139, 122, 121]
[904, 765, 629, 573, 568]
[903, 784, 689, 659, 648]
[902, 735, 502, 271, 166, 106, 100]
[910, 627, 319, 130, 83, 81]
[903, 715, 456, 278, 159, 125, 116]
[908, 811, 759, 746, 743]
[910, 862, 851, 845]
[904, 726, 486, 268, 166, 108, 97]
[904, 696, 443, 255, 115, 89, 87, 84]
[902, 781, 733, 713, 708]
[904, 713, 460, 254, 192, 157]
[902, 813, 772, 764, 761]
[908, 779, 679, 644, 642]
[908, 869, 866, 864]
[906, 547, 240, 86, 70]
[907, 790, 722, 714, 711]
[908, 891, 890, 888]
[903, 647, 336, 168, 138, 134, 132]
[904, 759, 634, 594, 582, 580]
[904, 609, 352, 127, 77, 69]
[902, 782, 706, 674, 671]
[909, 825, 795, 788, 786]
[911, 794, 739, 732]
[906, 878, 868, 864]
[906, 673, 415, 210, 119, 116]
[903, 690, 405, 260, 157, 131]
[903, 564, 275, 117, 85, 82]
[904, 670, 434, 254, 155, 123, 122]
[908, 621, 379, 140, 48]
[906, 590, 345, 150, 111, 108]
[905, 708, 461, 275, 173, 131, 121]
[902, 830, 804, 802]
[905, 755, 642, 602, 593]
[907, 720, 490, 306, 161, 88, 73, 70]
[905, 467, 162, 72, 62]
[905, 779, 710, 697, 691]
[904, 860, 841, 837]
[902, 826, 806, 801]
[907, 586, 311, 112, 69, 68]
[907, 833, 818, 814]
[908, 820, 799, 798]
[905, 455, 104, 23, 23]
[903, 644, 405, 163, 99, 92]
[902, 483, 123, 7, 7]
[908, 651, 358, 200, 120, 100]
[904, 695, 462, 266, 157, 114, 92]
[906, 805, 738, 723, 721]
[902, 754, 599, 452, 328, 216, 154, 121, 113, 112]
[908, 781, 703, 686, 683]
[908, 823, 797, 792]
[905, 825, 791, 783]
[904, 700, 398, 255, 151, 107, 96, 90, 88]
[904, 758, 571, 350, 205, 154, 135, 134]
[904, 810, 769, 764]
[908, 775, 695, 673]
[904, 656, 389, 215, 151, 124, 119]
[905, 679, 413, 235, 155, 128, 118]
[903, 578, 327, 123, 93, 91]
[905, 497, 169, 28, 17]
[901, 846, 836]
[903, 729, 533, 363, 237, 161, 119, 110]
[905, 482, 155, 61, 61]
[904, 823, 794, 792, 790]
[907, 787, 742, 733, 730]
[908, 819, 807, 802]
[903, 849, 838]
[906, 559, 256, 82, 65]
[906, 859, 853]
[904, 835, 822, 821]
[905, 774, 682, 656, 652]
[904, 777, 670, 611, 602]
[908, 801, 757, 747, 745]
[905, 871, 860, 856]
[905, 627, 320, 142, 101, 97]
[909, 772, 654, 607, 601, 600]
[907, 567, 229, 89, 83, 81]
[905, 315, 6]
[903, 748, 586, 436, 324, 266, 258, 256]
[903, 787, 751, 744]
[908, 877, 867, 865]
[903, 857, 851]
[905, 632, 346, 162, 93, 89]
[904, 754, 596, 469, 382, 334, 321, 319]
[905, 844, 836, 834]
[907, 799, 772, 760]
[906, 444, 70, 23]
[907, 880, 877]
[905, 749, 581, 407, 285, 203, 171]
[905, 693, 409, 222, 130, 101, 93]
[904, 799, 745, 741]
[904, 468, 103, 55, 49]
[904, 605, 312, 122, 47, 31, 29]
[903, 561, 254, 106, 66]
[908, 827, 805, 797, 792]
[902, 554, 186, 81, 63]
[906, 853, 831, 827]
[904, 555, 284, 97, 60, 59, 40]
[906, 710, 476, 296, 186, 116, 99, 97]
[907, 782, 683, 666]
[907, 462, 124, 17, 17]
[904, 862, 849, 845]
[908, 883, 874]
[904, 545, 226, 76, 65]
[905, 599, 305, 101, 81, 79]
[905, 616, 351, 128, 78, 73]
[904, 742, 565, 401, 246, 168, 120, 112]
[903, 540, 244, 71, 53]
[903, 784, 698, 685, 683]
[902, 713, 481, 302, 167, 123, 104]
[905, 770, 612, 507, 471, 457, 455]
[906, 812, 780, 768]
[903, 485, 122, 31]
[910, 774, 684, 668, 663]
[902, 661, 417, 184, 90, 83, 81]
[904, 861, 859, 857]
[905, 774, 699, 679, 674]
[902, 517, 178, 82, 74, 73]
[903, 827, 800, 794]
[904, 693, 462, 269, 141, 100, 91]
[906, 683, 437, 264, 154, 138]
[905, 886]
[904, 762, 637, 568, 552, 550]
[902, 551, 230, 28, 25]
[910, 702, 447, 270, 186, 161]
[907, 534, 225, 48, 38]
[903, 864, 853]
[905, 861, 849, 847]
[905, 569, 250, 140, 100, 90]
[904, 574, 290, 144, 109]
[904, 550, 282, 107, 95]
[903, 643, 376, 163, 103, 98]
[903, 452, 87, 34]
[904, 556, 255, 124, 95]
[903, 799, 775]
[904, 808, 783, 782]
[906, 776, 729, 718]
[905, 762, 657, 616, 609]
[905, 681, 412, 219, 94, 69]
[901, 658, 376, 163, 71, 66]
[905, 637, 372, 149, 92, 89]
[903, 728, 490, 310, 180, 135, 132]
[907, 783, 744, 739]
[907, 699, 449, 278, 171, 115, 106]
[903, 658, 381, 199, 124, 120]
[904, 595, 341, 183, 123, 114, 112]
[908, 659, 399, 217, 129, 121, 117]
[906, 628, 387, 208, 136, 113, 112]
[906, 729, 524, 356, 217, 141, 120]
[904, 837, 825, 813, 812]
[907, 663, 365, 193, 143, 136]
[905, 798, 744, 728]
[903, 608, 322, 126, 85, 79, 76]
[905, 858, 846, 841]
[908, 506, 137, 58, 52]
[905, 841, 833, 831]
[903, 874, 872]
[905, 514, 200, 96, 89]
[902, 707, 471, 287, 138, 104, 103]
[907, 523, 167, 63, 51, 39]
[904, 621, 361, 173, 114, 106]
[905, 714, 442, 253, 157, 131]
[903, 750, 558, 359, 228, 154, 134, 132]
[905, 578, 298, 113, 95]
[903, 774, 689, 666, 664]
[905, 636, 378, 151, 99, 98]
[907, 580, 262, 109, 96, 93]
[902, 851, 834, 832]
[905, 730, 504, 317, 186, 134, 120, 119]
[902, 788, 720, 701, 697]
[906, 793, 726, 713]
[904, 811, 790, 785]
[904, 616, 332, 150, 103, 98]
[910, 700, 467, 284, 189, 142, 126, 124]
[905, 833, 821, 814]
[903, 809, 759, 755]
[904, 710, 469, 277, 139, 102, 96, 93]
[906, 637, 338, 120, 84, 81, 74, 73]
[906, 538, 227, 101, 96]
[905, 835, 803, 801]
[908, 842, 818, 815, 813]
[905, 687, 426, 235, 143, 105, 97]
[902, 710, 484, 347, 218, 173, 162, 158, 156]
[906, 751, 558, 372, 227, 149, 106, 104]
[905, 859]
[902, 766, 672, 646, 644]
[903, 453, 100, 22, 22]
[903, 846, 839, 836]
[906, 554, 201, 43, 40]
[908, 639, 389, 157, 96, 90]
[904, 785, 725, 715]
[907, 488, 170, 79, 75]
[903, 371, 5]
[907, 800, 745, 714, 711]
[907, 818, 796, 790]
[905, 668, 386, 200, 137, 128, 126]
[905, 806, 786, 784]
[906, 865, 860]
[905, 479, 130, 28, 28]
[906, 510, 227, 75, 64]
[906, 717, 494, 250, 139, 108, 104]
[902, 743, 593, 497, 413, 377, 374]
[903, 752, 585, 440, 309, 195, 143, 128]
[912, 847, 826, 824]
[902, 754, 626, 577, 575]
[905, 771, 714, 701, 698]
[906, 719, 488, 290, 152, 109, 104]
[903, 489, 168, 71, 67]
[902, 629, 375, 167, 106, 87]
[906, 840, 813, 803]
[903, 739, 503, 317, 190, 127, 119, 118]
[905, 724, 506, 346, 216, 134, 105, 103]
[905, 846, 832, 829]
[907, 469, 113, 69]
[905, 668, 396, 200, 117, 104, 103]
[907, 822, 794, 783]
[903, 508, 188, 55, 46]
[904, 727, 496, 328, 175, 116, 105]
[904, 491, 213, 56, 53]
[906, 512, 220, 83, 75, 74]
[906, 743, 554, 389, 240, 118, 80, 77]
[904, 503, 217, 105, 87]
[905, 558, 202, 69, 49]
[904, 510, 173, 51, 47, 36]
[905, 553, 261, 84, 77]
[904, 825, 806, 804]
[903, 667, 390, 213, 118, 101]
[904, 665, 405, 195, 131, 101, 90, 89]
[903, 613, 340, 193, 149, 144, 143]
[904, 832, 816, 811]
[905, 626, 370, 179, 108, 104]
[905, 744, 524, 337, 196, 131, 124]
[907, 640, 386, 255, 165, 139, 132]
[903, 630, 366, 167, 92, 82]
[904, 778, 709, 696, 694]
[903, 696, 435, 273, 142, 110]
[904, 695, 440, 268, 152, 90, 79]
[905, 882, 879]
[906, 848, 845]
[904, 863, 857]
[904, 761, 660, 641, 640]
[904, 851, 842]
[906, 694, 407, 239, 122, 90, 86]
[904, 841, 820, 815]
[903, 559, 279, 93, 60]
[905, 592, 320, 157, 108, 99, 97]
[904, 767, 708, 691, 689, 687]
[907, 671, 402, 245, 135, 110, 107, 105]
[903, 674, 390, 216, 148, 127]
[907, 839, 829, 820]
[904, 753, 594, 467, 372, 319, 301, 299]
[903, 855, 844]
[904, 570, 282, 100, 85, 81]
[905, 748, 536, 338, 195, 125, 117]
[903, 673, 393, 217, 139, 124, 122]
[901, 600, 347, 181, 134, 132]
[904, 806, 776, 772]
[906, 873, 868, 866]
[904, 888, 886]
[903, 718, 456, 289, 167, 132, 125]
[902, 627, 352, 147, 57, 53]
[903, 875, 870]
[902, 560, 299, 114, 97, 95]
[905, 848, 825]
[905, 507, 201, 43]
[907, 802, 763, 753]
[905, 592, 327, 140, 111, 106]
[907, 710, 438, 273, 133, 59, 55]
[905, 630, 378, 196, 124, 114, 113]
[904, 690, 446, 251, 165, 128, 113, 111]
[903, 479, 185, 65, 61]
[906, 771, 660, 608, 605]
[904, 496, 220, 69, 54, 50]
[902, 526, 227, 73, 68, 60]
[905, 606, 338, 147, 92]
[906, 750, 619, 548, 521, 519]
[904, 663, 407, 212, 149, 130]
[908, 727, 440, 273, 172, 144, 137, 136]
[905, 745, 564, 370, 220, 133, 96, 89, 88]
[906, 553, 211, 93, 82, 81]
[903, 644, 379, 178, 108, 101]
[905, 593, 304, 130, 90, 86]
[905, 400, 53, 36]
[906, 721, 495, 319, 198, 149, 139]
[907, 833, 816, 814]
[906, 787, 732, 720, 719, 717]
[912, 586, 310, 117, 94, 89]
[902, 515, 235, 83, 70, 64, 62]
[904, 521, 195, 60, 45]
[902, 518, 253, 122, 99]
[903, 688, 449, 253, 142, 119, 113]
[906, 821, 799, 796]
[905, 646, 404, 211, 134, 123]
[906, 749, 625, 549, 531, 528, 526]
[904, 787, 738, 719, 714]
[905, 727, 518, 356, 221, 150, 134]
[906, 670, 378, 184, 113, 109]
[904, 575, 285, 85, 60, 39]
[905, 529, 241, 94, 73]
[905, 612, 360, 146, 79, 75]
[902, 576, 280, 118, 103, 101, 100]
[905, 840, 816, 809]
[904, 853, 849, 846, 844]
[904, 713, 463, 269, 162, 128, 120]
[906, 576, 284, 132, 110, 105]
[905, 658, 380, 210, 133, 129]
[905, 781, 695, 668, 664]
[903, 636, 389, 210, 111, 102, 101]
[903, 724, 482, 312, 197, 144, 136, 134]
[905, 417, 105, 44, 37]
[907, 717, 469, 274, 139, 91, 80, 79]
[904, 764, 661, 610, 599]
[908, 887, 884]
[905, 789, 724, 706, 705, 704, 698]
[904, 841, 831, 826]
[904, 864, 857, 855]
[906, 612, 317, 129, 88, 86]
[906, 823, 794, 784]
[903, 846, 838, 834]
[908, 683, 421, 252, 125, 94, 89]
[903, 776, 709, 695, 692]
[902, 790, 744, 735, 734, 733, 731]
[906, 775, 701, 693]
[906, 868, 859, 855]
[909, 871, 860]
[903, 505, 188, 51, 50, 45]
[902, 758, 560, 392, 264, 179, 159, 154]
[903, 673, 369, 196, 118, 108]
[905, 587, 290, 107, 82, 77]
[905, 805, 746, 737]
[902, 865, 864]
[906, 855, 846, 844]
[907, 585, 229, 80, 59, 57]
[902, 777, 702, 689]
[903, 657, 392, 191, 138, 131, 129]
[907, 866, 852, 851, 848]
[906, 502, 214, 101, 93]
[906, 854, 838, 834]
[907, 784, 725, 712, 710]
[904, 666, 386, 212, 134, 118]
[904, 557, 289, 136, 108]
[904, 851, 846, 841]
[902, 880, 879]
[905, 723, 472, 282, 161, 132, 128, 127]
[903, 806, 751, 738, 732, 730]
[904, 730, 448, 299, 176, 136, 131]
[906, 817, 786, 781, 779]
[907, 577, 280, 117, 84, 78]
[902, 554, 246, 63, 42]
[907, 647, 349, 153, 118, 116]
[908, 864, 855]
[901, 754, 602, 522, 493, 487, 482]
[907, 790, 743, 732, 726]
[903, 559, 255, 94, 82, 74, 73]
[906, 711, 470, 287, 160, 107, 100]
[905, 810, 775, 760, 754]
[906, 549, 225, 95, 83, 73]
[907, 737, 558, 384, 251, 157, 129, 124, 122]
[904, 703, 434, 277, 149, 106, 103]
[901, 762, 695, 671, 669]
[910, 781, 708, 699, 694]
[904, 628, 386, 171, 112, 94]
[900, 823, 804, 799, 797]
[903, 700, 448, 227, 118, 105, 103]
[903, 830, 786, 764]
[906, 721, 461, 296, 105, 73, 72]
[904, 596, 300, 117, 76, 63]
[908, 725, 517, 337, 196, 144, 124, 121]
[902, 626, 381, 171, 115, 114]
[904, 822, 809, 803]
[904, 776, 687, 652, 645]
[906, 555, 259, 79, 41]
[905, 620, 309, 166, 114, 107]
[903, 743, 558, 378, 232, 134, 101, 94, 93, 91]
[902, 847, 835]
[908, 415, 103, 36]
[906, 721, 508, 320, 179, 130, 117]
[907, 575, 265, 93, 71]
[904, 319, 4]
[902, 777, 707, 690]
[905, 833, 820, 814]
[903, 791, 734, 714, 710]
[902, 846, 838]
[905, 704, 452, 243, 130, 97]
[904, 805, 768, 758]
[906, 707, 464, 289, 151, 101, 93]
[903, 809, 782, 775]
[907, 726, 513, 303, 175, 68, 60]
[903, 856, 850, 848]
[907, 760, 643, 617, 602]
[902, 817, 795, 790, 788]
[908, 564, 246, 78, 66]
[906, 405, 158, 71, 58]
[904, 798, 767, 756, 754]
[907, 792, 746, 743, 741]
[906, 741, 518, 330, 174, 103, 91]
[906, 646, 317, 139, 86, 80, 78]
[905, 469, 116, 48]
[905, 698, 427, 262, 120, 82, 78]
[908, 870, 865, 861]
[904, 840, 833, 829]
[909, 809, 784, 777, 773]
[904, 596, 295, 128, 95, 74, 73]
[905, 713, 459, 280, 156, 111, 106]
[907, 733, 526, 352, 189, 121, 95, 92]
[906, 700, 421, 225, 99, 69, 67]
[906, 697, 451, 270, 147, 131, 130]
[904, 849, 832, 828, 826]
[907, 531, 221, 82, 79]
[906, 601, 357, 142, 81, 73, 72]
[903, 770, 633, 528, 448, 418, 415]
[903, 551, 213, 56, 49]
[903, 440, 101, 35, 34]
[904, 774, 674, 642, 638]
[904, 712, 443, 257, 120, 101]
[902, 473, 156, 36, 23]
[905, 796, 749, 732]
[904, 583, 317, 118, 48, 29]
[908, 635, 390, 196, 140, 129]
[903, 573, 287, 88, 59, 56]
[900, 539, 227, 112, 100, 99]
[905, 565, 267, 139, 102, 91, 90]
[905, 638, 340, 143, 102, 100]
[902, 580, 289, 86, 51, 50]
[904, 835, 820]
[903, 644, 398, 230, 146, 136, 133]
[902, 766, 675, 648, 645]
[902, 798, 762, 746, 744]
[907, 858, 853, 851]
[902, 806, 759, 755]
[903, 708, 485, 293, 171, 96, 83, 81]
[905, 772, 616, 477, 314, 199, 149, 133]
[905, 766, 629, 569, 559]
[904, 833, 821, 817]
[904, 518, 193, 73, 66]
[909, 635, 363, 142, 64, 53]
[905, 638, 384, 157, 106, 102]
[902, 739, 529, 335, 172, 111, 102, 99]
[904, 543, 227, 59, 54, 48]
[901, 440, 115, 43, 43]
[906, 807, 778, 772]
[904, 721, 452, 278, 173, 145, 140]
[906, 859, 855]
[904, 789, 674, 607, 595, 593, 589]
[906, 769, 676, 653, 648]
[904, 814, 796, 785]
[903, 537, 228, 70, 50, 32]
[901, 522, 237, 58, 55, 51]
[903, 625, 378, 187, 111, 97, 95]
[905, 785, 718, 711]
[905, 674, 436, 244, 128, 96, 91]
[904, 475, 150, 45, 43, 16, 12]
[905, 561, 287, 101, 77]
[908, 682, 434, 212, 122, 101]
[902, 439, 163, 46, 46]
[905, 831, 814, 812]
[904, 581, 305, 149, 117, 115]
[905, 833, 811, 802]
[905, 619, 281, 94, 71, 67]
[904, 388, 52, 19]
[902, 640, 371, 176, 134, 127]
[907, 849, 832, 829]
[904, 747, 558, 388, 273, 195, 159, 148]
[907, 826, 805, 801]
[901, 616, 384, 201, 131, 124, 121]
[905, 833, 825, 822]
[907, 504, 121, 42, 42]
[909, 612, 324, 140, 95, 83, 82]
[905, 709, 491, 305, 181, 114, 100]
[905, 792, 729, 711]
[905, 495, 167, 79, 75]
[910, 886]
[906, 708, 433, 214, 117, 101, 100]
[902, 783, 694, 668, 662]
[904, 618, 336, 125, 96, 95]
[904, 813, 793, 785]
[901, 571, 256, 76, 53, 35]
[904, 807, 787, 779]
[904, 616, 295, 95, 77, 75]
[905, 770, 642, 559, 546]
[908, 790, 749, 740]
[906, 633, 356, 148, 85, 79]
[904, 783, 722, 707, 706]
[906, 470, 138, 56, 55]
[904, 520, 144, 36, 36]
[904, 736, 579, 410, 278, 183, 125, 112, 106]
[905, 698, 444, 268, 147, 114]
[905, 732, 496, 337, 229, 162, 135, 131]
[906, 798, 760, 758]
[907, 642, 334, 147, 88, 80]
[904, 496, 161, 25, 15]
[902, 692, 420, 259, 142, 110, 105]
[904, 746, 513, 304, 146, 109, 99, 95]
[902, 522, 182, 57, 56]
[903, 645, 350, 163, 95, 93, 91]
[906, 759, 600, 441, 289, 175, 132, 122, 121]
[907, 557, 204, 89, 87]
[905, 465, 143, 57, 41, 24]
[902, 725, 519, 328, 206, 125, 84, 80]
[902, 806, 759, 746]
[902, 666, 400, 183, 105, 90]
[907, 857, 846, 845]
[902, 800, 753, 736, 734]
[906, 828, 797, 790]
[903, 808, 780, 771]
[911, 882, 873]
[906, 697, 457, 243, 131, 107, 98]
[903, 776, 660, 620, 617]
[906, 698, 433, 252, 130, 91, 77]
[907, 718, 465, 251, 120, 79, 75]
[907, 519, 228, 109, 88]
[907, 796, 727, 708, 704]
[906, 781, 693, 672, 671, 669]
[904, 647, 386, 180, 113, 105]
[908, 630, 370, 164, 97, 86]
[902, 683, 406, 230, 151, 109, 100]
[904, 871, 868, 866]
[905, 460, 136, 25, 25]
[904, 552, 218, 91, 78]
[904, 367, 4, 4]
[906, 827, 808, 806]
[905, 556, 210, 83, 79]
[906, 845, 827, 818, 815]
[905, 627, 353, 161, 96, 80]
[905, 785, 724, 707]
[905, 642, 341, 203, 155, 146]
[903, 843, 823, 816]
[902, 681, 429, 226, 98, 79]
[902, 603, 364, 95, 68, 57]
[904, 775, 687, 651, 645]
[906, 648, 374, 207, 158, 146]
[905, 726, 517, 308, 173, 126, 111]
[904, 513, 219, 101, 76, 75]
[905, 817, 776, 773]
[906, 795, 769, 767]
[908, 863, 847, 845]
[902, 714, 459, 259, 154, 94, 91]
[903, 653, 386, 213, 106, 100, 98, 92]
[907, 819, 792, 787]
[902, 625, 356, 175, 118, 114, 112]
[903, 661, 396, 195, 115, 108]
[906, 857, 848, 844]
[903, 632, 364, 172, 132]
[903, 704, 468, 287, 207, 168, 163]
[907, 693, 452, 270, 131, 100, 93, 89]
[909, 675, 417, 208, 144, 107]
[906, 616, 331, 131, 80, 78]
[906, 652, 359, 154, 106, 95, 79, 78]
[906, 851, 845]
[902, 784, 695, 674, 670, 668]
[901, 627, 343, 143, 80, 79]
[903, 735, 557, 368, 215, 162, 155, 153]
[902, 735, 565, 408, 282, 209, 178]
[907, 827, 798, 790]
[905, 427, 7, 4]
[908, 425, 42, 31]
[905, 684, 438, 247, 127, 99, 95, 94]
[905, 717, 472, 295, 174, 140, 138]
[904, 723, 510, 342, 179, 109, 97, 94]
[902, 581, 281, 121, 99]
[904, 677, 377, 191, 124, 117]
[905, 833, 815, 810]
[905, 544, 196, 85]
[904, 881, 879]
[905, 631, 355, 162, 95, 89, 88]
[902, 581, 283, 120, 82, 67]
[907, 875, 858]
[902, 597, 321, 133, 103, 81, 80, 79]
[903, 664, 413, 241, 152, 130]
[908, 631, 333, 88, 43]
[904, 653, 404, 171, 105, 81]
[906, 551, 294, 163, 105, 96]
[903, 590, 277, 122, 96, 91]
[905, 861, 859, 857]
[907, 782, 717, 696, 694]
[910, 833, 812, 806, 804]
[904, 595, 305, 129, 97, 89]
[910, 877, 874, 872]
[904, 530, 170, 69, 56]
[905, 756, 622, 555, 521, 510]
[904, 725, 484, 294, 141, 108]
[905, 577, 322, 151, 92, 86, 85]
[905, 566, 231, 97, 78, 72]
[906, 888, 880, 879]
[903, 679, 428, 213, 111, 103]
[904, 737, 511, 318, 180, 117, 107, 106]
[904, 695, 461, 266, 170, 136, 124]
[906, 652, 400, 186, 92, 71]
[903, 849, 815, 813]
[906, 619, 380, 171, 117, 109]
[911, 626, 313, 162, 92, 84, 82]
[905, 792, 738, 722]
[902, 853, 842, 840]
[903, 703, 490, 302, 185, 143, 135, 133]
[902, 547, 255, 45, 21]
[906, 748, 540, 342, 240, 188, 177]
[905, 734, 546, 357, 202, 135, 109, 106]
[908, 645, 340, 172, 127, 100, 89]
[903, 575, 301, 72, 62]
[905, 465, 136, 23]
[907, 755, 587, 442, 311, 211, 178, 177]
[906, 822, 783, 770, 768]
[908, 542, 251, 105, 85]
[907, 538, 247, 102, 89, 86]
[905, 682, 426, 254, 155, 126, 120]
[906, 748, 560, 407, 236, 141, 114, 104]
[904, 622, 376, 181, 129]
[906, 769, 640, 581, 567, 562]
[903, 614, 356, 131, 83, 81]
[905, 583, 279, 133, 92, 89]
[901, 714, 503, 330, 181, 140, 132]
[905, 727, 508, 350, 230, 142, 117, 112]
[905, 644, 364, 169, 114, 110]
[904, 660, 396, 196, 141, 131, 130]
[906, 688, 435, 278, 169, 127, 116]
[906, 728, 512, 333, 224, 160, 136, 131]
[903, 711, 444, 248, 162, 110, 94]
[905, 831, 807, 800]
[904, 607, 344, 136, 99, 95]
[903, 586, 314, 134, 89, 87]
[903, 448, 88, 32]
[904, 544, 250, 147, 131, 126]
[906, 845, 825, 819]
[904, 712, 456, 250, 140, 101, 98]
[902, 431, 61, 12]
[903, 567, 241, 117, 92, 90]
[906, 826, 801, 796]
[903, 727, 542, 373, 236, 147, 114, 111]
[902, 534, 193, 82, 71, 68]
[907, 509, 209, 59, 55, 52]
[903, 871, 867]
[907, 767, 668, 628, 618, 614]
[908, 608, 275, 126, 101, 100]
[902, 455, 64, 13]
[904, 476, 116, 58]
[905, 674, 417, 185, 66, 62]
[904, 709, 446, 276, 164, 130, 127]
[907, 680, 400, 183, 107, 85, 84]
[906, 808, 767, 765]
[907, 479, 140, 53, 53]
[906, 835, 815, 810]
[906, 486, 152, 61, 52]
[903, 496, 174, 15, 15]
[906, 781, 728, 715]
[901, 508, 178, 102, 78, 74]
[906, 412, 43, 42]
[905, 622, 330, 166, 117, 100]
[902, 586, 332, 134, 98, 94]
[903, 618, 261, 130, 96, 92]
[903, 631, 349, 121, 77, 76]
[908, 640, 355, 180, 102, 96]
[905, 739, 578, 429, 320, 230, 164, 137]
[901, 505, 160, 29, 27, 25]
[904, 822, 786, 763, 756]
[907, 783, 711, 672]
[902, 805, 763, 753]
[908, 834, 820]
[908, 474, 82, 31]
[906, 750, 583, 432, 275, 171, 134, 122]
[906, 745, 503, 307, 195, 142, 122]
[904, 756, 652, 625, 616]
[901, 820, 799, 793]
[905, 738, 484, 319, 190, 132, 118, 117]
[906, 846, 830, 824]
[904, 726, 492, 328, 197, 138, 128]
[906, 632, 389, 213, 128, 96, 92]
[904, 601, 301, 124, 83, 80]
[907, 879, 875]
[902, 586, 334, 190, 136, 125]
[905, 851, 830, 826]
[903, 836, 821, 817]
[907, 773, 637, 553, 523, 516]
[902, 622, 349, 156, 90, 86]
[911, 752, 574, 445, 326, 210, 151, 138]
[906, 720, 471, 282, 158, 102, 93, 91]
[907, 552, 259, 60, 49]
[905, 811, 769, 762, 759]
[903, 744, 548, 360, 229, 167, 135, 126]
[904, 603, 340, 140, 87, 82]
[903, 465, 162, 83, 80, 76]
[905, 852, 842]
[905, 700, 464, 285, 176, 140, 139]
[906, 523, 208, 8]
[904, 542, 215, 75, 70, 69, 66, 65]
[901, 665, 398, 182, 122, 116, 114]
[906, 838, 828]
[906, 790, 742, 736]
[904, 716, 475, 314, 189, 130, 121, 113, 111]
[905, 767, 675, 651, 647]
[904, 641, 397, 193, 119, 105]
[904, 840, 825, 824]
[902, 859, 846, 843]
[905, 815, 779]
[905, 825, 812, 806]
[907, 846, 830, 826, 824]
[904, 869, 864]
[904, 503, 202, 87, 78]
[905, 610, 288, 88, 65]
[906, 816, 793, 785]
[905, 767, 696, 685, 678]
[903, 811, 776, 773]
[910, 465, 103, 42]
[903, 836, 815, 804]
[906, 790, 737, 728]
[902, 337, 8]
[904, 811, 784, 775]
[902, 733, 527, 335, 184, 124, 111]
[900, 771, 678, 665]
[903, 751, 556, 354, 200, 120, 109]
[903, 702, 446, 250, 163, 145]
[902, 622, 366, 191, 112, 101]
[905, 588, 332, 143, 86, 82]
[905, 721, 510, 306, 171, 121, 109]
[905, 889]
[904, 592, 283, 166, 121, 119]
[904, 872, 858, 856]
[902, 564, 281, 111, 74, 69]
[905, 810, 748, 722, 720]
[904, 842, 833]
[904, 837, 825]
[904, 493, 215, 100, 78, 74, 72]
[902, 682, 352, 219, 143, 130]
[906, 778, 672, 632, 630]
[904, 667, 403, 207, 96, 86]
[903, 832, 818, 811]
[903, 618, 344, 184, 141, 138]
[902, 796, 770, 766, 765]
[902, 863, 852, 850]
[909, 828, 804, 801]
[904, 824, 805, 800]
[906, 861, 853]
[905, 873, 867]
[903, 665, 383, 222, 136, 121]
[903, 718, 471, 286, 180, 134, 130]
[906, 637, 364, 141, 101, 92, 88]
[902, 604, 337, 148, 118, 111]
[904, 678, 423, 252, 169, 156, 155]
[905, 643, 378, 172, 117, 112]
[907, 532, 229, 94, 83]
[902, 519, 200, 61, 59]
[903, 582, 292, 125, 90, 85]
[904, 501, 205, 86, 58, 57]
[904, 740, 533, 311, 184, 135, 115, 110, 109, 106]
[906, 632, 322, 124, 96, 90]
[902, 722, 488, 308, 165, 112, 102]
[907, 846, 823, 822]
[903, 810, 782, 774]
[902, 740, 593, 462, 311, 183, 118, 109]
[909, 865, 840]
[908, 831, 813]
[904, 873, 865]
[907, 434, 87, 23]
[904, 716, 508, 349, 210, 120, 93, 92]
[904, 701, 420, 242, 184, 166]
[906, 558, 254, 91, 76, 75]
[908, 594, 325, 169, 127, 121]
[904, 771, 679, 639, 636, 634]
[903, 711, 483, 281, 154, 119, 114]
[904, 760, 666, 639, 634]
[905, 734, 525, 348, 228, 179, 166]
[903, 736, 535, 340, 211, 152, 124, 120, 118, 114]
[903, 615, 370, 200, 90, 83, 79]
[905, 754, 604, 482, 378, 281, 218, 194, 190]
[905, 569, 287, 110, 85, 83]
[904, 581, 291, 88, 72]
[903, 617, 320, 141, 96, 86]
[902, 774, 705, 691, 688]
[906, 741, 557, 382, 223, 137, 116, 111]
[905, 617, 352, 128, 76, 71]
[905, 640, 362, 144, 62, 61, 56]
[906, 594, 362, 193, 93, 85, 84]
[903, 834, 824, 817]
[901, 807, 785, 774, 771]
[905, 644, 376, 178, 96, 93]
[909, 681, 403, 232, 158, 137, 134]
[903, 704, 453, 277, 178, 159, 154]
[906, 810, 778, 765]
[906, 453, 74, 15]
[905, 467, 104, 36, 27]
[906, 540, 237, 62, 41]
[901, 578, 274, 102, 71]
[904, 832, 817, 814]
[906, 809, 758, 743, 740]
[904, 860, 854, 852]
[904, 833, 819, 815]
[904, 593, 332, 111, 76, 72]
[907, 855, 833, 829]
[904, 583, 242, 74, 66]
[903, 774, 708, 701, 699]
[903, 551, 244, 56, 44]
[905, 457, 79, 39]
[907, 597, 337, 171, 105, 104]
[906, 879, 875, 873]
[903, 362, 7, 5]
[900, 524, 209, 94, 80]
[903, 813, 790]
[903, 652, 371, 145, 85, 79]
[907, 542, 218, 67, 62]
[905, 732, 537, 348, 207, 115, 81, 76]
[908, 885, 878, 874]
[903, 713, 491, 324, 184, 129, 101, 93]
[907, 808, 779, 773]
[909, 840, 826]
[904, 574, 255, 95, 80]
[905, 816, 778, 773]
[907, 823, 795, 782]
[901, 808, 789, 785]
[905, 560, 290, 94, 63, 50, 19, 15]
[905, 715, 456, 270, 169, 145, 144]
[905, 883, 877, 875]
[907, 494, 175, 93, 87]
[906, 567, 217, 80, 77, 76]
[906, 801, 741, 734, 733]
[908, 825, 805, 802]
[904, 742, 579, 439, 284, 191, 144, 134]
[907, 794, 740, 715, 713]
[902, 728, 488, 276, 165, 130]
[901, 658, 402, 170, 98, 94]
[903, 813, 777, 769]
[904, 792, 744, 733]
[904, 746, 519, 331, 194, 141, 117, 112]
[902, 436, 123, 57, 52]
[904, 549, 271, 136, 106, 102]
[905, 842, 840, 836]
[906, 836, 818, 815]
[906, 830, 805, 801]
[904, 807, 781, 774]
[903, 807, 753, 742]
[907, 675, 458, 290, 143, 105, 96]
[905, 790, 730, 719, 716]
[908, 521, 185, 48, 43, 35, 31]
[905, 489, 197, 43, 39]
[907, 582, 327, 153, 111, 108]
[904, 750, 625, 599, 597]
[905, 544, 256, 82, 67, 66]
[903, 804, 734, 716]
[907, 569, 267, 97, 73]
[905, 781, 700, 666, 662, 661]
[904, 434, 37, 18]
[905, 824, 805, 802]
[902, 797, 734, 718, 717]
[905, 509, 231, 84, 70, 67]
[904, 627, 357, 146, 90, 80]
[904, 456, 100, 13]
[908, 797, 768, 755, 753]
[906, 707, 476, 298, 164, 114, 112, 107]
[908, 830, 806, 797]
[904, 685, 409, 259, 141, 111, 109]
[905, 842, 835]
[905, 549, 229, 90, 71]
[903, 719, 508, 325, 187, 102, 91, 89]
[908, 704, 428, 219, 141, 110, 109]
[908, 503, 199, 46, 37]
[904, 596, 315, 126, 85, 83]
[906, 770, 696, 665, 658]
[909, 624, 305, 127, 105]
[905, 720, 508, 327, 196, 128, 106, 99]
[903, 573, 298, 121, 95, 92]
[904, 619, 355, 163, 109, 102]
[905, 743, 562, 376, 241, 150, 121, 114, 108]
[905, 586, 305, 131, 80, 77]
[902, 658, 395, 221, 127, 106, 103]
[906, 713, 439, 223, 68, 59, 58, 57]
[905, 752, 578, 429, 275, 179, 125, 108]
[906, 550, 287, 120, 96, 94]
[906, 658, 344, 196, 132, 121]
[901, 451, 76, 38, 35]
[907, 733, 540, 361, 210, 144, 108, 98, 97]
[902, 630, 352, 194, 162]
[904, 627, 319, 161, 100, 97]
[903, 728, 495, 313, 168, 118, 95, 92, 91]
[904, 693, 458, 231, 129, 103]
[907, 683, 407, 229, 136, 122]
[906, 636, 361, 131, 94, 91]
[904, 529, 247, 94, 54, 53]
[906, 796, 758, 750, 748]
[908, 842, 837]
