[4521, 2452, 869, 379, 353]
[4526, 2740, 1370, 623, 468]
[4528, 3158, 1862, 913, 604, 565, 563]
[4519, 4185, 4092, 4073, 4071]
[4524, 3684, 2864, 2270, 1950, 1840, 1833]
[4523, 3988, 3782, 3746, 3744]
[4527, 4092, 3990, 3962, 3959]
[4521, 4153, 4087, 4067]
[4520, 3321, 2109, 1254, 824, 729, 727]
[4524, 2949, 1652, 840, 583, 561]
[4521, 4332, 4296, 4285]
[4528, 4242, 4191, 4188]
[4527, 4115, 3979, 3963, 3957]
[4525, 3922, 3656, 3595, 3586, 3582]
[4524, 3486, 2327, 1449, 958, 796, 786]
[4522, 3823, 3370, 3234, 3216]
[4531, 3621, 2690, 1961, 1381, 1106, 1051]
[4520, 2379, 807, 272, 254, 247]
[4528, 3474, 2337, 1479, 962, 814, 792, 790]
[4518, 3877, 3492, 3383, 3372]
[4520, 3906, 3605, 3512, 3489, 3487]
[4527, 3945, 3687, 3619, 3599]
[4525, 3418, 2247, 1321, 832, 674, 664]
[4527, 3511, 2446, 1585, 1039, 786, 737, 732]
[4524, 3881, 3503, 3401, 3389]
[4527, 3617, 2816, 2266, 2027, 1966, 1953, 1951]
[4526, 3413, 2185, 1263, 786, 682, 662, 656, 655]
[4529, 3949, 3722, 3676, 3675]
[4523, 2736, 1324, 549, 422, 420]
[4528, 3598, 2485, 1634, 1024, 764, 721, 720]
[4528, 3639, 2864, 2187, 1790, 1628, 1601, 1593]
[4530, 4129, 3997, 3966, 3960]
[4519, 3449, 2285, 1406, 854, 712, 694]
[4525, 3456, 2316, 1437, 902, 715, 700]
[4526, 3988, 3771, 3714, 3712]
[4531, 3556, 2477, 1617, 1043, 800, 764, 762]
[4531, 3775, 3289, 3175, 3150, 3147]
[4525, 2606, 1120, 424, 374]
[4520, 2567, 1091, 543, 495, 490, 487]
[4521, 3591, 2670, 1855, 1320, 1043, 990, 986]
[4526, 3812, 3395, 3311, 3299]
[4520, 2655, 1112, 389, 352, 350]
[4522, 3714, 2957, 2492, 2364, 2338]
[4510, 3169, 1827, 915, 642, 613]
[4523, 3644, 2840, 2369, 2233, 2219]
[4524, 3292, 1986, 1114, 681, 606]
[4528, 3854, 3502, 3430, 3407]
[4531, 4211, 4121, 4108, 4106]
[4525, 3727, 3114, 2933, 2909, 2904]
[4524, 2539, 1033, 434, 390]
[4525, 3406, 2116, 1226, 809, 754, 743]
[4525, 2809, 1442, 705, 576]
[4525, 3662, 2740, 1997, 1548, 1343, 1299, 1292, 1291]
[4526, 4144, 4015, 3991]
[4514, 4026, 3821, 3784, 3779]
[4512, 3274, 2059, 1175, 783, 719, 710, 709]
[4515, 4168, 4080, 4067]
[4519, 3208, 1993, 1136, 771, 684]
[4524, 3728, 3110, 2887, 2860, 2855]
[4528, 3205, 2060, 1094, 655, 576, 568]
[4527, 3627, 2696, 1945, 1360, 1029, 936, 918]
[4520, 4219, 4139, 4131, 4129]
[4525, 4153, 4064, 4046]
[4529, 3039, 1588, 785, 568, 544]
[4523, 3455, 2236, 1351, 859, 697, 684]
[4521, 4041, 3941, 3917]
[4524, 4043, 3915, 3883, 3881]
[4533, 2472, 993, 322, 271]
[4524, 2559, 968, 394, 361, 359]
[4522, 3892, 3655, 3587, 3576, 3575, 3573]
[4527, 2419, 870, 341, 325, 323]
[4526, 4083, 3916, 3888]
[4526, 2686, 1328, 587, 458, 453]
[4523, 3234, 1992, 1131, 797, 741, 738]
[4529, 4220, 4097, 4084]
[4525, 2997, 1717, 858, 654, 643]
[4524, 4034, 3812, 3767, 3751, 3749]
[4520, 3091, 1840, 883, 552, 516, 510, 496]
[4526, 3999, 3796, 3736, 3733, 3731]
[4521, 2453, 781, 373, 345, 340]
[4529, 3829, 3417, 3331, 3316]
[4520, 4086, 3945, 3911, 3909]
[4522, 2681, 1201, 492, 438]
[4518, 2539, 1040, 446, 392]
[4526, 3526, 2565, 1759, 1211, 921, 878, 875]
[4526, 3241, 1949, 1088, 686, 634, 632]
[4523, 3756, 3172, 2977, 2951, 2938]
[4532, 3931, 3696, 3624, 3614, 3612]
[4527, 4159, 4022, 3998, 3996]
[4520, 4245, 4149, 4133]
[4522, 3553, 2384, 1449, 893, 722, 696, 694]
[4525, 3210, 1919, 1086, 761, 688, 684]
[4525, 3943, 3627, 3546, 3533, 3528]
[4522, 4214, 4125, 4108]
[4530, 2509, 888, 312, 284]
[4524, 3720, 3048, 2746, 2703, 2694]
[4524, 3335, 2091, 1177, 746, 600, 578]
[4525, 3643, 2686, 1949, 1390, 1153, 1101, 1095, 1093]
[4521, 3213, 1970, 1125, 735, 668, 662, 655]
[4525, 3523, 2332, 1488, 957, 787, 768, 767]
