[451, 249, 101, 16]
[453, 224, 38, 11]
[455, 385, 251, 129, 24, 17]
[451, 263, 107, 28, 21]
[452, 230, 41, 11]
[451, 208, 43, 29]
[452, 212, 11]
[451, 250, 43, 4, 4]
[452, 335, 187, 65, 35, 33]
[454, 214, 2]
[453, 258, 69, 3, 3]
[450, 273, 89, 32, 21]
[451, 319, 196, 57, 5]
[451, 303, 121, 71, 52]
[453, 318, 177, 54, 38]
[452, 351, 207, 73, 20]
[452, 329, 167, 29, 5]
[454, 379, 246, 151, 37, 10]
[453, 301, 144, 4]
[451, 312, 172, 37, 14]
[454, 275, 109, 12, 11, 5]
[453, 336, 201, 41, 20, 20]
[453, 291, 126, 23, 20]
[453, 393, 287, 165, 53, 36, 32]
[452, 261, 97, 13, 10]
[451, 358, 210, 82, 40, 32]
[454, 339, 170, 79, 37]
[450, 270, 61, 7]
[452, 234, 49, 9, 9]
[451, 359, 216, 51, 20, 20]
[455, 271, 122, 5]
[454, 272, 118, 36, 34]
[451, 338, 184, 28, 10]
[452, 324, 190, 24, 15]
[451, 321, 197, 79, 31, 27]
[454, 221, 6]
[451, 258, 99, 8]
[453, 404, 376, 371]
[453, 380, 239, 123, 43, 20]
[453, 406, 364, 333, 316, 311, 307]
[455, 208, 14, 10]
[451, 406, 361, 351]
[453, 214, 3]
[455, 189, 15, 13]
[452, 354, 191, 85, 24, 22]
[452, 247, 22, 19, 18]
[451, 286, 124, 50, 39, 38, 36]
[450, 388, 271, 148, 53, 34, 30]
[453, 337, 217, 118, 59, 49, 48]
[450, 216, 68, 30, 30]
[453, 307, 142, 18, 14]
[453, 370, 219, 101, 14]
[451, 292, 159, 21, 10]
[451, 234, 4]
[451, 290, 131, 4]
[452, 331, 182, 67, 36, 34]
[452, 196, 10, 6]
[452, 281, 132, 28, 23]
[451, 319, 176, 38, 24, 22]
[458, 388, 262, 162, 61, 29, 28, 24]
[451, 388, 281, 151, 63, 40, 37, 36]
[451, 295, 155, 57, 27, 26]
[452, 361, 197, 106, 17]
[453, 389, 308, 200, 105, 8, 5]
[453, 223, 27, 10]
[451, 411, 389, 387, 385]
[457, 291, 115, 26, 24, 17]
[452, 306, 156, 11, 7]
[455, 363, 191, 94, 36, 30]
[451, 305, 146, 49, 41, 40]
[451, 371, 238, 91, 39, 32, 31]
[452, 386, 287, 192, 126, 75, 51, 43, 40]
[452, 256, 72, 13, 12, 7]
[451, 192, 19, 16]
[454, 342, 184, 50, 36, 34]
[453, 369, 201, 92, 59, 49]
[451, 241, 83, 13, 8]
[455, 257, 57, 20]
[454, 400, 351, 298, 240, 169, 112, 57, 31, 29, 26]
[452, 247, 69, 27]
[451, 336, 166, 51, 34, 24]
[453, 319, 172, 62, 37, 34, 33]
[452, 265, 99, 34, 29]
[453, 400, 357, 314, 279, 262, 242, 237]
[452, 114, 3, 2]
[454, 324, 170, 75, 44, 43]
[456, 410, 394, 386, 381]
[454, 389, 302, 172, 63, 30, 28]
[453, 227, 68, 23, 22, 9]
[450, 272, 116, 50, 45]
[451, 397, 322, 202, 101, 41, 29, 28]
[453, 356, 187, 54, 26, 25]
[452, 253, 85, 16]
[450, 369, 227, 125, 48, 36]
[455, 274, 74, 24]
[450, 274, 121, 18, 16]
[451, 252, 68, 30, 29, 27]
[451, 211, 20, 16, 15]
[452, 186, 8]
[452, 289, 122, 26, 15]
[450, 277, 112, 7]
[454, 433, 427, 424, 423, 421]
[451, 232, 51, 16, 16]
[454, 441]
[452, 232, 47, 5, 3]
[456, 381, 248, 135, 69, 53, 49, 47]
[453, 246, 33, 12]
[453, 419, 391, 383, 376]
[451, 352, 193, 92, 42, 37]
[451, 353, 217, 99, 11, 7]
[452, 206, 25, 16]
[454, 433, 430, 428]
[452, 204, 11, 8]
[452, 317, 150, 19, 14]
[451, 359, 208, 88, 47, 41]
[453, 286, 133, 27, 11]
[452, 215, 2]
[453, 321, 187, 42, 24]
[451, 243, 63, 4, 4]
[453, 268, 88, 15]
[453, 347, 193, 53, 36, 35]
[454, 231, 55, 13]
[452, 187, 25, 17]
[454, 167, 3]
[453, 399, 362, 347, 336, 334, 332]
[453, 393, 214, 99, 47, 44]
[455, 294, 126, 21, 19]
[454, 190, 10]
[451, 297, 132, 21, 19]
[450, 260, 106, 27]
[454, 420, 415, 412, 410]
[452, 332, 180, 34, 22]
[451, 333, 181, 78, 29, 24, 22, 12]
[452, 367, 212, 114, 52, 32, 31]
[453, 167, 3, 2]
[453, 221, 2]
[453, 335, 185, 67, 10]
[451, 309, 114, 55, 48, 44]
[452, 181, 7]
[451, 322, 155, 69, 44, 43]
[454, 201, 34, 24]
[451, 218, 34, 5]
[452, 201, 41, 27]
[453, 270, 83, 20]
[455, 254, 43, 20]
[453, 349, 206, 87, 7, 3]
[451, 246, 92, 38, 38]
[453, 435, 429]
[453, 264, 85, 20, 18]
[452, 209, 29, 5]
[454, 328, 184, 79, 49, 36]
[454, 173, 2]
[452, 252, 75, 40]
[453, 176, 2]
[451, 310, 170, 60, 5]
[450, 318, 163, 30, 24, 16]
[453, 391, 315, 198, 89, 41, 34, 33]
[452, 336, 189, 50, 3, 2]
[452, 311, 167, 66, 54]
[454, 367, 220, 121, 17, 13]
[452, 319, 178, 74, 33, 29]
[454, 289, 135, 12]
[454, 250, 110, 13, 10]
[452, 264, 69, 22, 21]
[454, 311, 160, 43, 15]
[451, 257, 85, 15]
[453, 205, 19, 13]
[450, 363, 227, 89, 32, 20]
[453, 319, 165, 52, 23]
[451, 294, 158, 47, 31]
[452, 417, 394, 390, 383]
[452, 321, 154, 42, 33]
[451, 301, 156, 56, 34, 32]
[452, 347, 199, 97, 59, 45, 43]
[453, 249, 51, 13, 13]
[451, 241, 72, 8, 8]
[455, 239, 87, 30, 29]
[453, 309, 154, 16, 10]
[456, 258, 79, 18]
[452, 213, 27, 9]
[453, 335, 183, 86, 50, 46]
[451, 240, 61, 22]
[454, 366, 203, 91, 29, 24]
[455, 165, 21, 17, 16]
[451, 223, 16, 10]
[451, 334, 182, 43, 23]
[457, 261, 78, 4]
[452, 386, 265, 148, 51, 15]
[452, 296, 86, 32, 30, 29, 14]
[450, 255, 74, 19]
[454, 310, 175, 30, 15]
[454, 341, 195, 66, 36]
[450, 292, 142, 5]
[454, 295, 162, 20, 7]
[454, 414, 369, 359]
[450, 265, 104, 18, 16]
[451, 286, 131, 31, 24]
[453, 281, 96, 17, 12]
[452, 341, 182, 48, 27, 26]
[452, 317, 180, 91, 62, 55]
[453, 357, 206, 81, 3]
[452, 334, 162, 71, 31, 30]
[452, 267, 93, 23]
[451, 310, 140, 29, 20]
[450, 113, 2]
[452, 231, 85, 4]
[452, 348, 192, 50, 30, 28]
[453, 367, 193, 81, 11]
[454, 173, 8]
[451, 165, 6]
[451, 251, 89, 40, 38]
[453, 193, 9, 4]
[451, 340, 205, 110, 50, 41]
[451, 407, 373, 347, 345]
[450, 258, 99, 59, 43]
[454, 357, 216, 82, 46, 44, 43]
[452, 374, 213, 122, 18]
[453, 338, 196, 72, 43, 37]
[452, 320, 179, 57, 26, 23]
[453, 385, 264, 137, 61, 40, 38]
[453, 381, 251, 141, 55, 40, 39]
[455, 386, 270, 163, 59, 36, 34]
[452, 340, 189, 69, 38, 37]
[452, 193, 6, 4]
[453, 283, 88, 40, 36]
[454, 265, 96, 9, 8]
[453, 287, 130, 16, 14]
[451, 224, 43, 26]
[452, 275, 108, 15, 13]
[453, 336, 204, 67, 37, 31]
[453, 348, 187, 60, 41]
[453, 407, 382, 373, 371]
[451, 344, 181, 24, 16]
[453, 280, 85, 5, 5]
[453, 220, 66, 36]
[452, 152, 2]
[452, 405, 333, 222, 127, 62, 38, 32]
[453, 322, 166, 50, 22]
[452, 349, 206, 111, 55, 44]
[451, 263, 79, 48, 44, 26]
[452, 302, 121, 37, 32, 20]
[451, 327, 210, 47, 14]
[453, 209, 13, 6]
[452, 290, 139, 11]
[452, 309, 139, 55, 25]
[452, 355, 238, 110, 39, 30]
[453, 410, 394, 391]
[454, 302, 166, 63, 39]
[453, 308, 137, 62, 30]
[454, 432, 431, 427]
[454, 387, 266, 133, 18, 6, 5]
[453, 412, 389, 380]
[452, 234, 22, 7]
[453, 363, 223, 89, 39, 38]
[453, 220, 8, 5]
[450, 278, 137, 24, 19]
[450, 285, 127, 3]
[451, 312, 167, 63, 42, 40]
[451, 326, 182, 84, 51, 45]
[451, 219, 19, 16]
[452, 280, 79, 4]
[453, 187, 2]
[454, 365, 222, 85, 17]
[454, 415, 401, 397, 393]
[452, 396, 284, 149, 46, 32, 28]
[452, 266, 81, 16, 16]
[451, 368, 218, 98, 19, 18]
[451, 281, 122, 5]
[454, 311, 168, 55, 24, 22]
[451, 261, 139, 26, 24]
[453, 216, 5]
[452, 364, 200, 86, 12, 5]
[451, 210, 15, 13]
[451, 244, 55, 3, 3]
[451, 186, 18, 18]
[454, 378, 219, 131, 41, 24]
[452, 408, 368, 327, 301, 300, 298]
[453, 249, 56, 16, 14]
[453, 229, 71, 27, 21]
[452, 395, 367, 352, 347]
[456, 235, 16, 12]
[451, 220, 64, 26, 21]
[453, 330, 179, 84, 49, 41, 33]
[452, 359, 208, 115, 58, 41, 33, 32]
[454, 320, 176, 34, 17]
[452, 203, 8]
[450, 237, 64, 11, 11]
[452, 262, 72, 21, 21]
[453, 246, 71, 9, 7]
[454, 358, 208, 102, 28, 26]
[451, 338, 181, 89, 40, 29]
[452, 356, 217, 93, 41, 31]
[452, 242, 62, 13, 12, 11, 7]
[453, 227, 21, 16]
[453, 387, 291, 170, 62, 30, 21]
[454, 224, 64, 38, 30]
[454, 273, 86, 12]
[453, 364, 205, 108, 32, 29]
[452, 320, 181, 36, 32]
[452, 257, 112, 31, 21]
[451, 244, 70, 18, 18]
[452, 222, 31, 5]
[454, 347, 201, 67, 45, 41]
[450, 280, 104, 5, 5]
[453, 351, 199, 86, 49, 40]
[453, 351, 207, 77, 33, 25]
[453, 259, 58, 36, 31]
[453, 314, 128, 38, 30]
[451, 270, 101, 31]
[455, 335, 163, 56, 28, 24]
[452, 229, 63, 36, 35]
[453, 255, 100, 10]
[451, 403, 353, 300, 237, 156, 93, 45, 40]
[453, 319, 165, 23, 17, 12]
[453, 417, 406, 404, 400]
[458, 401, 314, 179, 105, 60, 30, 29, 23]
[457, 426, 407, 403]
[450, 309, 180, 12]
[452, 213, 14, 5]
[452, 341, 193, 82, 37, 25]
[453, 208, 5]
[455, 252, 81, 21]
[454, 266, 76, 6, 6]
[451, 309, 143, 20, 16]
[454, 360, 226, 110, 34, 31]
[451, 366, 224, 118, 69, 48, 40, 36, 35]
[452, 371, 201, 94, 16, 13]
[452, 374, 241, 129, 38, 28]
[451, 301, 151, 40, 15]
[451, 297, 152, 35, 24, 23, 18]
[451, 298, 159, 54, 31, 30]
[453, 391, 278, 169, 27, 25]
[451, 336, 190, 72, 49, 43]
[452, 375, 227, 106, 41, 32]
[452, 255, 68, 7]
[454, 331, 169, 60, 19, 10]
[451, 341, 176, 59, 48, 42, 40]
[451, 290, 115, 13]
[452, 416, 405, 404, 401]
[451, 347, 188, 45, 36, 33]
[453, 381, 258, 135, 74, 42, 41]
[452, 309, 136, 38, 33]
[454, 281, 124, 2]
[453, 252, 60, 47]
[453, 226, 27, 12]
[453, 392, 279, 175, 65, 15]
[452, 284, 114, 10]
[453, 351, 216, 71, 20, 17]
[452, 270, 76, 22]
[451, 239, 67, 17, 17]
[452, 310, 159, 65, 42, 41]
[450, 372, 219, 105, 35, 29]
[452, 315, 163, 52, 28, 23]
[453, 156, 3, 3]
[453, 173, 2]
[452, 216, 27, 9]
[452, 229, 57, 7, 7]
[452, 141, 3, 2]
[451, 239, 68, 16]
[451, 249, 85, 25]
[453, 251, 100, 16, 10]
[451, 278, 129, 32, 29]
[454, 289, 132, 42, 33, 30]
[451, 261, 106, 23, 19]
[455, 364, 214, 94, 20, 14]
[451, 376, 233, 137, 43, 31]
[453, 405, 366, 334, 332]
[450, 243, 58, 15, 15]
[453, 309, 164, 33, 16]
[450, 296, 112, 43, 35, 29]
[451, 221, 49, 29, 12]
[451, 303, 109, 8, 8]
[455, 405, 384, 382]
[451, 295, 101, 32, 26]
[454, 394, 348, 331, 326]
[452, 325, 147, 37, 23, 17]
[450, 263, 116, 2]
[452, 254, 44, 7, 7]
[454, 211, 5]
[451, 250, 85, 20]
[453, 233, 64, 13, 7]
[453, 442]
[453, 243, 64, 16]
[451, 336, 199, 84, 39, 35]
[451, 370, 224, 128, 32, 15]
[453, 360, 186, 79, 53, 40, 22]
[452, 292, 146, 62, 44, 40]
[454, 302, 132, 68, 41, 40]
[451, 370, 238, 128, 38, 32, 31]
[452, 363, 210, 104, 34, 33]
[452, 399, 369, 356, 354]
[453, 231, 19, 7]
[452, 239, 54, 10, 10]
[453, 420, 402, 398, 396]
[454, 278, 81, 17, 14]
[453, 340, 184, 59, 34]
[453, 321, 180, 23, 20]
[453, 197, 28, 23]
[454, 375, 238, 140, 49, 38]
[451, 274, 139, 38, 35]
[453, 296, 104, 54, 42]
[455, 423, 401, 396, 395]
[450, 355, 204, 97, 47, 42]
[452, 305, 129, 7, 3]
[450, 221, 21, 16]
[450, 241, 27, 16, 10]
[450, 253, 7]
[452, 265, 107, 30, 23]
[452, 323, 156, 51, 40]
[450, 397, 340, 254, 140, 62, 21, 18]
[452, 374, 224, 94, 25, 22]
[452, 240, 56, 23, 23]
[451, 311, 142, 53, 29]
[452, 330, 184, 80, 39, 38]
[453, 267, 64, 13, 12, 7]
[450, 401, 359, 297, 210, 139, 74, 34, 32, 29]
[456, 410, 389, 377, 376]
[451, 231, 25, 15]
[453, 233, 26, 3]
[452, 236, 74, 27]
[452, 322, 179, 50, 9]
[452, 304, 156, 57, 46]
[451, 326, 141, 26, 21]
[452, 281, 148, 10]
[452, 369, 221, 118, 17, 7]
[451, 310, 179, 81, 51, 41]
[452, 175, 2]
[452, 228, 70, 3]
[454, 239, 63, 15, 9]
[452, 252, 54, 12, 12]
[454, 277, 88, 20, 13]
[452, 214, 39, 10]
[453, 134, 2]
[450, 246, 41, 6]
[452, 180, 10, 10]
[451, 301, 130, 51, 27]
[452, 272, 86, 12, 12]
[452, 404, 367, 337, 321]
[452, 359, 208, 77, 21, 19]
[452, 323, 149, 61, 29]
[451, 202, 30, 18]
[453, 314, 154, 20, 12]
[451, 226, 47, 11]
[454, 298, 159, 42, 6]
[453, 384, 261, 145, 54, 19, 19]
[450, 301, 154, 31, 15]
[451, 227, 7, 7]
[453, 420, 400, 390]
[454, 226, 38, 19]
[454, 333, 180, 64, 9, 9]
[455, 239, 44, 23]
[451, 307, 128, 35, 33]
[453, 264, 99, 33]
[450, 352, 196, 54, 38, 36]
[453, 260, 60, 15, 15]
[452, 324, 177, 51, 28]
[452, 190, 3]
[453, 319, 176, 31, 8]
[451, 139, 4, 4]
[455, 280, 160, 58, 27, 26]
[452, 161, 4, 2]
[453, 302, 136, 23, 20]
[452, 265, 89, 26, 22]
[453, 231, 39, 25, 23]
[452, 399, 317, 200, 116, 37, 32]
[452, 376, 246, 133, 52, 22, 20, 6]
[452, 217, 13, 7]
[451, 288, 112, 27, 23]
[454, 285, 94, 5]
[453, 297, 147, 21, 17]
[454, 285, 122, 3]
[450, 266, 94, 14, 14]
[454, 285, 125, 38, 28, 26, 14]
[455, 267, 94, 26, 20]
[456, 227, 12, 8]
[451, 323, 184, 32, 27]
[452, 337, 201, 45, 24]
[453, 191, 7]
[451, 223, 32, 22]
[453, 408, 391, 380]
[454, 391, 295, 174, 59, 29, 27]
[454, 120, 3]
[454, 274, 119, 30, 22]
[453, 254, 58, 15, 15]
[451, 387, 268, 148, 29, 15]
[452, 177, 22, 18]
[450, 360, 216, 76, 19, 17]
[452, 263, 55, 22, 22]
[454, 256, 13, 8]
[451, 344, 162, 48, 37, 34]
[454, 222, 57, 9, 9]
[452, 196, 3]
[453, 342, 219, 48, 6]
[450, 341, 197, 77, 11, 6]
[451, 236, 74, 22, 12]
[453, 183, 2]
[452, 266, 90, 6]
[453, 398, 311, 201, 98, 44, 33, 31]
[452, 334, 189, 64, 50]
[452, 242, 15, 11]
[453, 389, 311, 187, 80, 35, 32]
[454, 309, 166, 73, 47, 26]
[453, 271, 98, 9]
[451, 358, 205, 109, 56, 40]
[450, 327, 178, 65, 37, 31]
[451, 133, 3, 3]
[450, 224, 51, 15]
[451, 185, 22, 18]
[453, 256, 90, 35, 30, 23]
[453, 310, 145, 3]
[453, 262, 70, 15, 15]
[452, 395, 324, 225, 147, 68, 41, 39, 36]
[451, 232, 74, 6]
[451, 258, 67, 23, 14]
[450, 246, 7, 6]
[456, 282, 128, 11, 7]
[451, 218, 42, 9, 9]
[454, 280, 71, 7]
[453, 413, 391, 384, 381]
[454, 236, 45, 7, 7]
[454, 270, 105, 23, 17]
[456, 386, 283, 166, 67, 24]
[450, 367, 215, 106, 22, 18]
[452, 363, 223, 106, 57, 42, 40]
[452, 155, 2]
[453, 397, 341, 250, 143, 44, 25]
[450, 254, 9, 4]
[455, 352, 200, 106, 44, 34, 33]
[453, 345, 223, 96, 49, 38, 37]
[450, 279, 147, 30, 22, 20]
[451, 303, 160, 33, 8]
[451, 254, 93, 17]
[455, 185, 10]
[451, 395, 366, 363]
[453, 379, 245, 124, 44, 11]
[453, 249, 47, 16]
[453, 390, 269, 164, 47, 31, 30]
[451, 371, 213, 89, 30, 28, 27]
[451, 224, 56, 23, 23]
[450, 375, 213, 109, 54, 46]
[452, 219, 37, 17]
[454, 191, 27, 8]
[453, 328, 142, 23, 21, 20]
[455, 328, 165, 44, 37]
[451, 302, 145, 8, 5]
[455, 281, 100, 20, 16]
[452, 331, 167, 66, 46]
[451, 349, 209, 111, 27, 25]
[452, 408, 366, 356]
[452, 209, 3]
[452, 359, 202, 57, 43, 41]
[451, 227, 35, 18]
[454, 257, 96, 8, 8]
[451, 323, 181, 22, 10]
[452, 230, 69, 4]
[450, 271, 111, 4]
[454, 329, 181, 45, 26]
[451, 354, 193, 78, 49, 40]
[452, 215, 8]
[452, 241, 99, 18]
[454, 413, 389, 371]
[452, 287, 138, 7]
[451, 294, 155, 44, 32]
[452, 252, 92, 23, 8]
[451, 205, 47, 16, 15]
[452, 359, 213, 108, 33, 31]
[451, 276, 112, 26]
[450, 329, 179, 63, 23, 14]
[454, 210, 10, 6]
[452, 334, 194, 53, 26, 26]
[454, 349, 218, 90, 23, 21, 20]
[451, 192, 16, 12]
[452, 353, 189, 63, 40, 39]
[452, 323, 175, 29, 14]
[452, 276, 88, 43, 37]
[455, 306, 169, 30, 26, 24]
[452, 118, 5, 5]
[452, 305, 142, 9]
[452, 279, 109, 10]
[452, 408, 368, 361, 357]
[452, 258, 109, 9]
[454, 238, 68, 31, 31]
[452, 231, 57, 17]
[453, 267, 58, 25, 24, 11]
[454, 330, 187, 49, 5]
[452, 266, 116, 59, 43, 41]
[451, 242, 17, 10]
[451, 192, 5]
[451, 380, 234, 121, 36, 5]
[451, 202, 10, 10]
[453, 379, 252, 149, 80, 68, 61]
[454, 336, 184, 57, 43]
[452, 261, 23, 9]
[452, 171, 2]
[452, 202, 10, 6]
[451, 354, 204, 89, 52, 49]
[452, 225, 34, 2]
[452, 261, 73, 21, 17]
[452, 373, 225, 128, 43, 38, 36]
[451, 299, 136, 8]
[453, 377, 223, 130, 56, 44, 35]
[453, 283, 124, 48, 32, 31]
[453, 240, 43, 17]
[450, 279, 141, 41, 27]
[451, 317, 149, 32, 26, 24]
[453, 288, 124, 36, 23, 21]
[453, 238, 39, 15]
[452, 236, 81, 11]
[450, 231, 48, 8, 8]
[453, 274, 62, 10, 10]
[451, 290, 123, 32, 30]
[452, 169, 2]
[456, 310, 143, 15, 10]
[450, 328, 187, 93, 43, 42]
[452, 297, 152, 38, 26]
[451, 279, 109, 36, 31]
[452, 286, 130, 40, 20]
[453, 308, 150, 40, 19, 9]
[451, 214, 34, 13]
[453, 236, 7, 4]
[454, 234, 34, 16]
[451, 264, 123, 6]
[452, 395, 321, 204, 103, 29, 26]
[451, 308, 171, 28, 24]
[455, 251, 58, 20, 20]
[452, 268, 90, 30, 26]
[453, 234, 28, 20]
[452, 253, 106, 2]
[452, 327, 191, 42, 12, 12]
[452, 327, 176, 51, 31, 30]
[453, 393, 331, 243, 148, 73, 39, 33, 31]
[452, 403, 369, 357, 351]
[454, 332, 160, 48, 16, 15]
[451, 393, 317, 198, 121, 41, 22]
[452, 204, 2]
[451, 309, 167, 25, 21]
[452, 212, 3]
[453, 318, 179, 27, 14]
[451, 362, 252, 144, 53, 23]
[451, 335, 193, 84, 40, 35]
[451, 252, 54, 9, 9]
[451, 290, 140, 18, 17, 14]
[453, 304, 177, 39, 23]
[453, 314, 182, 68, 31, 30]
[454, 248, 87, 52, 50]
[451, 180, 5]
[452, 290, 156, 25, 9]
[454, 238, 22, 5]
[452, 236, 48, 18]
[452, 338, 174, 61, 16]
[452, 285, 140, 29]
[453, 360, 214, 79, 21, 17]
[450, 246, 50, 14, 14]
[452, 373, 215, 107, 43, 28]
[457, 182, 3]
[450, 326, 180, 60, 42, 41]
[454, 270, 79, 21]
[452, 210, 22, 9]
[455, 219, 47, 21, 21]
[452, 324, 189, 53, 41]
[452, 257, 93, 6, 4]
[453, 315, 168, 19, 14]
[457, 421, 396]
[452, 341, 170, 78, 39, 33]
[453, 244, 91, 19, 18]
[452, 302, 138, 29, 21]
[452, 138, 10, 5]
[452, 256, 31, 19]
[456, 332, 159, 50, 19]
[450, 325, 157, 9]
[451, 220, 26, 12]
[451, 343, 194, 47, 12, 9]
[451, 239, 52, 16, 9]
[451, 391, 322, 212, 116, 32, 20]
[453, 228, 70, 35, 34]
[453, 296, 107, 23, 20]
[453, 261, 97, 2]
[451, 242, 15, 7]
[451, 225, 5]
[455, 442, 437, 435]
[452, 357, 208, 97, 30, 29]
[452, 147, 4]
[450, 252, 90, 11]
[453, 288, 93, 36, 30]
[452, 316, 190, 83, 40]
[452, 325, 183, 72, 53, 50]
[454, 409, 372, 363, 361]
[450, 239, 67, 8]
[453, 340, 188, 57, 42, 40]
[454, 372, 205, 84, 44, 39, 37]
[455, 280, 86, 8]
[452, 246, 72, 15, 13]
[453, 259, 49, 14, 14]
[450, 213, 28, 12]
[451, 228, 44, 20]
[451, 290, 135, 28, 25]
[453, 255, 90, 23, 23]
[452, 222, 79, 15]
[452, 220, 25, 17]
[453, 378, 250, 155, 89, 48, 43]
[454, 387, 266, 146, 49, 28]
[452, 239, 31, 6, 6]
[451, 409, 374, 345, 331, 326]
[453, 259, 104, 3, 2]
[454, 237, 72, 26, 23]
[452, 341, 198, 58, 24, 24]
[452, 369, 215, 107, 57, 40, 39]
[451, 294, 129, 11, 7]
[452, 231, 69, 25]
[451, 328, 152, 41, 28, 26]
[453, 381, 254, 138, 48, 33]
[451, 230, 44, 7]
[451, 298, 168, 56, 30, 21]
[451, 265, 57, 13, 13]
[453, 236, 5]
[451, 299, 148, 17]
[455, 281, 99, 19, 19]
[451, 272, 86, 17, 15]
[453, 375, 226, 113, 54, 32, 31]
[451, 317, 161, 49, 8, 8]
[451, 234, 40, 30]
[453, 314, 185, 57, 21]
[452, 214, 9, 9]
[452, 291, 119, 21, 11]
[455, 357, 204, 85, 14, 12, 6]
[451, 250, 89, 3]
[450, 146, 5, 2]
[455, 408, 383, 363, 355]
[453, 334, 190, 82, 33, 30]
[454, 377, 216, 104, 62, 41, 37, 35]
[454, 274, 149, 11, 6]
[451, 238, 50, 16]
[453, 277, 91, 24, 23]
[450, 413, 395, 387]
[453, 402, 351, 325, 324]
[451, 417, 401, 398]
[452, 299, 162, 28, 14]
[451, 268, 64, 24]
[454, 432, 427, 426]
[453, 216, 37, 6]
[450, 388, 273, 157, 77, 40, 37]
[452, 240, 46, 8, 8]
[453, 34, 9, 9]
[451, 294, 137, 22, 19]
[452, 186, 14, 9]
[453, 229, 50, 7]
[453, 304, 153, 14, 6]
[451, 210, 29, 15]
[453, 307, 124, 40, 28]
[454, 424, 415]
[451, 354, 185, 85, 33, 29]
[453, 290, 129, 39, 17]
[451, 182, 3]
[453, 192, 14, 5]
[453, 260, 49, 7, 7]
[453, 298, 164, 27, 6]
[453, 244, 72, 7]
[453, 418, 394, 387]
[453, 335, 196, 92, 50, 44]
[451, 375, 225, 130, 77, 53, 46, 33, 30]
[452, 236, 49, 19]
[451, 338, 167, 61, 34]
[452, 361, 202, 77, 30, 23]
[451, 353, 190, 56, 28, 27]
[455, 222, 33, 24]
[452, 227, 32, 9]
[454, 297, 129, 22, 21]
[450, 243, 43, 17]
[451, 339, 189, 73, 32, 29, 27]
[453, 173, 2]
[454, 397, 323, 212, 128, 6, 3]
[453, 273, 112, 14]
[453, 297, 127, 14]
[452, 303, 135, 39, 12]
[452, 379, 241, 115, 27, 22]
[452, 246, 45, 16]
[454, 313, 157, 48, 36]
[450, 329, 191, 66, 50, 46]
[453, 308, 166, 14, 8]
[453, 297, 115, 22, 21]
[453, 263, 104, 24, 21]
[453, 268, 88, 38, 36, 28, 27]
[453, 344, 196, 82, 44, 21]
[452, 308, 176, 35, 7]
[453, 372, 219, 101, 31, 21]
[453, 283, 95, 29, 24]
[454, 388, 299, 184, 94, 38, 29, 22, 16, 10]
[453, 284, 124, 23, 19, 18, 14]
[455, 272, 106, 19, 17, 14]
[453, 262, 87, 21]
[452, 362, 203, 83, 26, 14]
[454, 223, 19, 16, 9]
[451, 302, 123, 18, 10, 10]
[455, 193, 13]
[454, 426, 423]
[454, 213, 18, 9]
[451, 325, 167, 36, 10, 7]
[454, 322, 157, 45, 35]
[450, 240, 7]
[454, 234, 40, 19]
[456, 390, 264, 165, 79, 50, 42]
[456, 342, 178, 57, 36]
[451, 274, 144, 26, 19]
[451, 186, 4]
[454, 403, 346, 298, 251, 212, 171, 129, 82, 44, 28, 23]
[455, 306, 174, 5]
[456, 243, 29, 8]
[451, 232, 58, 7, 7]
[452, 242, 58, 4]
[456, 328, 183, 29, 23, 22]
[450, 329, 192, 57, 34, 31]
[453, 244, 66, 9, 7]
[450, 267, 77, 23, 20]
[452, 310, 149, 6]
[455, 302, 115, 26, 19]
[453, 316, 156, 19, 15]
[453, 166, 15, 10]
[451, 229, 22, 16]
[451, 256, 50, 8]
[452, 343, 175, 68, 40, 39]
[453, 377, 243, 106, 6]
[452, 332, 183, 89, 26]
[451, 208, 9]
[455, 294, 147, 12, 5]
[453, 195, 33, 24]
[457, 346, 174, 67, 49, 40]
[454, 264, 93, 3, 2]
[452, 324, 186, 85, 54, 52, 50, 49]
[451, 263, 109, 6, 3]
[452, 395, 337, 291, 262, 249, 246]
[452, 367, 208, 93, 42, 32]
[451, 250, 87, 14]
[452, 180, 3, 2]
[454, 224, 37, 13]
[454, 246, 88, 6, 6]
[452, 290, 148, 26, 14]
[451, 408, 361, 331, 327]
[452, 214, 24, 21]
[453, 302, 127, 41, 26]
[451, 399, 353, 289, 179, 99, 67, 43, 35, 34]
[454, 219, 17, 13]
[452, 412, 393, 386, 383]
[452, 314, 128, 15]
[451, 271, 115, 42, 36]
[452, 204, 51, 17]
[453, 210, 28, 5]
[453, 367, 203, 61, 6]
[454, 313, 173, 47, 31, 28]
[452, 249, 59, 28, 24, 14]
[452, 312, 158, 41, 21]
[451, 385, 295, 196, 116, 56, 47, 46]
[452, 263, 99, 27, 26]
[452, 312, 168, 20, 11]
[452, 344, 195, 86, 44, 43]
[452, 193, 8]
[451, 334, 152, 75, 32, 30, 16]
[451, 233, 18, 18]
[452, 375, 239, 137, 35, 3, 3]
[452, 312, 170, 14]
[451, 233, 25, 19]
[452, 418, 399, 393, 391]
[452, 349, 195, 91, 44, 42]
[451, 291, 135, 39, 32]
[450, 195, 3, 3]
[454, 291, 126, 3]
[453, 330, 152, 69, 55, 52]
[450, 257, 71, 7, 4]
[451, 176, 8, 6]
[451, 307, 151, 74, 24, 23]
[451, 411, 384, 378, 377]
[453, 328, 197, 30, 17, 15]
[452, 234, 28, 26, 14]
[453, 206, 12, 5]
[450, 173, 6]
[453, 256, 105, 6, 6]
[455, 305, 151, 36, 15]
[451, 282, 113, 18, 16]
[453, 299, 111, 22, 21]
[451, 188, 25, 12]
[451, 178, 4]
[452, 355, 214, 103, 49, 39, 34]
[451, 233, 76, 26, 17]
[454, 299, 131, 18, 18]
[453, 340, 174, 65, 44, 40]
[451, 256, 127, 29, 23]
[452, 321, 131, 46, 44]
[452, 374, 238, 124, 58, 31, 28, 26]
[452, 217, 30, 12]
[453, 363, 196, 84, 42, 36, 32]
[452, 255, 74, 51, 40]
[452, 369, 213, 85, 43, 32]
[452, 343, 174, 59, 35, 33]
[452, 322, 158, 10, 8]
[450, 245, 71, 3, 3]
[454, 355, 172, 41, 14, 12]
[452, 381, 223, 93, 35, 32]
[455, 423, 399, 393, 388]
[450, 331, 182, 53, 17, 14]
[452, 233, 42, 12, 12]
[450, 335, 173, 14, 10]
[455, 374, 215, 100, 66, 59]
[452, 230, 43, 30, 27]
[450, 318, 145, 25, 24, 19]
[452, 276, 81, 15, 11]
[451, 306, 140, 14, 13]
[453, 279, 107, 11]
[453, 226, 63, 40, 37]
[452, 384, 277, 176, 68, 33, 29]
[453, 362, 223, 110, 54, 30]
[454, 262, 102, 24, 22]
[451, 304, 126, 35, 33, 31]
[451, 276, 88, 4]
[452, 177, 18, 11]
[451, 359, 213, 82, 20, 17]
[452, 223, 33, 17]
[452, 222, 49, 24, 24]
[455, 308, 132, 25, 13]
[453, 244, 51, 13, 13]
[452, 302, 149, 33, 23]
[455, 357, 195, 102, 13, 12, 4]
[452, 191, 33, 20, 8]
[451, 166, 20, 19]
[454, 317, 155, 41, 29, 27]
[454, 177, 5]
[452, 248, 41, 29, 27]
[451, 300, 113, 59, 50, 46, 45]
[453, 239, 72, 2]
[454, 430, 415, 410]
[452, 321, 180, 59, 32, 29]
[453, 393, 316, 217, 137, 58, 32]
[453, 223, 20, 10]
[453, 404, 378, 366, 363]
[454, 280, 117, 25, 10]
[452, 292, 139, 2]
[452, 255, 73, 9, 9]
[451, 168, 3]
[452, 351, 213, 68, 42, 40]
[455, 343, 189, 44, 19]
[451, 330, 201, 83, 40, 37]
[452, 390, 281, 187, 114, 68, 47, 46]
[453, 276, 87, 4]
[453, 219, 19, 7]
[451, 278, 132, 10, 6]
[453, 233, 46, 9]
[452, 194, 35, 7]
[455, 268, 98, 7]
[450, 242, 69, 19]
[450, 233, 40, 19]
[451, 406, 368, 359, 358]
[454, 349, 192, 85, 51, 33]
[453, 364, 215, 122, 46, 41, 40, 39]
[453, 337, 163, 40, 35, 19, 9]
[453, 200, 4]
[452, 104, 4, 2]
[452, 374, 243, 121, 58, 49, 48]
[451, 289, 130, 8]
[453, 198, 4]
[451, 303, 128, 43, 32]
[451, 264, 104, 33, 27]
[453, 240, 68, 15, 12]
[453, 225, 15, 6]
[452, 218, 41, 20]
[451, 299, 154, 43, 15]
[451, 299, 186, 83, 47, 40, 38]
[455, 320, 166, 50, 40, 39]
[452, 355, 211, 84, 49, 38]
[451, 351, 192, 95, 45, 30]
[453, 249, 90, 38, 37]
[452, 281, 142, 3]
[451, 367, 228, 98, 24, 22, 11]
[451, 375, 232, 124, 50, 35, 34]
[452, 242, 61, 37, 36]
[450, 288, 135, 43, 33]
[452, 428, 409, 404, 402]
[453, 207, 38, 20]
[452, 265, 105, 4]
[452, 161, 2]
[451, 300, 172, 17, 11]
[452, 320, 184, 64, 10]
[451, 279, 72, 4, 4]
[453, 311, 157, 66, 41, 33]
[451, 243, 43, 8, 8]
[451, 202, 42, 29]
[451, 284, 134, 51, 43, 42]
[450, 253, 81, 5, 5]
[453, 280, 86, 34, 28]
[450, 262, 122, 23, 9]
[453, 235, 81, 31, 30]
[453, 371, 228, 123, 34, 15]
[451, 312, 170, 68, 39, 33]
[455, 257, 74, 13]
[451, 253, 115, 2]
[450, 392, 317, 184, 98, 58, 45, 41]
[452, 318, 182, 35, 17, 8]
[451, 312, 161, 38, 19]
[453, 211, 9, 6]
[452, 384, 279, 154, 71, 46, 39]
[451, 384, 259, 115, 48, 42]
[451, 369, 248, 130, 37, 22]
[453, 270, 125, 33, 29]
