[995, 969]
[995, 983]
[995, 983]
[995, 975, 971]
[995, 974]
[995, 990]
[995, 969]
[995, 985]
[995, 990, 987]
[995, 968]
[995, 972]
[995, 977, 970]
[995, 961]
[995, 969, 964]
[995, 993]
[995, 969, 963]
[995, 989]
[995, 972, 971]
[995, 985]
[995, 994]
[995, 970]
[995, 973]
[995, 978]
[995, 979, 977]
[995, 985]
[995, 964]
[995, 976]
[995, 974]
[995, 978]
[995, 961]
[995, 977, 974]
[995, 964]
[995, 968]
[995, 993, 991]
[995, 978]
[995, 981]
[995, 952]
[995, 990]
[995, 952, 946]
[995, 958]
[995, 974]
[995, 962]
[995, 972]
[995, 959]
[995, 992, 985]
[995, 969]
[995, 940]
[995, 967]
[995, 981, 979]
[995, 970]
[995, 983]
[995, 981, 979]
[995, 983]
[995, 993]
[995, 979, 974, 970]
[995, 970]
[995, 966]
[995, 987]
[995]
[995, 964]
[995, 971, 963]
[995, 982]
[995, 990, 987]
[995, 982, 975]
[995, 969]
[995, 965]
[995, 984, 980, 972]
[995, 980, 978]
[995, 966]
[995]
[995, 964, 963]
[995, 975]
[995, 973]
[995, 990]
[995, 957]
[995, 986]
[995, 970]
[995, 986]
[995, 979]
[995, 983]
[995, 987]
[995, 966, 964]
[995, 966]
[995, 978]
[995, 993]
[995, 986]
[995, 955, 954]
[995, 970, 968]
[995, 959]
[995, 987]
[995, 977]
[995, 975]
[995, 980]
[995, 962]
[995, 974, 970]
[995, 969, 955, 954]
[995, 994]
[995, 991, 986]
[995, 967]
[995, 960]
