[995, 779, 750, 744, 740]
[995, 802, 766, 757, 756]
[995, 818, 814]
[995, 796, 775, 773]
[995, 805, 803]
[995, 820, 808, 807]
[995, 800, 764, 748, 743, 740]
[995, 828, 813]
[995, 809, 797]
[995, 796, 780]
[995, 825, 799, 788]
[995, 792, 765, 763]
[995, 823, 800, 798]
[995, 805, 794, 786]
[995, 876, 871]
[995, 785, 763]
[995, 851, 827, 825]
[995, 830, 806]
[995, 827, 802]
[995, 973]
[995, 818, 785, 784]
[995, 816, 773, 758]
[995, 829, 816]
[995, 836, 821, 819]
[995, 846, 830, 823, 822]
[995, 838, 809, 807]
[995, 810, 781, 779, 776]
[995, 790, 741, 738, 737]
[995, 820, 816]
[995, 854, 846, 845, 842]
[995, 825, 804, 801]
[995, 802, 778]
[995, 815, 801, 799]
[995, 865, 855, 854, 853]
[995, 812, 796, 794]
[995, 804, 798]
[995, 836, 808, 807, 806]
[995, 833, 815, 812]
[995, 809, 804]
[995, 772, 759]
[995, 813, 785, 783, 778]
[995, 816, 809]
[995, 822, 807, 804]
[995, 818, 809]
[995, 849, 838]
[995, 843, 839]
[995, 788, 780]
[995, 832, 821]
[995, 813, 783, 782, 781]
[995, 826, 820]
[995, 805, 785, 777]
[995, 988]
[995, 848, 833]
[995, 888]
[995, 800, 765, 761]
[995, 778, 746, 737, 734, 729]
[995, 869, 868]
[995, 841, 827, 823]
[995, 760, 747]
[995, 841, 826, 822]
[995, 794, 775, 774]
[995, 781, 777]
[995, 829, 821]
[995, 823, 815, 813]
[995, 841, 835]
[995, 891]
[995, 812, 788, 786]
[995, 781, 731, 718, 715]
[995, 772, 766]
[995, 948]
[995, 825, 803]
[995, 824, 815]
[995, 825, 818]
[995, 883]
[995, 799, 752, 750]
[995, 774, 757]
[995, 859, 858, 856]
[995, 825, 821]
[995, 814, 796, 794]
[995, 781, 745]
[995, 822, 810]
[995, 975]
[995, 815, 795, 782, 776]
[995, 819, 803, 798, 797]
[995, 811, 799]
[995, 904]
[995, 790, 779, 778, 770]
[995, 814, 784, 781]
[995, 831, 821]
[995, 797, 760, 749, 748]
[995, 834, 789, 780, 778]
[995, 811, 794, 790]
[995, 854]
[995, 862]
[995, 861, 839, 834]
[995, 789, 774, 773]
[995, 788, 771]
[995, 865, 846, 845]
[995, 772, 735, 730]
[995, 798, 789]
