[995, 930]
[995, 894, 881, 873]
[995, 889]
[995, 889, 880, 876]
[995, 871]
[995, 892]
[995, 896, 882, 879]
[995, 877]
[995, 903, 882]
[995, 904, 903]
[995, 890]
[995, 885, 884]
[995, 917]
[995, 938, 903, 898]
[995, 878]
[995, 897, 896]
[995, 905, 873]
[995, 881, 880]
[995, 862]
[995, 912]
[995, 882, 854]
[995, 877, 861]
[995, 895, 881, 878]
[995, 876]
[995, 933, 908]
[995, 881]
[995, 889]
[995, 907]
[995, 890, 876]
[995, 885, 882]
[995, 895, 854]
[995, 885, 881]
[995, 892, 869, 861]
[995, 893, 870, 863]
[995, 878]
[995, 885]
[995, 902, 890, 889]
[995, 912]
[995, 905, 893, 884, 881]
[995, 895, 893]
[995, 911, 875]
[995, 865]
[995, 909, 888]
[995, 889, 886]
[995, 876, 872, 870]
[995, 868, 865]
[995, 900, 893]
[995, 884]
[995, 917, 916]
[995, 890, 883, 879]
[995, 877, 875]
[995, 903, 875, 872]
[995, 906]
[995, 893]
[995, 909]
[995, 927, 918]
[995, 874, 873, 869]
[995, 897, 871]
[995, 854, 853]
[995, 872, 871]
[995, 885]
[995, 929, 925]
[995, 887, 883]
[995, 890, 882]
[995, 897, 896]
[995, 870, 869]
[995, 873]
[995, 896]
[995, 903]
[995, 890, 889]
[995, 887, 860]
[995, 896, 883]
[995, 868]
[995, 911, 891, 887]
[995, 885, 884, 879]
[995, 893, 892]
[995, 929, 902]
[995, 900]
[995, 930, 929]
[995, 920, 907, 904]
[995, 912, 897]
[995, 888]
[995, 861]
[995, 907, 896]
[995, 875]
[995, 887]
[995, 908, 883]
[995, 876, 871]
[995, 916, 903, 900, 899]
[995, 881, 878]
[995, 878, 849, 844, 842]
[995, 881]
[995, 903, 901]
[995, 893]
[995, 919, 898]
[995, 920, 904, 901]
[995, 921, 905]
[995, 895, 893, 892]
[995, 896, 890, 883]
[995, 893, 882]
