[995, 905, 867]
[995, 861, 830]
[995, 871, 832]
[995, 851, 823]
[995, 875, 840]
[995, 853, 818]
[995, 862, 838]
[995, 875, 842]
[995, 851, 829]
[995, 879, 854]
[995, 847, 827]
[995, 878, 842]
[995, 875, 837]
[995, 878, 847]
[995, 855, 826]
[995, 835, 821]
[995, 849, 825]
[995, 876, 831, 753]
[995, 880, 858]
[995, 868, 823, 720]
[995, 877, 847]
[995, 858, 840]
[995, 845, 827]
[995, 890, 853, 851]
[995, 888, 846, 788, 751]
[995, 873, 827, 711]
[995, 848, 832]
[995, 848, 824]
[995, 863, 825]
[995, 835, 809]
[995, 850, 828]
[995, 869, 829]
[995, 857, 842]
[995, 879, 856]
[995, 843, 808]
[995, 896, 848, 754]
[995, 870, 843]
[995, 857, 822]
[995, 880, 841]
[995, 905, 874]
[995, 873, 844]
[995, 874, 853]
[995, 888, 861]
[995, 916, 885]
[995, 858, 832]
[995, 879, 847]
[995, 869, 841]
[995, 968]
[995, 865, 830]
[995, 878, 838]
[995, 884, 856]
[995, 862, 831]
[995, 877, 839]
[995, 864, 822, 740]
[995, 871, 838]
[995, 844, 826]
[995, 871, 844]
[995, 847, 809]
[995, 885, 851]
[995, 850, 809, 716]
[995, 904, 868]
[995, 891, 857]
[995, 854, 831]
[995, 865, 825]
[995, 880, 853]
[995, 858, 826]
[995, 851, 811, 765]
[995, 857, 818]
[995, 856, 828]
[995, 856, 826]
[995, 880, 838, 735]
[995, 855, 817]
[995, 873, 842]
[995, 845, 810]
[995, 868, 831]
[995, 840, 815]
[995, 875, 837]
[995, 870, 847]
[995, 906, 848, 796, 731]
[995, 863, 831]
[995, 895, 866]
[995, 862, 840]
[995, 872, 858]
[995, 841, 822]
[995, 837, 797, 744]
[995, 873, 834]
[995, 865, 843]
[995, 880, 834, 733, 718]
[995, 862, 843]
[995, 841, 813]
[995, 894, 841, 720]
[995, 876, 835, 764]
[995, 884, 852]
[995, 874, 824, 731, 717]
[995, 897, 851, 729, 728]
[995, 890, 868]
[995, 863, 826]
[995, 837, 804]
[995, 854, 824]
[995, 901, 844, 754]
