[995, 972]
[995, 947]
[995, 909]
[995, 945, 939, 937]
[995, 944]
[995, 928, 927]
[995, 955]
[995, 936]
[995, 947]
[995, 934]
[995, 952, 948]
[995, 955]
[995, 935]
[995, 945]
[995, 958]
[995, 940, 937]
[995, 940, 933]
[995, 945, 938]
[995, 943]
[995, 930]
[995, 931]
[995, 965, 964]
[995, 954, 953]
[995, 950, 949]
[995, 936, 935]
[995, 937, 935]
[995, 943]
[995, 952]
[995, 935, 923]
[995, 944]
[995, 951]
[995, 929, 926]
[995, 942]
[995, 950]
[995, 944, 937]
[995, 961, 949, 941, 940]
[995, 935]
[995, 933, 921]
[995, 950]
[995, 935]
[995, 924]
[995, 958, 957]
[995, 949]
[995, 944]
[995, 927, 926]
[995, 954, 943]
[995, 927, 908]
[995, 940, 938]
[995, 949, 945]
[995, 960]
[995, 936, 930]
[995, 913, 911]
[995, 944]
[995, 961, 944, 940, 934, 931]
[995, 943]
[995, 912]
[995, 935, 930]
[995, 938]
[995, 915]
[995, 941]
[995, 949]
[995, 947]
[995, 949, 947]
[995, 947, 944, 942]
[995, 934]
[995, 953]
[995, 966, 957]
[995, 937]
[995, 924]
[995, 954]
[995, 940]
[995, 965]
[995, 942]
[995, 939]
[995, 923]
[995, 980, 976, 975, 967]
[995, 942, 941]
[995, 949]
[995, 943, 936]
[995, 953]
[995, 937]
[995, 983, 971]
[995, 956, 954]
[995, 955]
[995, 928]
[995, 925]
[995, 927]
[995, 968, 959]
[995, 935, 928]
[995, 940]
[995, 943, 941]
[995, 929]
[995, 976]
[995, 948, 947]
[995, 945, 942]
[995, 964, 950]
[995, 913]
[995, 946]
[995, 958]
[995, 947, 943]
