[995, 905, 877, 870, 866]
[995, 915, 905]
[995, 890, 889]
[995, 892, 882, 880]
[995, 913, 890, 889, 885]
[995, 879]
[995, 900, 899]
[995, 937, 913, 909]
[995, 911, 903]
[995, 901]
[995, 894]
[995, 887, 878]
[995, 898, 890, 888]
[995, 896, 895]
[995, 923, 898, 892]
[995, 877]
[995, 901, 893]
[995, 913, 886, 884, 883]
[995, 912, 896, 887]
[995, 873, 872]
[995, 877]
[995, 898]
[995, 881, 866, 859]
[995, 901]
[995, 892]
[995, 916, 907, 902]
[995, 887, 884]
[995, 899, 888]
[995, 924, 905]
[995, 904, 886]
[995, 891]
[995, 922, 905, 899, 897, 896]
[995, 914, 896, 890]
[995, 899, 898]
[995, 908, 891]
[995, 931, 902]
[995, 939, 899, 887, 880]
[995, 888, 877]
[995, 867, 851]
[995, 910, 901, 897]
[995, 936]
[995, 936, 925, 921, 913]
[995, 920, 903]
[995, 896, 886]
[995, 883]
[995, 928, 891, 882, 878, 873]
[995, 897]
[995, 932, 900, 896, 893]
[995, 877]
[995, 922, 905]
[995, 869]
[995, 896, 895]
[995, 919, 905]
[995, 925, 910]
[995, 885]
[995, 898, 888]
[995, 926, 919]
[995, 917, 910, 904, 902]
[995, 895, 881]
[995, 901]
[995, 896, 890, 886]
[995, 890, 872, 869]
[995, 897, 891]
[995, 921]
[995, 886]
[995, 907, 882, 878]
[995, 879, 878]
[995, 904, 902, 898]
[995, 938, 904, 899]
[995, 915]
[995, 877]
[995, 930]
[995, 881]
[995, 874]
[995, 903]
[995, 917, 905, 894]
[995, 902, 890]
[995, 912, 899]
[995, 899, 898]
[995, 898]
[995, 883, 882]
[995, 881]
[995, 919, 901]
[995, 896, 886, 885]
[995, 873]
[995, 878, 875]
[995, 917, 894]
[995, 932, 903, 889, 888, 884]
[995, 900, 891]
[995, 873, 865, 863]
[995, 915, 897, 883]
[995, 960, 942, 930, 929]
[995, 901]
[995, 897, 889]
[995, 921, 899]
[995, 912]
[995, 924]
[995, 904, 897]
[995, 890]
[995, 915]
