[495, 430, 425]
[495, 415, 408]
[495, 447]
[495, 430]
[495, 427]
[495, 448, 424, 419]
[495, 426]
[495, 435, 431]
[495, 425, 416, 413]
[495, 409, 403]
[495, 425, 409, 407]
[495, 445, 439, 435]
[495, 469]
[495, 433, 421]
[495, 432, 426]
[495, 424, 413]
[495, 423, 417]
[495, 448, 447]
[495, 425, 419]
[495, 431, 422, 420]
[495, 425]
[495, 431]
[495, 439]
[495, 433]
[495, 420, 414, 410]
[495, 433, 427, 425]
[495, 423, 421]
[495, 434, 419]
[495, 411, 401]
[495, 438, 432, 431, 430]
[495, 450, 449, 448, 447]
[495, 429]
[495, 439, 431]
[495, 412, 399]
[495, 438]
[495, 421]
[495, 440]
[495, 433]
[495, 427, 415]
[495, 432]
[495, 455, 454]
[495, 432, 431]
[495, 448]
[495, 424]
[495, 414, 407]
[495, 437, 434]
[495, 429, 422]
[495, 413, 406]
[495, 443]
[495, 411, 398]
[495, 427]
[495, 482]
[495, 447]
[495, 430, 423]
[495, 418, 408]
[495, 437]
[495, 430, 420, 419]
[495, 426, 425]
[495, 419]
[495, 485]
[495, 438]
[495, 438, 437]
[495, 430]
[495, 412, 397]
[495, 431]
[495, 420]
[495, 428]
[495, 438, 432, 426]
[495, 425]
[495, 410, 403]
[495, 428]
[495, 433, 417]
[495, 443, 435]
[495, 417, 411]
[495, 436, 428]
[495, 449, 447]
[495, 450, 447]
[495, 436, 415]
[495, 444]
[495, 426, 425]
[495, 430, 429]
[495, 424, 421]
[495, 435, 430, 428]
[495, 440, 432]
[495, 442, 430]
[495, 427]
[495, 442, 430]
[495, 449, 443]
[495, 442, 439]
[495, 419]
[495, 425, 424]
[495, 444, 442]
[495, 429, 421]
[495, 436, 435]
[495, 423]
[495, 423, 421]
[495, 449, 442]
[495, 436, 427, 426]
[495, 426, 419]
[495, 449, 414, 412]
