[997, 989]
[997, 987, 980]
[997, 990, 986]
[997, 989, 988]
[997, 978, 972, 971, 970]
[997, 988]
[997, 984, 978, 977, 976]
[997, 993]
[997, 996]
[997, 987]
[997, 982, 981, 980]
[997, 985, 984, 982]
[997, 987, 980, 979, 978]
[997, 990, 989]
[997, 989, 984, 982]
[997, 989, 988, 987]
[997, 987, 983, 979]
[997, 995]
[997, 985]
[997, 985, 980, 977]
[997, 994]
[997, 990, 988, 987]
[997, 980, 973]
[997, 981, 976]
[997, 995]
[997, 987, 986, 984]
[997, 992]
[997, 982, 980, 978]
[997, 972, 934, 497, 106]
[997, 988, 987]
[997, 990, 988]
[997, 983, 979]
[997, 993]
[997, 988, 985]
[997, 991]
[997, 979, 973, 972, 970]
[997, 979, 973]
[997, 986, 984]
[997, 987, 986, 985]
[997, 987, 986, 985]
[997, 995]
[997, 991]
[997, 985]
[997, 985, 982]
[997, 990, 982]
[997, 992]
[997, 982, 971, 952, 935, 930, 928, 927]
[997, 993]
[997, 986, 984, 982, 980]
[997, 992, 989]
[997, 982, 978]
[997, 982, 970, 964]
[997, 992]
[997, 986]
[997, 991]
[997, 985, 975]
[997, 991]
[997, 980, 961, 956, 955]
[997, 989]
[997, 981, 961, 941, 936]
[997, 989, 986, 983, 978]
[997, 985, 978, 977, 976, 975]
[997, 991]
[997, 992, 990, 989]
[997, 988]
[997, 982, 978]
[997, 992]
[997, 993, 992, 990]
[997, 986]
[997, 979, 968, 964]
[997, 980, 973, 962]
[997, 990, 987, 985]
[997, 989, 984, 983]
[997, 988]
[997, 989]
[997, 990]
[997, 987, 984]
[997, 988]
[997, 977, 970, 957, 950, 949]
[997, 991, 988]
[997, 993]
[997, 987, 985, 983, 982, 981]
[997, 986, 979, 978, 976]
[997, 990]
[997, 989, 985]
[997, 979, 964, 962]
[997, 991, 989, 984]
[997, 992]
[997, 992, 982]
[997, 982, 974, 969, 967, 966]
[997, 994]
[997, 983, 978, 975, 974]
[997, 992, 990]
[997, 987, 984]
[997, 991, 984, 983]
[997, 991]
[997, 996]
[997, 986, 983, 979, 976]
[997, 983, 974]
[997, 990, 989]
