[997]
[997]
[997]
[997]
[997]
[997]
[997]
[997]
[997]
[997]
[997]
[997, 996]
[997]
[997]
[997]
[997]
[997]
[997]
[997]
[997]
[997]
[997, 996]
[997]
[997, 996]
[997]
[997]
[997]
[997]
[997]
[997]
[997]
[997]
[997]
[997]
[997]
[997]
[997]
[997]
[997]
[997]
[997]
[997]
[997]
[997]
[997]
[997]
[997]
[997]
[997]
[997]
[997]
[997]
[997, 996]
[997]
[997]
[997]
[997]
[997, 996]
[997]
[997]
[997]
[997]
[997]
[997]
[997]
[997]
[997]
[997]
[997]
[997]
[997]
[997]
[997]
[997]
[997]
[997]
[997]
[997]
[997]
[997]
[997]
[997]
[997]
[997]
[997]
[997]
[997]
[997, 996]
[997]
[997]
[997]
[997]
[997]
[997]
[997]
[997]
[997]
[997]
[997]
[997]
