[997, 951, 812, 741, 737]
[997, 976, 957, 953, 951]
[997, 969, 930, 839, 773, 771]
[997, 950, 920, 916]
[997, 955, 938, 925, 920]
[997, 971, 965]
[997, 973, 954, 937, 926]
[997, 982, 973, 965]
[997, 968, 933, 890, 858, 837, 826, 810, 807, 805, 801, 775, 769, 768, 762]
[997, 955, 942, 936, 932, 930]
[997, 954, 892, 822, 750]
[997, 957, 948, 941]
[997, 960, 929, 915, 898, 895]
[997, 969, 940, 928]
[997, 984, 983]
[997, 958, 891, 859, 821, 759, 710]
[997, 968, 949, 904, 865, 820, 794, 777, 769]
[997, 938, 821, 735, 733]
[997, 993]
[997, 969, 962, 952, 944, 928, 927]
[997, 898, 785, 699]
[997, 960, 941, 938, 934]
[997, 879, 781, 701, 697]
[997, 995]
[997, 926, 780, 739]
[997, 952, 874, 796, 778]
[997, 953, 908, 903]
[997, 977, 957, 946, 944]
[997, 966, 934, 921, 918]
[997, 964, 929, 864, 826, 779]
[997, 925, 720, 698, 696]
[997, 959, 938, 935]
[997, 982, 972]
[997, 963, 951, 945, 944]
[997, 858, 769, 765]
[997, 908, 871, 782, 750, 738]
[997, 968, 938, 933, 906, 904]
[997, 974, 961, 945, 939]
[997, 940, 863, 791, 736]
[997, 981, 954, 949, 945]
[997, 981, 968, 951, 950, 946, 945]
[997, 953, 916, 882, 871, 864, 844, 840, 834, 825, 821, 814]
[997, 962, 943, 916, 911, 891]
[997, 973, 960, 951, 946, 945]
[997, 972, 953, 952, 946, 940]
[997, 926, 755, 673]
[997, 969, 931, 923, 922]
[997, 954, 850, 763, 757]
[997, 965, 931, 922, 921]
[997, 978, 965, 953]
[997, 976, 965, 962, 960]
[997, 964, 959]
[997, 961, 946, 942, 932, 924, 923, 920]
[997, 959, 932, 908, 895, 881, 879]
[997, 967, 965, 962, 961]
[997, 963, 908, 895, 885, 853, 772, 754]
[997, 972, 949, 946, 944]
[997, 962, 896, 874]
[997, 964, 931, 919]
[997, 962, 953, 941, 930]
[997, 957, 921, 868, 805, 780]
[997, 965, 944, 937]
[997, 972, 962]
[997, 956, 941, 931, 930, 926, 915]
[997, 989]
[997, 925, 790, 742]
[997, 965, 901, 827, 758, 751, 745, 740]
[997, 974, 939, 921, 913, 905, 888, 886, 878]
[997, 950, 924, 922, 919, 917]
[997, 958, 875, 819, 745, 720]
[997, 971, 964, 961]
[997, 967, 914, 826, 804, 793]
[997, 985]
[997, 966, 956]
[997, 962, 932, 896]
[997, 990, 986]
[997, 943, 889, 861, 814, 753, 751]
[997, 982, 978, 964, 956]
[997, 979, 945, 924, 899, 894, 886]
[997, 945, 845, 807, 735]
[997, 935, 828, 725, 722]
[997, 981, 968, 965]
[997, 983]
[997, 974, 961, 960]
[997, 977, 962]
[997, 963, 900, 878, 824, 792, 778]
[997, 962, 938, 937, 934]
[997, 962, 940, 931]
[997, 966, 938, 913, 887, 871, 862]
[997, 982, 966, 930, 914, 906, 896]
[997, 955, 934, 932]
[997, 953, 905, 832, 775]
[997, 970, 931, 906, 874, 871, 865]
[997, 915, 833, 727, 726]
[997, 939, 817, 759, 749]
[997, 958, 929, 911, 908, 907]
[997, 971, 956, 954, 950]
[997, 912, 822, 722, 721, 711]
[997, 977, 954, 950, 943]
[997, 936, 876, 792, 706]
