[997, 992]
[997, 994]
[997, 992]
[997, 989, 988]
[997, 975, 964]
[997, 995]
[997, 994, 991]
[997, 991]
[997, 994]
[997, 992, 991]
[997, 991]
[997, 988, 986]
[997, 988]
[997, 992]
[997, 993, 989]
[997, 992]
[997, 988, 987]
[997, 989, 983]
[997, 987, 986]
[997, 989, 986]
[997, 991]
[997, 993]
[997, 994]
[997, 987, 985]
[997, 990]
[997, 989]
[997, 994, 993]
[997, 996]
[997]
[997, 993]
[997, 990, 989]
[997, 990, 988]
[997, 988]
[997, 988]
[997, 992]
[997, 991]
[997, 989, 988]
[997, 989, 988]
[997, 991]
[997, 992]
[997, 987, 986]
[997, 993, 992]
[997, 995]
[997, 987]
[997, 991]
[997, 993, 992]
[997, 989, 986]
[997, 993]
[997, 988, 987]
[997, 992, 991]
[997, 992]
[997, 994]
[997, 994, 992]
[997, 986, 985, 984]
[997, 991]
[997, 990, 989]
[997, 992]
[997, 991]
[997, 986]
[997, 986, 980]
[997, 988, 986]
[997, 989, 988]
[997, 991]
[997, 991, 990]
[997, 977, 971, 967]
[997, 984, 983]
[997, 994, 993]
[997, 987, 984]
[997, 986, 985]
[997, 993]
[997, 992, 991]
[997, 991]
[997, 989]
[997, 996]
[997, 994, 993]
[997, 992, 991]
[997, 992]
[997, 989, 988]
[997, 991, 988, 987]
[997, 982, 977]
[997, 992]
[997, 992]
[997, 991]
[997, 995]
[997, 995]
[997, 994]
[997, 992]
[997, 989, 988]
[997, 989, 988]
[997, 996]
[997, 991]
[997, 984, 980]
[997, 991]
[997, 988]
[997, 994]
[997, 987]
[997, 988, 987]
[997, 992]
[997, 993]
[997, 994]
