[997, 996]
[997]
[997]
[997]
[997]
[997]
[997]
[997]
[997]
[997]
[997]
[997]
[997]
[997]
[997]
[997]
[997]
[997]
[997]
[997]
[997]
[997]
[997]
[997]
[997]
[997]
[997, 996]
[997]
[997]
[997]
[997]
[997]
[997]
[997]
[997]
[997]
[997]
[997]
[997]
[997]
[997]
[997]
[997]
[997]
[997]
[997]
[997]
[997]
[997]
[997]
[997]
[997]
[997]
[997]
[997]
[997]
[997]
[997, 996]
[997]
[997]
[997]
[997]
[997]
[997]
[997]
[997, 995]
[997]
[997]
[997]
[997]
[997]
[997]
[997]
[997]
[997]
[997]
[997]
[997, 996]
[997]
[997]
[997]
[997]
[997]
[997]
[997]
[997]
[997]
[997]
[997]
[997]
[997]
[997]
[997]
[997]
[997]
[997]
[997]
[997]
[997]
[997]
