[497]
[497]
[497]
[497]
[497]
[497, 496]
[497]
[497]
[497]
[497]
[497]
[497, 496, 495]
[497]
[497]
[497]
[497]
[497, 495]
[497, 496]
[497]
[497]
[497]
[497]
[497]
[497]
[497]
[497, 496]
[497]
[497]
[497]
[497]
[497]
[497]
[497]
[497]
[497]
[497]
[497]
[497]
[497, 496]
[497]
[497]
[497]
[497]
[497]
[497]
[497]
[497]
[497]
[497]
[497]
[497]
[497, 496]
[497]
[497]
[497]
[497]
[497, 496]
[497]
[497]
[497]
[497]
[497]
[497]
[497, 496]
[497, 496]
[497]
[497]
[497]
[497]
[497]
[497]
[497]
[497]
[497, 496]
[497]
[497]
[497]
[497]
[497]
[497]
[497]
[497]
[497]
[497]
[497]
[497, 496]
[497, 496]
[497]
[497]
[497]
[497]
[497]
[497]
[497, 496]
[497]
[497]
[497]
[497]
[497]
[497]
