[24.8, 21.61, 12.58, 7.64, 6.25]
[25.17, 23.26, 19.69, 13.76, 11.79, 11.71]
[24.5, 22.55, 16.25, 6.31, 4.47, 4.18]
[24.87, 19.06, 3.95, 2.24]
[25.13, 24.69, 24.24, 24.16, 24.13]
[24.78, 22.06, 15.92, 10.63, 9.82, 9.42]
[24.8, 23.43, 22.05, 21.35, 21.0, 21.01]
[25.13, 23.9, 22.22, 21.45, 21.23, 21.11, 21.12]
[24.73, 19.1, 6.7, 4.04, 3.9, 2.87]
[24.73, 21.89, 14.85, 6.75, 4.8]
[24.57, 8.53, 0.69, 0.63]
[24.77, 23.98, 23.54, 23.31, 23.32]
[25.26, 24.4, 24.01, 23.99, 23.98]
[25.44, 24.39, 23.31, 22.46, 22.37, 22.32]
[25.28, 24.07, 23.68, 23.32, 23.17]
[25.44, 22.73, 15.86, 7.7, 6.09, 5.98]
[25.36, 23.51, 16.27, 5.18, 4.74]
[24.95, 24.27, 22.96, 21.71, 20.9, 20.33, 20.26]
[25.01, 23.74, 22.38, 15.36, 10.57, 9.78]
[24.69, 22.5, 19.93, 14.63, 11.46, 11.25]
[25.43, 23.96, 22.4, 15.54, 11.1, 10.3, 10.12]
[24.71, 23.05, 18.17, 8.29, 6.2, 4.89, 2.0]
[25.05, 22.93, 16.37, 9.55, 9.18, 9.14]
[24.36, 17.03, 3.43, 0.99]
[24.82, 20.61, 10.89, 6.42, 4.07, 4.02]
[25.1, 20.1, 5.35, 3.81]
[24.89, 22.15, 13.49, 7.47, 5.96]
[25.21, 23.31, 21.17, 18.0, 15.57, 14.55, 14.3]
[25.27, 22.3, 12.0, 7.24, 5.0]
[25.26, 22.81, 17.32, 9.55, 6.5]
[25.09, 24.48, 23.97, 23.75, 23.71]
[24.5, 23.61, 22.75, 22.1, 21.96]
[24.42, 22.33, 18.28, 8.18, 6.01, 5.52]
[25.53, 24.99, 24.82, 24.76]
[24.88, 22.58, 16.5, 8.75, 7.78, 7.66, 7.25]
[24.93, 23.55, 18.53, 11.67, 8.74, 8.63]
[24.53, 14.83, 1.33, 1.3]
[24.95, 23.81, 21.91, 15.08, 9.58, 8.04]
[24.71, 20.46, 7.08, 4.7, 4.72]
[25.23, 23.57, 18.39, 10.63, 7.27, 3.17, 3.03]
[25.03, 22.87, 19.51, 11.15, 8.54, 8.03, 7.78]
[24.79, 20.05, 9.56, 6.09, 5.86]
[24.64, 18.11, 5.79, 3.28]
[24.47, 22.04, 12.51, 7.27, 2.6, 2.56]
[25.31, 21.2, 8.57, 3.8, 3.7]
[25.04, 20.27, 5.78, 2.12, 2.08]
[24.77, 22.81, 18.53, 13.29, 10.55, 10.31]
[24.89, 24.03, 23.5, 22.68, 22.4, 22.29]
[24.51, 10.38, 2.68, 2.11]
[24.86, 23.44, 21.9, 15.82, 12.14, 8.24, 7.93]
[24.36, 18.85, 1.68, 1.11]
[24.31, 20.7, 8.62, 5.79, 5.43, 5.27]
[24.02, 3.67, 0.68, 0.65]
[25.06, 19.84, 6.75, 5.16, 4.79]
[25.19, 22.97, 17.5, 11.39, 8.71, 8.47]
[25.0, 23.53, 21.66, 18.27, 15.91, 14.51, 14.38]
[24.49, 23.2, 21.33, 18.06, 16.45, 15.8, 15.24, 15.12]
[24.22, 15.75, 0.79, 0.79]
[25.18, 24.09, 22.8, 14.89, 10.63, 9.7]
[24.07, 7.12, 1.03, 0.98]
[25.11, 23.07, 15.78, 7.83, 7.01]
[25.22, 22.07, 13.14, 8.07, 6.33]
[25.06, 22.52, 15.67, 10.19, 9.02, 8.97]
[24.98, 23.27, 18.07, 10.51, 7.36, 6.57, 6.15]
[25.13, 23.59, 22.52, 21.7, 21.42, 21.17]
[24.3, 11.81, 1.28, 1.28]
[24.71, 20.47, 11.04, 6.91, 6.58]
[24.65, 22.48, 17.42, 9.51, 7.69, 6.09]
[25.3, 22.82, 19.22, 14.27, 11.22, 9.5, 9.03]
[24.66, 22.88, 16.73, 5.77, 5.34]
[25.21, 23.73, 21.59, 17.26, 13.31, 12.06, 11.7]
[24.62, 22.91, 20.67, 12.17, 8.93, 7.75, 7.68]
[25.53, 23.53, 21.48, 17.81, 14.92, 12.52, 12.19, 12.12, 12.07]
[24.51, 18.48, 5.73, 4.69]
[24.51, 21.35, 14.21, 9.85, 8.78]
[24.87, 22.57, 16.04, 7.66, 6.58, 5.17, 4.79]
[25.25, 22.81, 16.81, 11.11, 10.39]
[25.01, 22.68, 13.72, 8.08, 7.39, 4.95, 3.07]
[24.59, 23.86, 23.28, 22.81, 22.72]
[25.13, 23.96, 22.21, 16.05, 13.54, 13.1, 13.08]
[24.77, 20.81, 10.5, 6.53, 6.42]
[24.6, 1.84, 1.01]
[24.24, 16.31, 3.09, 2.34]
[25.06, 22.32, 13.82, 9.14, 8.53]
[24.42, 21.72, 15.08, 4.88, 4.07, 3.77, 2.69]
[25.09, 22.32, 13.68, 7.65, 5.96]
[25.45, 24.53, 23.3, 21.69, 19.81, 19.2, 18.81, 18.8]
[25.44, 23.74, 21.28, 11.4, 7.72, 7.35]
[24.77, 18.94, 2.86, 2.59]
[24.55, 19.76, 7.09, 6.37]
[24.83, 23.51, 23.04, 22.81, 22.76]
[24.47, 12.96, 0.98, 0.96]
[24.9, 21.6, 11.28, 8.15, 6.42, 6.36]
[24.64, 21.99, 13.47, 6.77, 5.86, 4.18]
[25.0, 20.9, 7.99, 1.69, 1.71]
[25.07, 22.93, 15.44, 2.86, 2.79, 2.26, 1.14]
[24.83, 19.21, 7.19, 6.05, 5.7]
[24.24, 13.08, 0.53, 0.51]
[25.02, 23.45, 19.83, 14.11, 9.45, 4.54]
[25.03, 21.86, 15.41, 9.98, 9.61]
[24.68, 23.28, 17.4, 7.8, 6.98]
[24.34, 23.0, 18.06, 5.79, 1.99]
[23.89, 4.02, 0.56]
[25.03, 23.96, 22.18, 11.12, 6.57, 5.56]
[24.16, 19.19, 4.52, 2.56, 1.56]
[24.94, 21.18, 7.52, 2.26, 1.96]
[25.18, 21.95, 12.9, 7.95, 7.58]
[25.43, 24.93, 24.43, 24.19, 24.12]
[24.77, 24.01, 23.37, 22.94]
[24.54, 19.0, 5.6, 4.43, 3.21]
[24.99, 24.23, 23.97, 23.41, 23.35, 23.31]
[24.88, 23.89, 23.15, 22.75, 22.76]
[24.83, 21.86, 13.97, 7.27, 6.84, 6.62]
[24.74, 23.57, 22.73, 22.45, 22.44]
[24.87, 16.28, 4.62, 2.21]
[25.16, 23.22, 19.62, 11.49, 9.61, 9.21, 9.05]
[24.4, 20.74, 10.52, 1.3, 1.16]
[24.2, 22.44, 14.76, 5.11, 2.56, 2.45, 2.39, 2.3, 2.19]
[24.91, 23.13, 16.94, 7.29, 5.78, 5.45]
[24.55, 19.93, 8.12, 4.47, 4.18]
[24.02, 15.92, 2.29, 2.08]
[24.63, 13.87, 0.58, 0.51]
[24.14, 17.26, 1.51, 1.52]
[24.88, 21.29, 13.22, 7.36, 6.98]
[24.38, 6.47, 0.51, 0.46]
[25.04, 23.56, 20.02, 11.12, 9.92]
[24.56, 22.94, 18.13, 11.65, 10.69, 10.63]
[24.36, 20.71, 8.18, 4.11, 2.08, 1.9]
[25.21, 22.8, 15.55, 8.46, 7.43, 7.36]
[24.67, 23.2, 20.07, 13.77, 10.59, 8.52, 8.28]
[24.98, 23.17, 19.58, 13.74, 12.53, 11.49, 11.43]
[25.0, 23.67, 22.61, 20.31, 16.24, 14.63, 14.58]
[24.47, 17.36, 2.32, 2.12]
[24.46, 12.96, 1.35, 1.36]
[25.22, 22.05, 16.68, 11.45, 11.06, 10.85, 10.79]
[24.99, 23.27, 17.41, 10.08, 9.21, 8.9]
[25.46, 23.63, 19.03, 8.73, 8.43]
[25.23, 24.29, 22.83, 18.46, 14.99, 13.53, 13.13]
[24.54, 17.55, 1.87, 1.87]
[25.27, 24.15, 20.9, 15.37, 11.0, 9.32]
[25.11, 23.91, 20.93, 15.36, 13.13, 11.82]
[24.76, 23.43, 20.57, 13.61, 9.58, 9.23]
[25.35, 24.33, 22.61, 18.48, 14.67, 13.17, 12.73, 12.61]
[25.09, 17.91, 5.68, 3.89, 3.66]
[24.8, 23.66, 22.81, 22.28, 22.06]
[24.82, 16.43, 3.15, 2.87]
[24.51, 21.86, 12.91, 6.67, 6.39, 6.08, 4.61]
[25.01, 23.99, 22.97, 22.76, 22.67]
[24.76, 23.42, 20.02, 11.52, 7.04, 6.54, 6.43]
[24.91, 22.15, 13.47, 6.93, 5.54, 3.3, 3.02]
[25.07, 23.62, 21.53, 16.82, 15.35, 14.23, 14.17]
[24.42, 22.41, 17.36, 8.38, 4.44, 1.64, 1.26]
[24.89, 23.82, 23.52, 23.36]
[24.9, 12.29, 2.17, 1.55]
[23.62, 7.21, 0.9, 0.88]
[24.6, 15.6, 1.54, 1.55]
[24.91, 21.93, 14.27, 7.05, 2.72]
[25.15, 23.39, 19.21, 10.78, 7.94]
[25.04, 22.51, 17.58, 12.21, 10.04, 9.89]
[24.66, 23.69, 22.65, 19.93, 15.6, 11.78, 10.83, 10.14, 8.98]
[24.84, 21.65, 14.25, 7.82, 5.64]
[25.03, 22.13, 13.24, 7.75, 6.92, 6.75, 6.22]
[24.88, 21.22, 10.12, 5.11, 2.62, 2.04]
[25.16, 23.76, 21.92, 17.34, 13.79, 12.32, 12.23]
[24.52, 22.93, 19.56, 11.3, 9.28, 7.1, 6.48, 6.26]
[25.33, 24.65, 24.56, 24.45, 24.42]
[25.2, 23.62, 21.35, 18.27, 16.51, 15.61, 15.24, 15.17]
[25.17, 23.54, 21.51, 18.2, 15.53, 14.6, 14.21, 14.08]
[24.91, 23.59, 18.24, 11.05, 9.8]
[23.96, 6.99, 0.35, 0.25]
[25.34, 24.31, 22.46, 15.05, 10.01, 8.23]
[24.88, 23.31, 22.11, 21.49, 21.39]
[24.98, 20.13, 8.35, 6.1]
[24.8, 18.01, 4.35, 3.32]
[25.24, 23.69, 22.27, 19.01, 15.3, 14.61, 14.44, 14.4]
[25.37, 22.16, 14.73, 7.42, 7.07, 6.61]
[25.02, 23.41, 21.07, 17.12, 15.55, 15.26]
[24.96, 24.2, 23.35, 22.44, 21.93, 21.89]
[25.15, 18.01, 6.06, 5.68, 5.48]
[24.86, 21.94, 14.73, 5.88, 5.48]
[25.12, 23.97, 23.0, 20.98, 16.66, 14.34, 13.64, 13.42]
[24.85, 16.39, 1.76, 1.66]
[24.97, 23.67, 21.71, 18.62, 14.58, 11.9, 10.76, 9.24, 8.38]
[25.25, 24.11, 23.58, 23.2, 23.11, 23.06]
[24.99, 23.41, 21.5, 16.78, 12.5, 10.67]
[25.08, 22.96, 13.88, 4.38, 2.28]
[25.33, 23.74, 16.47, 9.48, 9.21]
[25.2, 23.93, 22.17, 21.1, 20.42, 20.29, 20.15]
[25.78, 24.86, 23.88, 22.62, 22.12, 22.03]
[25.14, 23.7, 18.39, 11.51, 6.18, 4.44]
[24.86, 22.97, 18.58, 7.7, 5.73, 5.4]
[25.25, 24.53, 24.39]
[25.02, 23.19, 19.58, 11.01, 9.09, 8.9]
[24.58, 21.86, 15.88, 11.28, 8.66, 6.74, 6.65]
[24.87, 23.2, 22.17, 21.94, 21.87]
[24.75, 23.87, 20.29, 12.27, 7.5, 5.4]
[25.06, 23.45, 18.03, 9.1, 7.46]
[25.35, 24.66, 23.31, 19.6, 16.67, 15.74, 15.66]
[25.09, 19.87, 9.85, 6.61, 5.99]
[25.18, 22.7, 13.3, 6.12, 5.54, 4.66]
[24.57, 21.72, 10.04, 2.01, 1.79, 1.26]
[25.51, 23.92, 20.35, 13.09, 10.55]
[24.96, 18.7, 8.13, 5.49]
[25.02, 23.15, 18.04, 10.22, 6.95, 6.37, 4.42]
[24.59, 22.42, 16.25, 9.14, 7.42, 7.08, 6.92]
[25.24, 24.57, 24.1, 23.91, 23.89, 23.88, 23.76, 23.65]
[24.8, 22.85, 17.98, 9.78, 7.67, 7.61]
[25.51, 22.59, 16.73, 12.71, 12.21, 12.02]
[25.09, 23.68, 21.54, 17.25, 13.04, 9.36, 9.18]
[24.96, 24.44, 23.97, 23.86, 23.81]
[25.1, 22.2, 13.17, 7.65, 5.97]
[25.44, 22.2, 15.42, 8.64, 6.61, 5.68, 5.52]
[25.31, 24.09, 23.25, 22.81, 22.71]
[24.81, 20.2, 7.44, 4.6, 4.44]
[24.94, 22.94, 19.22, 11.1, 6.4, 6.16]
[24.97, 21.08, 11.09, 6.7, 5.79]
[24.38, 12.63, 1.18, 1.18]
[24.34, 18.53, 5.82, 1.9, 1.76]
[24.21, 8.52, 1.25, 0.8]
[24.67, 24.04, 23.79]
[24.5, 16.3, 4.84, 2.0, 1.96, 1.84]
[24.64, 20.92, 6.28, 2.94, 2.64]
[25.09, 23.33, 20.69, 17.29, 14.73, 13.37, 13.02, 12.99, 12.88]
[25.11, 24.08, 22.81, 22.0, 21.89, 21.88, 21.89]
[24.29, 13.62, 1.12, 0.93]
[25.21, 24.03, 22.76, 20.95, 19.61, 19.1, 18.92]
[24.27, 21.33, 8.41, 4.52, 3.83]
[25.18, 20.64, 10.0, 7.35, 6.93]
[24.95, 22.41, 15.35, 6.83, 6.19, 6.12]
[24.97, 23.81, 22.63, 22.03, 21.75, 21.7]
[25.24, 20.96, 13.81, 9.54, 8.76]
[24.97, 15.3, 1.8, 1.0]
[25.33, 22.54, 14.03, 7.54, 6.77, 6.6]
[25.51, 24.83, 23.33, 20.52, 17.31, 16.33, 16.08]
[25.25, 24.25, 23.88, 23.7]
[24.69, 23.88, 23.69, 23.46, 23.38, 23.33]
[25.34, 23.66, 20.62, 14.92, 11.94, 11.4, 11.3]
[24.71, 23.93, 23.41, 22.17, 21.89, 21.68]
[24.85, 23.37, 21.37, 14.68, 10.16, 8.66]
[25.51, 24.92, 24.58, 24.56, 24.49]
[24.67, 23.51, 23.07, 22.87]
[25.11, 24.29, 23.97, 20.7, 16.25, 14.04, 13.99]
[24.63, 18.34, 2.47, 1.92]
[25.04, 23.39, 19.51, 14.82, 12.91, 12.15, 11.86]
[25.05, 24.05, 23.17, 21.99, 21.0, 20.33, 20.34]
[24.82, 20.76, 8.16, 2.82]
[25.66, 23.55, 18.84, 8.97, 5.99, 4.75]
[24.75, 24.04, 23.68, 23.48]
[24.69, 12.85, 0.47, 0.39]
[24.68, 23.83, 23.17, 23.11, 23.11, 23.06]
[25.18, 23.0, 15.93, 8.89, 8.53]
[24.79, 22.44, 17.22, 9.98, 9.34]
[25.13, 21.38, 11.65, 6.74, 6.15]
[25.27, 23.05, 21.04, 18.2, 14.97, 14.46, 14.43]
[25.1, 24.0, 23.27, 22.73]
[24.76, 16.79, 1.98, 1.53]
[25.08, 22.6, 15.86, 4.46, 2.95, 1.32]
[25.33, 24.58, 24.0, 19.88, 10.65, 4.51, 3.34]
[24.93, 23.37, 20.72, 11.45, 8.0, 5.96, 5.91]
[24.15, 18.33, 3.16, 2.42]
[25.31, 24.42, 23.96, 23.77, 23.77]
[24.68, 19.01, 4.81, 2.12]
[25.19, 19.4, 8.09, 7.1, 6.99]
[24.56, 22.0, 16.37, 9.51, 7.87, 7.77, 7.35]
[24.84, 23.48, 22.18, 16.31, 9.87, 8.95]
[25.22, 24.22, 22.91, 21.68, 20.87, 20.86]
[24.74, 21.2, 14.51, 9.13, 8.5, 7.96]
[24.21, 22.3, 15.83, 8.91, 7.72, 7.66]
[24.7, 22.81, 17.71, 8.47, 4.37, 4.2]
[25.43, 23.66, 21.92, 17.33, 14.07, 12.31, 11.7, 10.44, 9.27, 6.79]
[24.95, 23.89, 22.39, 17.49, 13.61, 12.52]
[25.11, 24.26, 22.39, 12.47, 6.5, 5.63]
[25.2, 21.67, 14.3, 8.44, 6.38]
[24.42, 11.58, 0.88, 0.83]
[24.69, 23.02, 21.05, 17.7, 15.6, 14.53, 14.38]
[25.49, 19.13, 9.18, 6.82, 6.24, 4.92]
[24.82, 24.02, 23.77, 23.7, 23.68]
[24.75, 21.76, 15.29, 9.15, 5.92, 5.41, 5.08, 4.82]
[23.76, 13.26, 0.3, 0.29]
[25.18, 24.16, 23.05, 22.51, 22.24, 22.17]
[24.55, 21.51, 13.4, 8.98, 8.7, 8.27, 8.1]
[25.08, 23.0, 19.6, 16.07, 13.31, 12.91, 12.82]
[25.1, 23.4, 19.76, 11.74, 8.65, 7.13, 7.01, 6.96]
[24.49, 23.32, 18.25, 6.89, 4.71, 4.61, 4.5]
[25.12, 20.6, 6.83, 5.75]
[24.77, 23.55, 17.28, 8.42, 6.87, 6.34]
[25.17, 22.95, 20.02, 15.5, 13.51, 13.39]
[24.63, 22.55, 17.61, 10.44, 9.12, 8.39]
[24.83, 23.5, 21.45, 16.68, 12.26, 11.13, 10.22, 8.18]
[24.79, 24.02, 23.62, 23.48]
[25.51, 23.76, 21.94, 18.59, 15.66, 14.44, 14.39]
[25.29, 24.48, 23.75, 23.61, 23.49, 23.44]
[24.55, 22.4, 14.85, 3.74, 1.17]
[25.09, 23.61, 20.77, 15.1, 11.04, 7.83, 4.94]
[25.39, 23.62, 20.28, 13.35, 9.42, 9.31]
[24.91, 23.76, 20.89, 13.16, 10.99, 10.48, 9.98]
[25.07, 24.52, 24.14, 23.87, 23.85]
[24.94, 23.2, 17.76, 8.38, 6.84, 6.62, 6.56, 6.43]
[25.48, 24.55, 24.35, 24.28]
[24.61, 21.06, 11.94, 3.69, 2.69]
[25.17, 21.58, 14.35, 9.8, 9.63, 9.52]
[24.71, 22.21, 16.13, 8.86, 5.88, 5.41, 4.45]
[24.93, 20.77, 12.32, 5.37, 5.46]
[24.34, 22.31, 16.62, 5.72, 1.05]
[25.23, 24.05, 22.98, 22.35, 22.07, 22.05, 21.98]
[24.86, 23.72, 22.02, 19.8, 17.85, 16.61, 15.85]
[25.16, 19.96, 10.81, 8.83, 8.55]
[25.02, 21.73, 10.53, 8.1, 7.21]
[24.93, 23.78, 22.82, 21.41, 20.98, 20.84, 20.76]
[24.83, 23.26, 21.21, 12.89, 7.07, 6.07]
[25.1, 23.27, 19.87, 10.67, 8.47, 8.2]
[25.43, 21.94, 16.02, 10.47, 7.96, 7.62, 7.57]
[25.7, 24.46, 23.52, 23.27, 23.27]
[25.11, 23.07, 20.35, 15.45, 13.0, 12.47, 12.16, 12.07]
[24.98, 22.73, 14.73, 10.45, 9.42]
[24.63, 20.4, 4.0, 1.88, 1.59]
[24.31, 18.59, 2.63, 2.45]
[25.3, 23.41, 20.1, 10.74, 8.58, 7.85, 7.63]
[24.47, 5.98, 0.56, 0.45]
[24.64, 11.84, 0.55, 0.53]
[25.18, 23.88, 22.87, 22.27, 22.08, 22.04]
[25.02, 23.94, 23.63, 23.59]
[25.14, 23.79, 20.82, 9.89, 3.28, 3.28]
[24.77, 23.03, 16.68, 9.82, 7.85, 4.44, 3.44, 2.67, 2.56]
[25.0, 22.7, 17.8, 9.94, 6.02, 4.95, 3.54]
[24.9, 24.71, 24.53, 24.49]
[25.3, 22.88, 20.42, 14.21, 10.05, 5.9, 1.96]
[25.23, 24.13, 22.22, 18.21, 14.4, 9.88, 7.29, 7.13, 6.2]
[25.14, 24.24, 22.2, 11.75, 8.15, 7.74, 7.62]
[24.62, 23.78, 23.59, 23.6]
[24.77, 23.44, 20.05, 11.64, 10.02, 9.77]
[24.59, 22.63, 14.29, 6.3, 4.71, 2.74]
[25.04, 22.29, 13.61, 9.45, 8.33, 7.75]
[24.95, 21.9, 11.4, 6.8, 6.56, 5.66, 5.55]
[24.84, 22.14, 16.07, 12.11, 9.84, 9.52]
[24.72, 19.45, 4.23, 3.06, 3.01]
[25.4, 23.31, 20.73, 13.44, 10.65, 9.82]
[25.03, 23.72, 19.96, 11.48, 8.07, 2.91]
[24.91, 22.66, 18.35, 14.11, 10.86, 8.57, 7.96, 7.78]
[24.75, 20.91, 8.63, 2.38, 2.06]
[25.06, 22.8, 19.14, 10.38, 8.66]
[24.88, 24.29, 23.92, 23.86]
[25.15, 22.15, 14.77, 6.38, 4.77, 4.77]
[24.74, 20.35, 8.32, 4.61, 4.48]
[24.36, 13.73, 3.23, 3.36]
[24.88, 23.28, 19.85, 13.11, 11.54, 11.39, 11.34]
[25.05, 23.0, 20.27, 16.34, 12.71, 11.5, 11.33]
[24.67, 23.52, 22.57, 19.06, 11.66, 9.93, 8.52]
[24.56, 22.48, 15.88, 7.92, 7.24, 6.72, 6.65]
[25.25, 23.61, 21.08, 14.51, 10.56, 8.74, 7.66, 7.13]
[25.61, 24.56, 23.57, 22.82, 22.05, 21.82]
[24.83, 22.72, 19.93, 15.5, 12.95, 12.41]
[25.21, 23.9, 20.9, 5.91, 3.98, 3.32, 3.16]
[25.05, 23.1, 18.63, 12.1, 7.32, 6.83]
[25.02, 24.32, 23.45, 22.66, 22.58]
[24.93, 19.71, 5.62, 4.84]
[24.8, 22.94, 20.31, 13.27, 10.19, 9.2]
[24.25, 23.18, 20.78, 14.37, 11.06, 9.81, 9.59]
[24.72, 23.73, 21.02, 11.53, 6.66, 5.9]
[24.38, 10.4, 1.37, 1.4]
[25.08, 23.32, 22.09, 19.82, 18.52, 18.24]
[25.32, 23.99, 23.65, 23.48, 23.49]
[25.16, 24.27, 23.96]
[25.18, 23.44, 21.89, 21.44, 21.38]
[24.71, 11.31, 0.51, 0.5]
[25.06, 24.25, 22.97, 20.77, 17.46, 15.57, 15.18, 15.08, 15.06]
[25.03, 24.54, 24.34, 24.26]
[25.66, 24.08, 22.48, 20.28, 19.22, 19.12]
[24.66, 23.85, 22.99, 22.75, 22.65]
[25.06, 21.44, 14.82, 8.4, 6.42, 6.34]
[24.75, 23.1, 19.35, 12.05, 8.11, 7.32, 4.66, 4.65]
[24.73, 20.94, 6.68, 2.43]
[24.7, 14.13, 0.79, 0.78]
[25.54, 23.79, 21.55, 14.9, 12.46, 11.27, 11.03, 9.92, 9.86]
[24.18, 14.88, 1.31, 1.04]
[24.68, 22.86, 15.27, 7.88, 7.05, 6.89]
[25.38, 22.86, 15.19, 8.97, 7.95]
[24.51, 13.32, 0.66, 0.63]
[25.1, 21.1, 11.57, 4.88, 3.05]
[24.84, 22.59, 17.76, 7.63, 6.56, 6.32]
[24.8, 22.85, 21.14, 18.3, 16.8, 16.18, 16.07]
[25.14, 22.36, 15.88, 11.54, 10.85, 10.76]
[24.72, 22.34, 17.19, 10.86, 9.6, 9.22]
[25.07, 24.13, 22.31, 18.55, 13.39, 10.24, 8.23, 5.88]
[24.88, 23.98, 22.86, 21.14, 19.44, 18.77, 18.75]
[25.59, 22.86, 13.34, 8.47, 7.66, 7.62]
[23.56, 2.58, 1.39]
[25.15, 24.27, 23.88, 23.66, 23.56]
[24.99, 23.86, 23.15, 21.7, 20.66, 20.42, 20.3]
[24.71, 23.99, 23.86]
[24.45, 20.5, 7.6, 3.76, 3.63]
[25.04, 23.84, 21.76, 15.54, 10.25, 8.22, 8.15]
[24.65, 23.32, 21.89, 18.13, 13.65, 8.7, 8.15, 8.04]
[24.78, 23.23, 18.45, 6.77, 5.41]
[25.0, 23.7, 22.41, 21.3, 21.07]
[24.91, 24.18, 23.43, 22.89, 22.71, 22.58]
[24.63, 11.75, 0.58, 0.56]
[25.11, 21.62, 10.48, 3.83, 3.27]
[25.03, 18.86, 8.73, 6.33, 5.92]
[24.94, 23.84, 22.64, 22.25, 22.22, 22.07]
[24.66, 22.61, 15.99, 4.28, 3.71, 2.01]
[25.15, 24.31, 23.9, 23.65, 23.56, 23.51]
[24.84, 16.29, 4.62, 4.55]
[24.86, 21.92, 14.32, 7.96, 8.13]
[25.22, 24.16, 23.22, 22.58, 22.17, 21.94]
[24.6, 19.15, 9.18, 7.38, 7.2, 7.02]
[24.59, 9.83, 0.35, 0.26]
[25.6, 23.82, 21.08, 18.12, 15.81, 15.59]
[24.59, 18.16, 4.62, 3.11]
[25.23, 23.64, 21.44, 13.0, 6.66, 3.21]
[24.57, 19.69, 4.22, 1.89]
[24.98, 20.17, 5.72, 3.74, 3.2, 2.28]
[25.43, 23.23, 17.43, 9.8, 9.22, 9.02]
[24.47, 16.32, 1.7, 1.1]
[25.58, 24.6, 23.77, 23.54, 23.54, 23.55]
[24.4, 20.08, 5.11, 3.18]
[24.41, 22.57, 18.91, 11.3, 10.5, 10.02, 9.99, 9.92, 9.83]
[24.84, 24.36, 24.01, 23.98]
[24.28, 22.31, 15.49, 4.15, 2.49]
[24.63, 23.21, 19.09, 11.91, 11.07, 10.11]
[24.95, 23.76, 21.3, 12.59, 7.62, 7.14, 6.77]
[24.96, 23.53, 21.87, 17.67, 13.67, 11.27, 9.75, 9.16]
[24.61, 17.63, 5.72, 3.52, 2.28]
[24.36, 13.84, 1.87, 1.83]
[24.85, 18.72, 1.6, 0.85]
[25.0, 22.52, 17.4, 7.8, 6.68, 6.28, 4.43]
[24.58, 19.65, 5.86, 4.13, 3.88]
[24.88, 20.84, 7.74, 6.36, 6.26]
[25.16, 23.83, 22.74, 22.25, 22.02, 21.93]
[25.31, 23.51, 22.2, 20.87, 19.71, 18.46, 17.8, 16.67]
[24.35, 16.73, 2.44, 2.35]
[24.28, 21.06, 12.53, 4.2, 2.04, 1.47]
[24.79, 22.42, 13.92, 6.41, 4.01, 3.15]
[24.48, 20.48, 6.9, 2.87, 2.82, 2.68, 1.7, 1.66]
[24.78, 17.01, 2.93, 1.5]
[24.97, 24.12, 23.68, 23.0, 22.88, 22.83]
[25.0, 23.92, 23.01, 22.87, 22.85]
[24.08, 14.88, 0.68, 0.66]
[24.53, 14.59, 2.05, 2.09]
[24.57, 22.81, 16.47, 8.52, 6.06, 3.38]
[24.83, 16.75, 1.4, 1.39]
[25.78, 19.72, 8.32, 6.39, 6.35]
[23.55, 1.28, 0.88]
[24.17, 13.45, 2.99, 3.13]
[25.22, 23.79, 21.0, 14.96, 12.14, 11.9]
[24.88, 23.73, 22.35, 18.43, 14.94, 12.55, 12.19, 11.92, 11.52]
[24.86, 18.41, 4.79, 1.56]
[24.73, 23.35, 19.04, 8.97, 6.94, 6.83]
[24.67, 22.97, 17.32, 5.84, 4.86, 3.4, 3.39]
[24.47, 18.78, 6.43, 2.15, 1.91]
[25.16, 24.57, 23.7, 23.07, 22.98]
[24.32, 23.8, 23.5, 23.48]
[25.25, 23.81, 22.24, 18.82, 17.0, 16.25, 15.77]
[25.03, 24.28, 24.1, 23.73]
[24.85, 22.03, 10.0, 3.77, 2.15]
[24.7, 23.04, 19.84, 11.76, 9.3, 8.88]
[25.04, 18.29, 6.81, 5.91, 4.94]
[25.51, 24.64, 24.22, 24.01]
[24.25, 17.3, 0.83, 0.75]
[25.39, 21.08, 13.26, 10.37, 10.08]
[23.92, 17.04, 2.7, 1.76]
[25.22, 23.53, 19.42, 12.25, 9.5, 9.37]
[24.83, 16.36, 2.14, 1.38]
[24.55, 22.33, 17.71, 8.88, 4.52, 3.96]
[25.06, 23.27, 20.25, 14.77, 12.31, 11.91]
[24.9, 24.32, 24.07, 23.99, 23.98]
[24.53, 14.95, 1.59, 1.63]
[24.4, 20.32, 8.9, 3.04, 1.46]
[24.59, 13.32, 2.26, 2.34]
[25.3, 23.11, 16.99, 9.37, 7.94]
[24.93, 17.21, 0.67, 0.6]
[25.32, 24.27, 23.66, 22.91, 22.77]
[24.77, 24.0, 23.65, 23.31]
[24.76, 22.79, 17.06, 3.6, 1.41, 1.34]
[24.94, 23.53, 22.72, 22.11, 21.94, 21.81, 21.74]
[25.03, 20.36, 11.36, 7.88, 7.82]
[24.34, 22.81, 15.39, 7.52, 5.75, 5.29, 4.04, 3.83, 3.67]
[25.67, 22.29, 13.17, 8.44, 8.07]
[24.54, 19.93, 7.32, 3.59, 3.49, 3.31, 3.21]
[24.94, 22.49, 17.23, 10.51, 9.27, 8.47]
[24.96, 23.63, 22.15, 19.75, 18.7, 18.63]
[24.92, 24.34, 23.88, 23.62, 23.45]
[25.32, 19.67, 10.06, 8.01, 7.63, 5.05]
[24.84, 23.58, 21.31, 14.33, 8.54, 5.96, 3.05, 2.96]
[25.22, 24.54, 24.33]
[24.95, 24.39, 23.83, 23.78]
[25.04, 24.07, 22.58, 20.12, 18.81, 18.61]
[25.4, 19.69, 5.78, 4.62, 4.52]
[25.46, 23.59, 19.84, 13.55, 12.28, 11.95]
[24.9, 22.39, 15.31, 8.88, 7.4]
[25.26, 23.92, 23.53, 23.21, 23.13]
[24.11, 6.47, 0.46, 0.31]
[24.92, 22.44, 17.09, 11.57, 9.9, 8.84, 8.7, 8.6, 8.53]
[24.61, 20.81, 10.27, 6.63, 5.43, 5.38]
[24.7, 19.97, 6.65, 5.53, 5.18]
[24.71, 20.68, 7.92, 4.96, 4.44]
[24.36, 18.18, 7.31, 2.41]
[24.86, 24.62, 24.49, 24.45]
[25.12, 23.23, 15.76, 7.85, 5.79]
[25.23, 23.3, 18.47, 12.61, 9.92, 7.71, 7.27]
[25.3, 24.69, 24.35, 24.3, 24.26]
[25.04, 24.11, 23.27, 21.41, 19.78, 19.61, 19.61]
[25.13, 23.35, 19.34, 11.88, 7.51, 6.73, 6.5, 6.36]
[25.03, 23.06, 19.7, 14.69, 12.13, 11.41]
[24.66, 12.51, 0.58, 0.45]
[24.91, 22.75, 17.88, 8.38, 6.09, 5.8]
[24.6, 23.4, 21.8, 19.12, 17.3, 16.45, 16.34]
[24.88, 23.35, 18.15, 8.13, 7.21, 7.09]
[25.66, 21.61, 11.81, 8.01, 7.6]
[24.86, 23.79, 23.41, 23.38]
[24.63, 23.24, 20.36, 14.47, 10.13, 8.35]
[24.18, 14.61, 1.75, 1.83]
[24.19, 21.38, 13.86, 1.79, 0.87]
[24.7, 23.29, 20.05, 13.71, 11.65, 11.54]
[24.48, 7.93, 0.33, 0.27]
[25.2, 21.53, 11.26, 7.24, 7.19]
[25.24, 24.39, 24.04, 23.59, 23.57]
[25.01, 24.0, 23.25, 22.96, 22.93]
[24.99, 22.64, 10.56, 4.86, 3.95]
[24.86, 23.14, 20.72, 16.37, 14.29, 13.51, 13.5]
[25.09, 24.97, 24.54, 24.48]
[25.04, 22.79, 17.47, 9.98, 8.56]
[25.0, 21.98, 13.59, 9.18, 8.66, 8.5]
[25.33, 20.35, 4.95, 0.97]
[24.59, 19.51, 7.29, 3.47, 2.35]
[24.45, 23.59, 22.55, 13.37, 7.49, 7.04, 6.98]
[24.59, 20.76, 10.09, 4.69, 1.98]
[24.54, 23.17, 20.07, 10.73, 7.3, 7.26]
[24.63, 23.37, 20.16, 15.68, 8.69, 7.81]
[25.37, 24.09, 23.2, 22.89, 22.84]
[25.2, 19.95, 6.68, 4.49, 4.35]
[24.77, 20.69, 12.75, 9.27, 7.1, 5.26, 2.47, 2.18]
[24.84, 23.75, 22.61, 21.76, 21.55, 21.45, 20.93]
[24.18, 11.12, 0.87, 0.86]
[24.72, 20.25, 8.65, 5.91, 3.34]
[24.8, 23.67, 22.41, 21.85, 21.84, 21.79, 21.73]
[24.28, 18.18, 1.69, 0.62]
[24.34, 20.14, 7.47, 6.11, 4.86, 4.63, 4.5]
[24.78, 24.08, 23.74, 23.65, 23.65]
[25.17, 23.64, 21.27, 14.89, 12.9, 12.44]
[25.35, 24.29, 22.75, 18.23, 12.29, 10.56, 10.23, 10.19, 10.02]
[24.97, 23.65, 22.23, 20.55, 16.58, 12.64, 11.92, 11.8]
[25.13, 21.86, 13.85, 5.78, 5.49]
[25.35, 24.48, 23.03, 21.57, 20.52, 20.43]
[25.15, 22.4, 13.98, 5.77, 5.42]
[24.77, 23.17, 19.1, 11.11, 8.54, 8.13]
[25.04, 23.53, 22.0, 14.66, 9.38, 7.04, 3.84, 3.71]
[24.46, 24.05, 23.76, 23.6]
[24.44, 20.1, 6.3, 4.81, 4.52, 4.37, 3.55, 1.48, 1.44, 1.42, 1.39]
[25.38, 23.91, 18.41, 10.01, 9.38, 9.06]
[24.23, 3.94, 0.82]
[24.38, 14.0, 1.01, 0.9]
[25.03, 24.11, 23.76, 23.47, 23.4, 23.35, 23.35]
[24.79, 20.09, 6.05, 3.6, 3.06]
[24.67, 20.75, 7.07, 4.9]
[25.46, 18.17, 4.49, 2.45, 2.35]
[25.21, 24.49, 24.05, 24.05]
[24.74, 20.86, 10.33, 5.98, 5.69]
[24.59, 22.21, 14.95, 4.99, 3.3, 2.86, 1.46]
[25.29, 21.22, 11.58, 7.2, 6.95]
[25.32, 23.65, 20.79, 14.14, 9.91, 9.3]
[25.59, 23.37, 17.58, 8.31, 6.61, 6.04, 5.32, 5.09]
[25.09, 23.36, 19.67, 11.04, 8.51, 8.2, 8.06]
[25.03, 23.78, 21.57, 15.86, 10.27, 8.09, 7.89]
[24.43, 15.58, 3.45, 2.15]
[25.33, 20.0, 7.6, 4.57, 4.28]
[25.04, 21.96, 14.21, 9.86, 8.37, 8.03, 7.59, 7.08]
[24.41, 22.05, 15.83, 7.75, 6.47, 6.41]
[25.04, 18.88, 7.23, 2.71]
[24.52, 13.03, 0.99, 0.6]
[25.52, 23.98, 21.42, 16.65, 12.67, 12.23, 12.13]
[25.38, 23.75, 18.94, 13.0, 11.11, 10.08, 9.86]
[24.63, 23.02, 17.92, 9.27, 6.42, 4.82, 2.1, 2.05]
[25.51, 24.09, 22.88, 20.43, 18.84, 17.31, 16.96, 16.46]
[24.01, 19.12, 6.38, 2.93, 2.67]
[24.81, 19.41, 6.34, 5.63, 5.44, 5.4]
[25.2, 19.88, 7.3, 5.95]
[24.92, 22.65, 15.34, 8.04, 6.7]
[24.86, 21.99, 17.09, 12.91, 12.2]
[24.78, 9.65, 0.37, 0.27]
[25.35, 23.45, 20.37, 16.55, 13.72, 13.29, 13.17]
[25.19, 23.81, 21.42, 18.4, 17.02, 16.42, 16.27]
[25.25, 23.59, 21.75, 17.82, 13.19, 11.01, 10.95]
[25.1, 24.22, 23.31, 22.83, 22.61]
[25.0, 20.9, 10.78, 6.14, 4.93, 4.71]
[24.68, 20.58, 10.98, 5.01, 3.07]
[25.02, 17.32, 4.17, 3.68]
[24.78, 22.36, 14.99, 6.91, 5.77]
[25.05, 22.94, 13.79, 9.66, 9.09, 8.95]
[25.02, 24.43, 23.94, 23.36, 23.08]
[24.11, 1.56, 0.99]
[24.61, 23.41, 22.87, 22.62, 22.48]
[25.28, 24.69, 24.38, 24.18]
[24.66, 23.35, 21.77, 18.81, 17.11, 16.67, 16.6]
[24.43, 18.57, 2.74, 1.69]
[24.91, 23.83, 23.02, 22.29, 22.19, 22.14]
[25.38, 19.0, 8.27, 4.31]
[23.82, 6.43, 0.51, 0.27]
[25.17, 12.38, 0.44, 0.4]
[24.87, 23.03, 19.47, 13.54, 12.79]
[25.1, 22.98, 21.16, 18.82, 18.13, 17.95]
[24.31, 19.05, 1.43, 0.98]
[25.02, 23.88, 22.39, 16.6, 9.53, 7.13]
[24.63, 21.26, 7.67, 3.83, 3.78]
[25.09, 23.43, 21.91, 20.64, 20.11, 20.0, 20.0]
[24.64, 20.56, 12.38, 8.97, 8.55]
[25.09, 24.69, 24.4, 24.42]
[24.59, 23.83, 23.21, 22.24, 21.91, 21.91]
[25.24, 24.5, 24.05, 23.79, 23.79]
[24.49, 20.04, 11.66, 8.52, 8.41]
[24.86, 24.05, 23.6, 23.34]
[24.8, 22.14, 12.99, 9.92, 9.27, 9.12]
[24.88, 11.29, 1.11, 1.07]
[24.37, 11.96, 0.83, 0.72]
[25.01, 23.58, 19.5, 12.75, 10.86, 10.76]
[24.32, 21.08, 11.09, 7.07, 6.67]
[24.7, 23.39, 20.9, 16.76, 13.01, 11.37]
[24.77, 19.42, 9.91, 6.02, 5.46, 4.67, 3.12, 2.64]
[25.0, 23.05, 19.2, 10.27, 6.73, 6.3]
[24.79, 22.56, 19.03, 11.29, 9.09, 9.01]
[24.65, 18.08, 1.35, 1.05]
[24.88, 22.76, 18.07, 9.71, 8.25, 8.2, 8.16]
[25.49, 22.3, 15.47, 6.94, 6.17]
[24.63, 23.63, 23.03, 22.21, 21.87, 21.82, 21.77]
[24.83, 21.51, 10.44, 8.61, 8.43]
[25.1, 22.05, 13.45, 8.55, 7.3]
[24.8, 17.19, 2.89, 2.26]
[24.85, 23.55, 22.88, 22.25, 21.78]
[25.25, 23.69, 21.2, 14.78, 12.58, 12.2]
[24.83, 23.98, 23.34, 23.3]
[24.56, 23.84, 22.72, 22.11, 22.05, 22.0, 21.66]
[24.68, 22.91, 20.54, 15.89, 11.43, 9.84, 9.05, 8.74]
[24.2, 8.53, 0.86, 0.77]
[24.93, 24.04, 21.94, 15.26, 9.86, 9.01, 8.92]
[24.51, 22.64, 18.3, 10.34, 7.04, 6.71, 5.99]
[24.83, 15.49, 1.61, 0.82]
[25.03, 22.04, 16.59, 10.53, 8.77, 7.3, 7.14, 6.76]
[24.29, 21.22, 8.15, 2.25, 1.67]
[24.13, 15.81, 1.01, 1.01]
[24.45, 23.82, 22.81, 22.43, 21.61, 21.38, 21.37]
[25.14, 24.45, 24.24, 24.2]
[24.67, 18.04, 4.43, 2.26]
[25.14, 23.77, 22.82, 17.6, 12.19, 8.78, 8.37, 8.26, 8.18]
[24.85, 22.27, 13.76, 7.49, 7.1, 5.15]
[24.91, 11.01, 0.63, 0.61]
[25.58, 24.43, 22.76, 17.59, 14.97, 13.59, 13.43]
[24.57, 23.13, 18.27, 12.3, 10.49, 10.0]
[24.43, 13.76, 2.21, 2.25]
[25.32, 24.87, 24.59, 24.39, 24.38, 24.37, 24.36]
[24.91, 18.63, 3.97, 2.29, 1.17]
[25.36, 23.62, 21.63, 17.57, 13.51, 12.67, 12.46]
[24.78, 19.68, 6.43, 4.18, 3.91]
[24.6, 22.84, 16.9, 6.57, 5.05, 2.83, 2.71]
[24.84, 21.96, 15.61, 8.5, 6.57, 6.35, 3.96, 3.72]
[25.21, 24.1, 23.05, 16.77, 11.75, 11.52, 11.01, 9.93]
[24.82, 23.22, 18.39, 8.26, 6.86, 6.79]
[25.13, 24.4, 22.06, 10.94, 9.81, 9.21]
[25.17, 19.77, 10.79, 7.78, 7.66]
[24.47, 14.32, 1.01, 1.0]
[25.39, 19.98, 9.1, 2.59, 2.35]
[24.82, 14.04, 0.41, 0.35]
[24.27, 22.03, 14.42, 9.5, 8.63, 8.02]
[24.37, 11.12, 1.01, 0.77]
[24.98, 20.4, 11.05, 6.31, 5.83, 5.78]
[25.23, 23.87, 20.12, 14.51, 11.18, 10.55, 10.35]
[24.77, 17.48, 4.44, 2.64]
[24.14, 13.23, 0.74, 0.72]
[24.78, 22.29, 15.58, 9.09, 8.64]
[25.05, 24.24, 23.86, 23.81]
[25.3, 24.36, 23.44, 22.92, 22.89]
[24.71, 20.79, 6.29, 4.69, 4.02]
[24.7, 16.69, 1.71, 1.09]
[24.6, 19.9, 8.18, 2.21, 1.35]
[25.01, 23.56, 21.76, 15.83, 12.02, 11.64, 11.6]
[24.79, 16.56, 0.37, 0.36]
[25.48, 24.44, 24.08, 23.75, 23.71]
[24.67, 23.29, 20.3, 11.18, 9.93, 9.0]
[24.81, 23.74, 22.9, 22.12, 21.96, 21.95]
[25.06, 23.84, 22.57, 22.01, 21.83, 21.68]
[24.68, 23.35, 22.01, 20.17, 18.89, 18.09, 18.08]
[24.84, 19.07, 7.32, 5.21, 4.62, 2.99, 2.65]
[25.14, 24.02, 22.17, 20.54, 19.57, 19.07, 19.06]
[25.28, 22.66, 18.56, 12.59, 9.62, 7.65, 6.27]
[24.91, 16.82, 1.17, 1.1]
[24.68, 22.65, 16.46, 8.06, 7.14, 6.81]
[25.11, 23.45, 21.19, 17.83, 15.17, 14.24, 14.12, 14.08]
[24.86, 24.38, 23.91, 23.72]
[25.55, 24.92, 24.1, 23.58, 23.41]
[24.73, 21.94, 13.02, 8.21, 7.5, 6.74, 5.14, 2.66]
[24.65, 23.72, 22.78, 22.44, 22.42]
[24.77, 22.87, 17.94, 12.76, 9.46, 9.2, 8.6]
[24.92, 21.29, 11.55, 8.6, 8.38]
[25.46, 23.64, 17.25, 11.47, 9.3, 9.2]
[24.86, 21.94, 14.68, 10.09, 9.65, 9.61]
[24.74, 21.83, 11.97, 6.34, 6.18]
[25.69, 21.71, 12.84, 8.24, 5.85, 4.68]
[25.09, 22.64, 20.39, 16.03, 13.25, 12.22, 12.13, 12.11, 12.04]
[25.3, 24.09, 21.23, 9.07, 6.73]
[25.01, 24.08, 22.98, 19.89, 16.1, 14.61, 14.3]
[25.05, 23.85, 20.53, 9.99, 6.52, 5.54]
[25.08, 23.84, 22.56, 21.66, 21.44, 21.39, 21.22]
[25.01, 24.31, 22.32, 16.33, 10.38, 9.48]
[24.82, 18.88, 6.14, 3.42]
[25.08, 24.56, 23.96, 23.31, 23.14, 23.16]
[24.69, 20.69, 12.26, 5.86, 5.07, 4.86]
[25.25, 24.14, 22.96, 21.39, 20.02, 19.01, 18.84]
[25.39, 24.38, 23.65, 23.21, 23.22]
[25.01, 23.47, 22.55, 20.3, 19.16, 18.83, 18.73, 18.71]
[24.11, 17.82, 2.34, 1.17]
[24.65, 23.1, 18.15, 8.55, 7.38, 7.13, 7.07]
[24.94, 23.57, 21.58, 17.26, 14.86, 13.74, 13.69, 13.68]
[25.04, 23.76, 22.51, 21.02, 20.03, 19.88]
[24.96, 19.92, 8.87, 7.62, 6.95]
[24.98, 23.28, 17.76, 8.89, 8.54]
[25.04, 23.63, 21.12, 12.02, 9.59, 9.08, 8.32, 8.26]
[25.44, 23.89, 20.58, 11.9, 9.39, 8.98]
[24.75, 22.73, 16.19, 8.25, 5.83, 4.86]
[25.05, 23.42, 21.89, 18.74, 16.32, 15.85]
[25.36, 23.08, 15.78, 11.17, 10.38, 10.32]
[24.73, 23.02, 16.36, 9.6, 8.0, 4.64, 1.11]
[25.34, 23.54, 19.76, 11.33, 7.74, 5.93, 2.56, 2.51]
[24.36, 18.75, 2.44, 1.51]
[25.05, 24.35, 24.04, 23.87]
[24.51, 22.95, 22.03, 21.71, 21.6, 21.58, 21.54]
[24.99, 22.97, 16.83, 7.71, 6.03, 4.69, 4.56]
[25.21, 23.75, 21.17, 16.04, 12.1, 10.37, 10.05, 9.91]
[24.69, 24.45, 24.18, 24.07]
[24.71, 22.97, 21.53, 19.39, 18.31, 18.25]
[24.73, 22.04, 15.59, 7.28, 4.45, 2.76]
[24.75, 22.6, 18.75, 9.27, 5.56, 5.28]
[25.35, 21.71, 16.14, 10.18, 8.45, 8.42]
[24.72, 23.03, 19.25, 10.63, 7.07, 6.76]
[24.83, 23.45, 21.63, 17.1, 13.21, 12.51, 12.43]
[24.96, 23.32, 19.5, 14.6, 12.66, 12.36]
[24.91, 24.17, 23.79, 23.62]
[25.03, 21.85, 13.76, 8.06, 7.02]
[25.37, 24.55, 23.91, 23.56, 23.45]
[24.79, 20.99, 8.93, 3.1, 3.12]
[25.0, 20.18, 8.9, 5.71]
[24.54, 20.06, 5.69, 3.04, 1.94]
[24.91, 24.3, 24.15, 24.09]
[24.78, 23.56, 22.08, 20.52, 16.47, 15.67, 15.64]
[24.79, 16.88, 1.69, 1.64, 1.38]
[25.22, 24.03, 22.93, 19.89, 16.42, 13.57, 13.28, 13.22]
[24.8, 14.88, 1.53, 1.39]
[24.74, 22.88, 14.97, 6.92, 3.93]
[25.44, 24.67, 24.32, 24.15, 24.14, 24.12]
[24.91, 23.75, 23.3, 22.67, 22.47]
[25.26, 14.78, 1.77, 1.38]
[25.4, 24.45, 23.54, 23.07, 22.81]
[24.5, 17.44, 4.04, 3.24, 2.9, 1.89]
[25.14, 23.86, 20.47, 12.92, 10.96]
[24.55, 21.02, 10.92, 6.08, 4.41, 4.31]
[25.44, 22.74, 14.12, 9.21, 7.7, 6.84, 6.79]
[25.03, 23.42, 21.1, 17.22, 15.27, 14.32, 14.28]
[25.02, 24.21, 23.4, 23.34]
[25.19, 24.4, 24.15, 23.97, 23.92]
[24.42, 15.14, 5.27, 4.23, 4.13, 3.87]
[25.06, 24.07, 23.37, 23.05, 22.96]
[24.36, 22.1, 12.2, 5.45, 4.9]
[24.85, 23.39, 22.65, 21.46, 19.72, 19.38, 19.32]
[24.87, 23.81, 23.23, 23.14]
[25.29, 24.12, 23.45, 23.26, 23.14]
[24.7, 20.92, 8.99, 4.04, 2.4, 2.35]
[25.07, 22.76, 19.12, 14.47, 11.58, 11.36, 11.28]
[24.52, 18.98, 6.83, 4.4, 4.26, 4.22]
[24.45, 20.43, 8.77, 4.26, 2.45, 2.37]
[25.06, 22.88, 17.45, 9.45, 7.43, 7.06]
[24.82, 22.93, 13.5, 1.82, 1.82]
[24.81, 20.66, 11.2, 6.2, 5.08, 5.03]
[24.55, 22.53, 18.47, 10.92, 9.41, 9.28]
[25.22, 24.09, 23.41, 21.96, 21.0, 20.89]
[25.35, 24.83, 24.49, 24.47]
[25.15, 23.56, 20.64, 13.29, 6.08, 2.8, 1.97]
[25.35, 24.54, 24.41, 24.41]
[24.94, 19.88, 6.79, 4.23, 3.95]
[24.73, 22.33, 14.75, 8.49, 7.64]
[25.12, 23.89, 22.6, 20.48, 18.34, 17.7, 17.45, 17.42, 17.4]
[24.91, 13.54, 1.34, 1.36]
[24.38, 8.68, 0.98, 0.92]
[24.94, 21.46, 11.13, 5.92, 4.99]
[24.78, 23.29, 21.33, 13.86, 9.25, 7.57, 4.0, 1.9, 1.76]
[24.88, 21.72, 14.32, 10.91, 10.19, 9.57]
[25.42, 24.67, 24.13, 23.99, 23.99]
[25.51, 23.24, 16.99, 8.65, 7.01, 6.92]
[24.78, 23.69, 20.97, 14.38, 9.4, 8.57]
[24.96, 23.27, 19.65, 11.26, 9.51, 8.53]
[24.2, 19.6, 6.83, 4.33, 3.91]
[24.69, 23.0, 16.75, 9.47, 7.41, 6.32]
[24.41, 20.41, 6.14, 3.22, 2.24, 1.75]
[25.05, 23.57, 20.54, 11.74, 8.92, 8.5]
[25.02, 23.05, 21.56, 19.04, 15.68, 13.86, 13.61, 13.59]
[25.08, 24.31, 24.37, 24.12, 24.07]
[25.28, 23.79, 21.68, 17.95, 15.77, 15.42, 15.32]
[25.4, 24.28, 23.24, 23.11, 22.92]
[25.19, 23.81, 23.02, 21.39, 20.25, 20.04]
[24.69, 22.14, 11.44, 5.67, 5.43]
[24.38, 11.65, 0.35, 0.32]
[24.93, 22.54, 15.57, 8.86, 6.95, 4.63]
[25.33, 23.86, 22.99, 22.38, 22.21]
[24.42, 13.26, 3.14, 2.63]
[25.26, 24.23, 23.18, 22.98, 22.79]
[24.76, 24.16, 23.54, 23.18, 23.05]
[24.63, 20.18, 6.98, 1.69]
[25.42, 23.05, 20.81, 17.95, 14.45, 12.33]
[24.97, 22.46, 13.43, 3.89, 3.36, 3.0, 2.6, 1.25]
[25.61, 24.01, 22.04, 16.24, 12.61, 10.81, 10.01, 9.59, 9.24, 5.68, 5.22]
[25.07, 23.93, 21.25, 13.76, 9.35, 6.74, 6.21, 4.85, 4.8]
[25.06, 22.67, 15.51, 6.11, 4.41, 2.42]
[25.0, 23.72, 21.69, 12.35, 7.16, 5.57, 5.49]
[25.01, 22.66, 14.96, 7.44, 6.44, 6.38]
[24.42, 11.12, 1.57, 1.6]
[25.18, 22.35, 12.0, 4.55, 4.2]
[25.45, 24.48, 23.34, 22.33, 22.3]
[24.87, 22.28, 14.89, 5.59, 3.3]
[24.72, 22.78, 18.23, 7.45, 6.55, 6.23]
[24.79, 23.36, 22.34, 19.31, 14.88, 12.64, 11.95]
[25.28, 21.84, 12.73, 7.97, 7.71]
[25.23, 21.02, 9.77, 7.29, 6.55, 5.79]
[24.98, 22.99, 19.84, 6.13, 4.41]
[24.9, 11.21, 0.5, 0.43]
[24.63, 23.92, 23.64, 23.46, 23.43]
[25.08, 23.52, 22.46, 17.66, 11.14, 7.5, 7.43]
[25.29, 19.94, 10.52, 5.95, 5.69]
[24.44, 22.89, 19.93, 12.27, 8.07, 6.78, 5.73, 4.52, 2.53, 2.15]
[25.79, 25.07, 24.54, 24.51]
[24.26, 22.53, 19.38, 9.24, 5.31, 3.26]
[24.79, 23.18, 20.86, 14.41, 10.34, 9.88, 9.8]
[25.15, 24.55, 24.37, 24.36, 24.34]
[25.12, 22.95, 18.9, 12.29, 10.81, 9.85, 8.85, 7.1, 5.25, 5.13, 4.84]
[24.58, 22.32, 9.8, 5.0, 4.21]
[25.03, 23.2, 17.68, 7.25, 6.08, 5.99, 5.92]
[25.23, 24.37, 23.29, 22.98, 22.76, 22.75]
[25.14, 23.4, 19.71, 14.1, 10.67, 10.31, 9.77]
[25.18, 23.59, 22.63, 20.97, 20.46, 20.3]
[24.7, 19.91, 6.66, 3.79, 3.5]
[24.4, 16.56, 2.18, 1.55]
[25.38, 22.48, 16.71, 8.6, 5.92, 5.73]
[25.19, 21.81, 10.98, 5.44, 5.02]
[25.0, 17.42, 3.97, 1.8]
[24.55, 22.39, 15.79, 2.4, 2.14]
[23.38, 9.43, 0.48, 0.4]
[24.56, 22.81, 16.12, 5.8, 5.66, 5.23]
[25.1, 15.24, 0.78, 0.73]
[25.3, 23.34, 20.34, 14.56, 12.95, 12.15, 11.73, 11.68]
[24.37, 20.4, 6.3, 1.41]
[25.21, 24.24, 22.95, 15.71, 9.04, 7.51, 7.32, 6.96, 6.59, 6.0]
[25.5, 23.7, 19.4, 11.62, 9.46, 8.88]
[25.32, 24.29, 23.41, 21.53, 20.8, 20.58, 20.55]
[25.13, 23.42, 19.11, 8.41, 5.97, 5.8]
[24.99, 17.23, 1.77, 1.49]
[24.6, 21.98, 13.85, 8.66, 7.83, 7.77]
[24.61, 12.81, 1.09, 0.92]
[24.38, 8.1, 0.47, 0.44]
[24.54, 22.45, 16.45, 10.42, 9.66, 9.5]
[23.99, 17.24, 1.01, 0.99]
[25.25, 24.46, 24.31, 24.27]
[24.83, 20.25, 7.93, 5.93, 5.46, 4.07, 3.95]
[25.3, 23.85, 21.68, 18.26, 15.4, 14.67, 14.64]
[24.98, 8.4, 0.71, 0.63]
[24.89, 22.33, 14.28, 7.61, 3.44, 2.98, 2.04]
[24.91, 23.76, 22.75, 20.41, 17.27, 14.0, 10.79, 7.1, 6.67]
[24.61, 22.48, 18.56, 9.55, 7.74, 7.7]
[25.53, 24.08, 22.5, 20.6, 19.45, 18.94, 18.88]
[24.58, 14.5, 1.2, 1.05]
[24.95, 24.55, 24.37, 24.34, 24.23]
[25.3, 23.83, 22.47, 18.87, 13.85, 12.25]
[25.04, 24.33, 23.69, 23.44]
[24.82, 22.1, 16.54, 10.62, 9.87, 9.78]
[24.14, 12.25, 0.75, 0.59]
[24.97, 24.21, 23.92, 23.85]
[24.21, 21.55, 12.27, 4.12, 2.69, 2.55, 1.97]
[25.02, 18.4, 4.74, 3.67]
[24.76, 24.17, 23.81, 23.66, 23.66]
[25.28, 23.6, 22.8, 22.15, 21.9, 21.91]
[25.21, 23.67, 22.47, 18.87, 14.25, 11.15, 8.92, 8.86]
[25.08, 23.65, 22.4, 17.31, 12.14, 9.52, 8.66, 8.18]
[24.85, 23.74, 22.84, 22.39, 22.27, 22.25]
[24.86, 24.06, 23.78, 23.64, 23.65]
[25.35, 23.23, 18.83, 12.32, 10.44, 10.3]
[24.92, 18.01, 4.5, 2.71, 2.63]
[24.78, 23.05, 20.98, 16.66, 13.72, 10.83, 9.17, 7.39, 3.18, 2.99]
[24.75, 11.81, 0.71, 0.68]
[25.08, 22.88, 19.03, 12.43, 11.41, 11.32]
[24.82, 22.37, 14.66, 7.37, 5.72, 2.38, 2.18, 1.93]
[25.19, 23.65, 21.21, 14.54, 10.23, 8.07, 7.94]
[24.67, 15.17, 1.08, 1.04]
[25.11, 24.25, 23.7, 23.58]
[25.02, 24.11, 23.85, 23.75, 23.7]
[24.53, 20.94, 8.17, 2.71, 2.07]
[24.79, 21.15, 13.51, 9.25, 8.23, 8.19]
[25.44, 23.2, 20.59, 14.19, 9.98, 9.1, 8.59]
[24.39, 23.6, 22.55, 15.39, 6.24, 1.83]
[24.9, 23.14, 18.99, 9.98, 7.78, 6.72]
[24.85, 23.84, 23.05, 21.52, 20.68, 20.48]
[24.45, 20.84, 11.9, 8.13, 7.71]
[25.51, 23.94, 20.46, 14.91, 13.63]
[24.27, 16.43, 0.61, 0.6]
[24.96, 21.32, 11.16, 7.57, 5.96, 3.29]
[25.22, 20.22, 6.32, 5.29, 5.11]
[24.75, 21.0, 11.47, 7.85, 5.21, 4.33]
[25.15, 23.08, 18.99, 12.2, 10.41]
[24.28, 18.54, 4.97, 3.4]
[25.01, 23.93, 18.89, 6.8, 4.61, 4.2]
[25.41, 24.67, 24.38, 24.04]
[24.57, 23.23, 19.51, 8.56, 6.46, 5.7, 5.56, 5.37, 5.26, 4.7]
[24.44, 22.77, 18.66, 8.65, 6.58, 6.24]
[24.7, 17.42, 5.91, 4.15]
[24.97, 23.9, 22.76, 20.85, 17.4, 15.45, 15.07]
[25.32, 19.78, 8.59, 5.2, 4.67, 4.51]
[24.97, 22.48, 17.15, 10.58, 10.44, 10.39, 10.34]
[24.98, 20.98, 10.45, 7.19, 6.92]
[24.74, 23.19, 19.1, 13.33, 12.06, 12.0]
[24.62, 22.2, 13.95, 6.7, 5.04, 2.02]
[23.92, 13.12, 0.54, 0.51]
[24.06, 19.5, 7.04, 4.75, 2.34, 2.27]
[24.85, 23.47, 20.68, 16.9, 14.36, 13.49, 13.2]
[24.96, 23.36, 21.84, 15.78, 12.36, 11.58]
[24.58, 14.69, 0.73, 0.43]
[25.06, 23.49, 18.86, 12.33, 10.92, 10.53]
[25.05, 23.24, 17.34, 5.17, 4.44, 4.33]
[24.75, 23.86, 23.12, 22.49, 21.61, 21.22]
[25.16, 24.56, 24.11, 24.06, 24.03]
[24.56, 20.19, 7.33, 4.49]
[24.96, 22.64, 16.56, 8.53, 5.18]
[25.31, 24.33, 24.03, 23.8]
[25.07, 23.59, 20.82, 13.28, 8.51, 6.66, 5.38, 3.34, 3.26, 3.07]
[25.2, 24.63, 23.67, 23.44, 23.38]
[24.44, 23.2, 19.82, 10.08, 8.14, 7.93]
[24.71, 24.21, 23.83]
[24.96, 24.2, 23.2, 20.25, 14.47, 11.13, 9.84]
[25.24, 24.77, 24.58, 24.52]
[24.11, 15.37, 0.54, 0.5]
[25.01, 23.29, 21.19, 15.07, 11.57, 11.21, 11.07]
[24.83, 15.63, 3.62, 1.86, 1.51]
[24.8, 22.93, 17.59, 10.84, 6.22, 1.62, 1.58]
[24.41, 23.19, 21.64, 16.94, 10.29, 5.59, 4.79, 4.1]
[25.36, 23.46, 21.96, 20.7, 19.45, 18.9, 18.66]
[24.95, 23.76, 21.09, 11.25, 5.95, 5.1, 4.96, 4.6]
[25.77, 23.83, 21.34, 16.72, 14.28, 13.99]
[24.49, 22.5, 16.75, 6.43, 4.47, 3.43]
[24.22, 21.88, 16.7, 5.16, 3.33, 2.23]
[25.12, 23.13, 18.64, 11.92, 9.59, 8.99]
[25.09, 21.98, 12.3, 9.35, 8.32]
[24.23, 14.03, 0.41, 0.37]
[24.58, 23.39, 19.97, 8.51, 6.26, 6.07]
[24.83, 23.63, 22.69, 22.07, 22.04]
[24.73, 21.5, 8.54, 5.37, 3.38]
[25.09, 22.88, 19.8, 13.05, 9.5, 9.0]
[25.02, 21.89, 13.7, 7.19, 5.84]
[25.49, 23.11, 18.37, 9.27, 5.11]
[24.36, 17.23, 1.21, 1.18]
[25.03, 22.69, 15.12, 8.14, 6.64, 6.57]
[24.79, 21.26, 9.71, 8.75]
[24.69, 15.83, 0.89, 0.77]
[24.68, 23.05, 17.39, 11.17, 9.4, 7.42, 6.51]
[24.75, 20.68, 10.08, 4.17, 2.21]
[25.27, 22.15, 13.37, 8.04, 7.35, 7.28]
[24.73, 18.02, 4.07, 2.9]
[25.13, 24.22, 24.02, 23.85]
[24.03, 14.21, 0.65, 0.51]
[24.48, 22.31, 18.18, 12.84, 10.49, 10.03, 9.9]
[24.17, 18.6, 3.65, 2.64, 1.4, 1.37]
[24.86, 24.18, 22.28, 15.9, 9.3, 9.03, 8.98]
[24.91, 22.38, 16.67, 8.55, 6.65, 5.82, 2.8, 2.5]
[24.53, 21.39, 12.31, 3.66, 3.57]
[24.62, 15.06, 0.89, 0.61]
[24.82, 22.15, 13.72, 6.11, 3.9]
[24.63, 22.7, 17.38, 8.5, 7.03, 6.28]
[25.01, 22.92, 19.46, 13.97, 12.34, 12.25]
[24.62, 23.05, 19.71, 9.75, 7.39, 7.33]
[24.88, 22.78, 19.28, 8.82, 4.42, 2.45, 1.74, 1.68, 1.57]
[25.27, 24.27, 22.04, 20.06, 18.85, 18.69]
[25.13, 24.43, 23.9, 23.82]
[25.25, 23.76, 21.76, 15.74, 12.07, 10.35, 9.44, 8.76, 6.65, 2.89]
[24.49, 19.47, 3.4, 2.12, 2.05]
[25.05, 24.24, 23.83, 23.77, 23.76]
[24.96, 21.77, 14.15, 7.58, 5.74, 5.33, 2.94, 1.97]
[25.01, 18.66, 4.74, 4.07]
[25.84, 24.6, 23.5, 23.21, 23.17, 23.17]
[25.24, 22.59, 15.53, 11.17, 10.78]
[24.47, 4.7, 0.62, 0.44]
[25.43, 23.49, 18.58, 11.03, 8.48, 8.34, 8.16]
[25.41, 22.48, 14.06, 7.68, 6.92, 6.78]
[25.77, 23.8, 20.83, 15.66, 12.99, 12.9]
[24.86, 24.17, 23.18, 21.93, 21.14, 21.12]
[24.18, 16.17, 1.24, 1.21]
[25.08, 22.9, 17.86, 7.78, 5.29]
[24.59, 19.92, 6.22, 3.43]
[24.51, 22.58, 17.14, 10.17, 8.46, 8.35]
[24.75, 19.05, 4.77, 3.82, 3.65, 2.89]
[25.12, 21.39, 10.26, 7.94]
[24.69, 23.45, 17.02, 8.95, 6.92, 4.38, 1.67]
[24.77, 23.19, 21.1, 12.78, 6.7, 6.13]
[24.6, 15.45, 1.19, 0.99]
[24.91, 21.25, 8.13, 3.0, 1.67, 1.47]
[25.19, 23.63, 20.44, 14.21, 12.54, 11.99, 11.9]
[24.91, 21.93, 12.05, 6.95, 5.01]
[23.85, 7.38, 0.73, 0.63]
[24.75, 16.21, 3.36, 3.2]
