[35.14, 35.14, 35.01]
[34.92, 34.93, 34.8]
[35.25, 35.19, 35.15]
[34.93, 34.8, 34.74, 34.68]
[35.11, 34.97, 34.77]
[35.14, 35.08, 35.0, 34.97]
[34.95, 34.99, 34.94]
[34.79, 34.61, 34.44, 34.38]
[34.88, 34.89, 34.71]
[34.91, 34.8, 34.75]
[34.72, 34.64, 34.4, 34.4]
[35.18, 35.1, 34.75, 34.75]
[35.04, 35.0, 34.7]
[34.76, 34.74, 34.67]
[34.91, 34.83, 34.78]
[35.0, 35.02, 34.92]
[35.14, 34.97, 34.91]
[35.04, 34.93, 34.87]
[34.48, 34.44, 34.16]
[34.71, 34.7, 34.7, 34.64]
[34.88, 34.9, 34.87]
[34.99, 34.96]
[35.01, 34.9, 34.71, 34.67]
[34.83, 34.81, 34.71]
[34.77, 34.57, 34.37, 34.31]
[34.99, 34.84, 34.84]
[34.77, 34.71, 34.64, 34.59]
[35.08, 35.05, 34.99]
[34.93, 34.86, 34.8]
[34.7, 34.54, 34.5]
[34.81, 34.75]
[35.12, 35.02, 34.81, 34.64]
[34.91, 34.85, 34.64]
[34.87, 34.73, 34.66]
[35.14, 35.08, 34.92]
[34.76, 34.75, 34.65]
[34.87, 34.68, 34.47]
[34.8, 34.82, 34.76]
[34.88, 34.39, 33.81, 33.59, 33.51]
[34.88, 34.65, 34.41, 34.3]
[34.7, 34.29, 34.13, 34.08]
[34.68, 34.56, 34.02, 34.01, 33.89]
[34.9, 34.87, 34.81]
[35.01, 35.01, 34.91, 34.86]
[34.71, 34.65, 34.54, 34.49]
[35.11, 35.06, 34.93]
[34.68, 34.64, 34.57]
[34.83, 34.74, 34.63]
[34.84, 34.8, 34.66, 34.6]
[34.89, 34.92, 34.86]
[34.86, 34.81, 34.62]
[35.06, 35.06, 35.05, 34.99]
[34.76, 34.77, 34.66]
[34.73, 34.5, 34.27, 34.21]
[34.8, 34.68, 34.63]
[34.79, 34.73, 34.61]
[34.84, 34.87, 34.81]
[34.54, 34.59, 34.52]
[35.1, 35.12]
[34.73, 34.71, 34.64]
[35.0, 35.0, 34.89]
[34.67, 34.55, 34.47]
[34.91, 34.83, 34.7]
[34.53, 34.37, 34.11, 34.06]
[34.98, 34.95, 34.88]
[35.03, 35.05]
[34.71, 34.57, 34.32, 34.26]
[34.67, 34.65, 34.5]
[34.93, 34.72, 34.5, 34.5]
[34.99, 34.98, 34.82]
[35.06, 35.08]
[34.68, 34.57, 34.53]
[34.8, 34.67, 34.6, 34.55]
[34.99, 34.89, 34.78, 34.68]
[34.72, 34.6, 34.47]
[35.03, 34.88, 34.82]
[35.0, 34.86, 34.61, 34.56]
[34.35, 34.23, 33.97, 33.86]
[34.71, 34.73]
[34.8, 34.76, 34.65]
[34.75, 34.38, 33.96, 33.95]
[34.92, 34.56, 34.21]
[34.72, 34.63, 34.31]
[34.76, 34.69, 34.69]
[34.58, 34.54, 34.46, 34.42]
[34.64, 34.25, 33.89, 33.91]
[34.99, 34.98, 34.87]
[34.71, 34.6, 34.43, 34.38]
[34.78, 34.71, 34.65]
[34.86, 34.9, 34.77]
[34.84, 34.73, 34.68]
[35.0, 35.03]
[35.22, 35.19, 35.0]
[34.91, 34.88, 34.75]
[34.77, 34.72, 34.6, 34.54]
[34.66, 34.64, 34.59]
[35.08, 35.11]
[35.09, 35.08, 34.95]
[34.84, 34.85, 34.78, 34.73]
[34.92, 34.85, 34.85]
[34.77, 34.48, 34.23, 34.23]
[34.74, 34.59, 34.49]
[34.9, 34.84, 34.85]
[34.75, 34.58, 34.44, 34.41]
[34.82, 34.71, 34.44]
[34.93, 34.95, 34.94, 34.89]
[34.93, 34.8, 34.64]
[35.01, 34.99, 34.94]
[34.86, 34.78, 34.65, 34.54]
[34.94, 34.86, 34.79]
[34.76, 34.48, 34.19, 34.14, 34.07]
[35.04, 35.0, 34.86, 34.81]
[34.73, 34.55, 34.25, 34.14]
[35.12, 35.12]
[35.13, 35.17, 35.16]
[34.83, 34.65, 34.56]
[34.86, 34.77, 34.78]
[34.98, 34.97, 34.87]
[34.94, 34.9, 34.84]
[34.79, 34.77, 34.69, 34.64]
[34.8, 34.72, 34.66, 34.66, 34.61]
[34.94, 34.71, 34.6]
[35.13, 35.11, 34.99]
[34.9, 34.9, 34.83]
[34.79, 34.81, 34.76]
[34.68, 34.42, 34.03, 33.74]
[34.98, 34.79, 34.57]
[35.18, 35.06, 34.92, 34.87]
[35.03, 34.99, 34.88]
[34.82, 34.76, 34.62, 34.57]
[34.64, 34.7, 34.62, 34.58]
[34.97, 34.89]
[34.94, 34.8, 34.64]
[34.87, 34.75, 34.62]
[34.88, 34.88, 34.72]
[34.59, 34.43, 34.38]
[35.29, 35.22, 35.09, 35.03]
[35.01, 34.91, 34.9, 34.9]
[34.65, 34.59]
[34.95, 34.92, 34.73, 34.73]
[34.94, 34.88, 34.87]
[34.74, 34.65, 34.36, 34.25]
[34.99, 34.85, 34.69]
[35.02, 34.66, 34.26, 34.21]
[34.88, 34.86, 34.85, 34.8]
[35.25, 35.24, 35.1, 35.04]
[34.86, 34.86, 34.82]
[34.51, 34.38]
[34.81, 34.83]
[34.81, 34.65, 34.44, 34.44]
[35.03, 34.98, 34.99]
[35.22, 35.25]
[34.77, 34.77, 34.73]
[34.75, 34.58, 34.4]
[34.77, 34.67, 34.56]
[34.87, 34.55, 34.31, 34.22, 34.18]
[34.57, 34.43, 34.42, 34.42]
[34.81, 34.81, 34.71]
[35.14, 34.89, 34.71, 34.61]
[34.86, 34.89, 34.84, 34.81]
[34.89, 34.89, 34.83]
[34.85, 34.83, 34.7, 34.65]
[34.98, 34.5, 34.11, 33.92, 33.88]
[34.96, 34.87, 34.81]
[34.92, 34.86, 34.78, 34.73]
[34.75, 34.75, 34.69]
[34.8, 34.69, 34.56, 34.51]
[34.98, 34.98, 34.93]
[34.57, 34.37, 34.22, 34.13]
[34.62, 34.48, 34.17, 34.08, 34.02]
[34.87, 34.78, 34.67]
[34.84, 34.76]
[34.7, 34.65]
[34.87, 34.86, 34.8]
[34.7, 34.67, 34.51]
[34.89, 34.81, 34.75]
[34.67, 34.43, 33.85, 33.86]
[34.94, 34.97]
[35.06, 34.84, 34.57, 34.52]
[34.85, 34.72, 34.72]
[35.05, 34.98, 34.98]
[34.89, 34.74, 34.7]
[34.67, 34.56, 34.45]
[34.73, 34.57, 34.52]
[34.72, 34.64, 34.46]
[34.89, 34.91, 34.85]
[35.1, 35.01, 34.92]
[34.98, 34.88, 34.62]
[35.19, 35.09, 34.95]
[34.91, 34.89, 34.78]
[34.86, 34.83, 34.68]
[34.94, 34.83, 34.71]
[34.65, 34.46, 34.35]
[34.72, 34.62, 34.53]
[35.02, 35.03]
[34.64, 34.64, 34.6]
[34.78, 34.64, 34.42]
[34.55, 33.93, 33.1, 28.96, 14.57, 7.09, 6.6]
[34.9, 34.82]
[34.77, 34.63, 34.44, 34.38]
[34.52, 34.46, 34.35]
[34.83, 34.75, 34.58, 34.48]
[34.87, 34.78, 34.66]
[34.8, 34.57, 34.39]
[34.95, 34.84, 34.59, 34.59]
[35.04, 34.96, 34.9]
[34.85, 34.74, 34.62]
[35.03, 35.05, 34.86]
[34.88, 34.55, 34.29]
[34.96, 35.0]
[34.74, 34.78, 34.72]
[34.58, 34.37, 34.24]
[34.9, 34.87, 34.81]
[34.67, 34.6, 34.49]
[34.57, 34.4, 34.26]
[34.68, 34.57, 34.34]
[34.93, 34.88, 34.87, 34.76]
[34.99, 34.95, 34.95]
[35.13, 35.01, 34.81]
[35.16, 35.07, 35.01, 34.96]
[34.95, 34.8, 34.66, 34.61]
[34.99, 34.97, 34.85, 34.79]
[34.69, 34.65, 34.47]
[34.8, 34.7, 34.59, 34.59, 34.55]
[34.74, 34.73]
[34.77, 34.64, 34.52]
[34.99, 34.89]
[34.67, 34.64, 34.59]
[34.77, 34.76, 34.71, 34.65]
[34.85, 34.7, 34.57, 34.58]
[35.17, 35.19, 34.94, 34.89]
[34.91, 34.88, 34.83]
[35.05, 34.94, 34.87]
[34.73, 34.68, 34.55, 34.55, 34.49]
[34.9, 34.87, 34.87, 34.82]
[34.67, 34.66, 34.62]
[34.99, 34.96, 34.85]
[34.73, 34.67]
[34.8, 34.69, 34.62]
[34.84, 34.85]
[34.8, 34.79, 34.68]
[34.97, 35.0, 34.99]
[34.68, 34.44, 33.6, 29.5, 13.32, 7.11, 6.11, 6.0]
[34.8, 34.82, 34.67, 34.66, 34.63]
[34.83, 34.74, 34.67]
[34.89, 34.87, 34.8, 34.75]
[34.83, 34.79]
[34.81, 34.75, 34.7]
[35.02, 35.06]
[34.75, 34.68, 34.57]
[34.85, 34.8, 34.53, 34.46]
[34.92, 34.94, 34.86]
[34.82, 34.79, 34.73]
[34.92, 34.86, 34.85, 34.79]
[34.99, 34.93, 34.81]
[34.82, 34.71]
[34.71, 34.72, 34.61]
[34.69, 34.66, 34.59]
[34.98, 34.93, 34.87, 34.83]
[34.92, 34.62, 34.56, 34.51]
[34.99, 34.8, 34.75]
[34.71, 34.68, 34.57]
[34.7, 34.68, 34.49, 34.36]
[34.77, 34.77, 34.72]
[34.89, 34.86, 34.75]
[34.66, 34.66]
[34.97, 34.95, 34.94, 34.9]
[35.08, 34.98, 34.85]
[34.83, 34.81, 34.72]
[34.74, 34.71, 34.62]
[34.88, 34.47, 34.3]
[34.9, 34.82, 34.63]
[34.86, 34.85, 34.85]
[35.07, 34.97]
[34.75, 34.72, 34.48]
[35.01, 34.93, 34.88]
[34.66, 34.65, 34.51]
[34.7, 34.65, 34.54]
[34.85, 34.86]
[34.76, 34.82, 34.82]
[34.82, 34.8, 34.67]
[34.77, 34.76, 34.69]
[35.06, 34.98, 34.91, 34.9, 34.85]
[34.79, 34.76, 34.71]
[34.64, 34.59]
[35.1, 34.93, 34.74, 34.62]
[34.89, 34.87, 34.88]
[34.69, 34.54, 34.23, 34.17]
[34.73, 34.63, 34.4]
[34.94, 34.71, 34.39, 34.39]
[35.22, 35.19, 35.14]
[34.73, 34.63, 34.54]
[34.79, 34.66, 34.47]
[34.75, 34.64]
[34.64, 34.1, 33.3, 29.56, 17.11, 9.29, 8.86]
[34.64, 34.64, 34.57, 34.52]
[34.84, 34.46, 34.27, 34.05]
[34.89, 34.73, 34.69]
[34.74, 34.54, 34.12, 34.1]
[34.93, 34.83, 34.82, 34.77]
[34.93, 34.97, 34.8]
[34.93, 34.96, 34.9]
[35.04, 34.91, 34.9]
[34.84, 34.83, 34.77, 34.74]
[34.91, 34.79, 34.69, 34.64]
[35.0, 34.95, 34.93, 34.89]
[35.09, 35.04, 34.98]
[34.9, 34.81]
[34.86, 34.88, 34.88]
[34.62, 34.49, 34.36]
[34.9, 34.87, 34.75]
[34.95, 35.0, 35.0, 34.94]
[35.04, 34.97, 34.77]
[34.71, 34.53, 34.47]
[34.7, 34.48, 34.09, 34.06, 34.01]
[34.62, 34.64, 34.47]
[34.76, 34.69, 34.64]
[34.92, 34.88, 34.77]
[34.7, 34.32, 34.14]
[34.94, 34.75, 34.62]
[34.85, 34.63, 34.42, 34.24]
[34.85, 34.87, 34.82]
[34.72, 34.67, 34.61, 34.55]
[34.88, 34.72]
[34.78, 34.76, 34.7]
[34.92, 34.9, 34.71, 34.67]
[34.86, 34.64, 34.21, 34.1]
[34.82, 34.78, 34.74]
[34.77, 34.8, 34.74]
[34.85, 34.77]
[34.92, 34.92]
[34.86, 34.85, 34.83, 34.72]
[34.61, 34.53, 34.08, 34.03]
[34.96, 34.77]
[34.93, 34.91, 34.79, 34.74]
[34.99, 34.94, 34.89]
[34.84, 34.71, 34.43]
[34.88, 34.66, 34.54]
[34.9, 34.66, 34.41, 34.4]
[34.74, 34.75, 34.75]
[35.01, 34.96, 34.84]
[34.82, 34.84, 34.84]
[34.86, 34.78, 34.68]
[34.9, 34.83]
[35.06, 35.08, 35.01]
[34.85, 34.84, 34.73]
[35.07, 35.07, 34.96]
[34.94, 34.88, 34.77]
[34.76, 34.48, 34.35, 34.24]
[35.08, 35.1, 35.03]
[34.9, 34.73, 34.73]
[34.8, 34.75, 34.56, 34.5]
[35.1, 35.11]
[34.67, 34.65, 34.38]
[35.1, 35.07]
[35.12, 35.08, 35.02]
[35.24, 35.17]
[34.81, 34.68, 34.5]
[34.62, 34.36, 34.01, 33.94, 33.84]
[34.83, 34.72]
[34.9, 34.83]
[34.83, 34.79, 34.65]
[34.87, 34.79, 34.63, 34.5]
[34.84, 34.86]
[34.65, 34.63, 34.57]
[34.99, 34.97, 34.86, 34.8]
[35.2, 35.15]
[35.01, 35.02, 34.89]
[34.76, 34.75]
[34.81, 34.81, 34.75]
[34.81, 34.6, 34.4]
[34.89, 34.83, 34.82, 34.78]
[34.86, 34.83, 34.7]
[35.02, 34.9, 34.82]
[34.92, 34.86]
[35.18, 35.17, 35.05]
[34.61, 34.46, 34.28]
[34.79, 34.61, 34.24, 34.25]
[34.86, 34.91, 34.79, 34.67]
[34.9, 34.8, 34.67]
[35.13, 35.04, 34.96, 34.91]
[34.91, 34.82, 34.57, 34.51]
[34.71, 34.66, 34.6]
[34.82, 34.77, 34.69, 34.69, 34.64]
[35.03, 34.97, 34.96]
[34.92, 34.91, 34.9]
[35.22, 34.98, 34.68, 34.6]
[34.8, 34.62, 34.36]
[34.89, 34.86, 34.73]
[34.58, 34.28, 34.08, 33.97, 33.86, 33.83]
[34.74, 34.58, 34.4]
[34.8, 34.77]
[34.94, 34.8, 34.74]
[35.06, 35.02]
[34.6, 34.48]
[35.07, 35.01, 34.9]
[34.94, 34.87, 34.88]
[34.71, 34.67, 34.63]
[34.94, 34.93]
[34.86, 34.62, 34.2, 34.14]
[34.89, 34.87, 34.74]
[34.92, 34.95, 34.87]
[34.56, 34.34, 34.14]
[35.26, 35.2, 35.04]
[34.75, 34.68]
[34.8, 34.67, 34.4, 34.41]
[34.76, 34.69, 34.57]
[34.84, 34.76, 34.58]
[34.96, 34.81, 34.71]
[34.89, 34.86]
[35.03, 35.03]
[34.69, 34.54, 34.22, 34.16]
[35.04, 35.08, 35.03]
[34.93, 34.9, 34.76]
[35.34, 35.21, 35.07]
[34.79, 34.67]
[34.75, 34.6, 34.44, 34.39]
[34.99, 34.89, 34.89]
[34.99, 34.99, 34.94, 34.88]
[34.96, 34.97, 34.88]
[34.69, 34.66, 34.61]
[34.95, 35.01, 34.91]
[34.97, 34.81, 34.51, 34.47]
[34.75, 34.76]
[34.7, 34.51, 34.27, 34.28]
[35.21, 35.16, 35.03]
[34.81, 34.79]
[35.11, 35.11, 35.11]
[35.08, 34.78, 34.69]
[34.87, 34.85, 34.72]
[34.87, 34.86, 34.8]
[35.02, 34.93, 34.52]
[34.56, 34.5]
[34.71, 34.5, 34.31]
[34.92, 34.89]
[34.95, 34.85, 34.79]
[34.49, 34.37, 34.17, 34.06]
[34.84, 34.79, 34.66]
[34.9, 34.89, 34.89]
[34.89, 34.91, 34.87]
[34.56, 34.2, 33.55, 33.28, 32.95, 32.94, 32.87]
[34.87, 34.76, 34.7, 34.64]
[35.15, 34.97, 34.9]
[35.02, 34.95, 34.68]
[34.74, 34.73, 34.54]
[34.65, 34.66, 34.56]
[35.16, 35.1, 34.99]
[34.93, 34.95, 34.86, 34.82]
[34.84, 34.66, 34.48]
[34.8, 34.77, 34.71, 34.66]
[34.64, 34.38, 34.19]
[34.94, 34.6, 34.46, 34.4]
[34.77, 34.74, 34.55, 34.51]
[35.04, 35.0, 34.94, 34.88]
[34.88, 34.87, 34.75]
[34.95, 34.95, 34.94]
[34.72, 34.56, 34.41]
[35.09, 35.11, 34.96, 34.9]
[34.85, 34.83, 34.78]
[34.88, 34.92, 34.92]
[34.8, 34.74, 34.71]
[34.8, 34.71]
[34.92, 34.82, 34.6]
[34.46, 34.37, 34.31]
[34.81, 34.81, 34.76]
[34.91, 34.92, 34.8]
[35.02, 34.88, 34.81]
[34.78, 34.58, 34.42, 34.36]
[34.84, 34.83, 34.74, 34.72]
[34.83, 34.74, 34.61]
[34.91, 34.91, 34.84]
[35.11, 34.88]
[34.87, 33.75, 30.88, 24.27, 15.44, 13.35, 13.28]
[34.83, 34.83, 34.77]
[34.74, 34.69, 34.57, 34.51]
[34.98, 34.91, 34.86]
[34.72, 34.66, 34.59, 34.54]
[34.77, 34.77, 34.68]
[34.85, 34.77, 34.77, 34.71]
[35.08, 34.79, 34.53]
[34.91, 34.67, 34.42, 34.37, 34.33]
[34.87, 34.87, 34.81]
[35.17, 35.18, 35.13]
[34.85, 34.73, 34.66]
[34.63, 34.57, 34.47]
[34.83, 34.89, 34.83]
[34.93, 34.87]
[34.87, 34.76, 34.75]
[34.8, 34.76, 34.7]
[34.8, 34.63, 34.59]
[35.01, 34.84, 34.73]
[34.78, 34.7, 34.63]
[35.24, 35.23, 35.03]
[34.85, 34.87, 34.83]
[34.96, 34.86, 34.69]
[34.93, 34.91]
[34.96, 34.86]
[34.75, 34.77, 34.71]
[34.97, 34.92, 34.77]
[34.86, 34.85, 34.72]
[35.27, 35.02, 34.93]
[34.93, 34.56, 34.28, 34.24]
[34.74, 34.46, 34.34]
[34.99, 34.83, 34.73]
[34.67, 34.65]
[34.84, 34.79, 34.73]
[34.84, 34.68, 34.58]
[34.83, 34.74, 34.68]
[34.78, 34.6, 34.48, 34.42]
[34.91, 34.66, 34.53, 34.47]
[34.94, 34.98, 34.91]
[34.91, 34.87, 34.82]
[34.66, 34.47, 34.48]
[34.8, 34.69, 34.55, 34.49]
[34.92, 34.87, 34.76]
[34.9, 34.88, 34.81]
[34.8, 34.81, 34.75]
[34.82, 34.75, 34.74]
[35.03, 34.99, 34.97, 34.91]
[34.86, 34.86, 34.66, 34.53]
[35.1, 35.0, 34.9, 34.85]
[34.98, 34.99, 34.99]
[34.83, 34.61, 34.47, 34.34, 34.29]
[34.68, 34.61, 34.62]
[34.98, 34.92]
[35.07, 35.07, 34.81, 34.77]
[34.91, 34.87, 34.81]
[35.08, 35.12]
[34.88, 34.9, 34.84]
[34.65, 34.44, 34.21, 34.21]
[34.96, 34.88, 34.75, 34.57]
[35.11, 35.05, 34.93]
[34.79, 34.73, 34.59, 34.54]
[34.94, 34.86, 34.75]
[34.86, 34.65, 34.47]
[34.91, 34.86, 34.82]
[34.75, 34.76, 34.71]
[34.75, 34.59, 34.45]
[34.75, 34.72, 34.69]
[35.1, 34.87, 34.81]
[34.96, 34.87, 34.87]
[34.98, 34.94]
[34.91, 34.78, 34.56]
[34.73, 34.68, 34.52]
[35.04, 34.72, 34.36]
[34.92, 34.81, 34.66]
[34.78, 34.78, 34.65]
[34.68, 34.71, 34.66]
[35.09, 35.04, 34.98]
[34.71, 34.62, 34.38, 34.32]
[34.78, 34.78, 34.78]
[34.89, 34.64, 34.5, 34.44, 34.39]
[34.87, 34.76, 34.39, 34.28, 34.23]
[34.86, 34.8, 34.68, 34.68]
[34.78, 34.74]
[34.83, 34.73]
[34.78, 34.7, 34.64]
[35.04, 34.75, 34.38, 34.26, 34.19]
[35.1, 35.01, 34.92]
[34.66, 34.46, 34.41]
[34.85, 34.87, 34.74]
[34.89, 34.85, 34.81, 34.76]
[34.92, 34.86, 34.73]
[34.8, 34.68, 34.74, 34.68]
[34.89, 34.84, 34.85]
[34.82, 34.59, 34.27, 34.19, 34.14]
[34.95, 34.69, 34.64]
[34.89, 34.88, 34.79]
[34.81, 34.61, 34.47, 34.41]
[34.91, 34.85, 34.84, 34.81]
[35.05, 35.08, 35.08]
[35.36, 35.25, 35.13]
[34.88, 34.79, 34.73]
[34.82, 34.75, 34.62, 34.57]
[34.95, 34.89, 34.76]
[34.78, 34.74, 34.72, 34.69]
[34.94, 34.91, 34.82, 34.78]
[35.08, 34.89, 34.72]
[34.77, 34.71, 34.6]
[34.86, 34.79, 34.71]
[34.82, 34.66, 34.66]
[34.74, 34.63]
[34.77, 34.78, 34.72]
[35.08, 35.05]
[34.86, 34.79, 34.66]
[34.64, 34.67, 34.6]
[34.95, 34.91, 34.8]
[35.05, 34.95, 34.83]
[34.92, 34.85, 34.78, 34.72]
[35.02, 35.06, 35.06]
[34.7, 34.43, 34.29]
[35.01, 35.03, 34.86]
[35.0, 34.97, 34.78]
[34.94, 34.82, 34.82]
[34.81, 34.81, 34.62, 34.56]
[34.71, 34.6, 34.5]
[35.03, 34.95, 34.82]
[34.91, 34.77, 34.7, 34.65]
[34.95, 34.89]
[35.07, 34.96, 34.87]
[34.99, 34.95, 34.89, 34.84]
[34.89, 34.92, 34.87]
[34.93, 34.62, 34.61, 34.56]
[34.97, 34.99]
[34.96, 34.96, 34.85]
[34.78, 34.8, 34.74]
[34.84, 34.75, 34.74, 34.7]
[34.75, 34.71, 34.65]
[34.87, 34.86, 34.77]
[34.75, 34.61, 34.55]
[34.69, 34.64, 34.44, 34.37]
[34.96, 34.94, 34.76]
[34.79, 34.76]
[34.68, 34.58, 34.52]
[35.0, 35.01, 34.88]
[34.9, 34.9]
[34.62, 34.42, 34.24]
[34.69, 34.67, 34.6, 34.53]
[34.71, 34.58, 34.4, 34.37]
[34.75, 34.53, 34.43]
[35.08, 35.06]
[34.79, 34.86]
[34.76, 34.62, 34.62, 34.63]
[35.02, 34.74, 34.54, 34.43]
[34.86, 34.86, 34.82]
[34.73, 34.62, 34.42, 34.32]
[35.05, 35.04, 34.93]
[34.81, 34.77]
[35.06, 34.95, 34.76]
[34.86, 34.81, 34.47, 34.35]
[35.06, 35.02, 34.93]
[35.05, 35.04, 34.92]
[34.74, 34.8, 34.73]
[34.51, 34.36, 34.29]
[34.82, 34.69, 34.69, 34.66]
[34.88, 34.75, 34.61, 34.61]
[34.8, 34.84]
[34.8, 34.77, 34.73]
[34.87, 34.73, 34.53, 34.54]
[35.24, 35.14]
[34.99, 34.97, 34.97]
[35.01, 34.94, 34.75]
[34.62, 34.18, 33.69, 33.5, 33.5, 33.44]
[34.7, 34.72, 34.64]
[34.94, 34.98, 34.87]
[34.94, 34.92, 34.93]
[34.59, 34.1, 33.25, 31.46, 24.3, 18.64, 16.57, 15.28]
[34.67, 34.69, 34.68]
[34.94, 35.04]
[34.9, 34.58, 34.4]
[34.91, 34.89, 34.85]
[34.8, 34.8, 34.63]
[34.96, 34.92, 34.85]
[34.76, 34.75, 34.75]
[34.7, 34.6, 34.21, 34.1]
[34.93, 34.9, 34.88, 34.86]
[34.8, 34.59, 34.38]
[34.84, 34.81, 34.62]
[34.58, 34.56, 34.56, 34.5]
[34.83, 34.48, 34.32]
[34.62, 34.53, 34.47]
[34.84, 34.71, 34.46]
[35.09, 34.86, 34.48, 34.41]
[34.85, 34.77, 34.71]
[34.67, 34.57, 34.37]
[34.93, 34.94, 34.75]
[34.52, 34.49, 34.49]
[34.89, 34.84, 34.72]
[34.81, 34.85]
[34.8, 34.76, 34.68]
[34.83, 34.75, 34.49]
[34.79, 34.63, 34.06, 33.81, 33.76]
[35.02, 34.81, 34.75]
[35.35, 35.21, 35.07]
[34.92, 34.93, 34.92, 34.86]
[34.88, 34.8, 34.58]
[34.93, 34.84, 34.66, 34.6]
[34.68, 34.6, 34.47, 34.49]
[34.68, 34.55, 34.52]
[34.83, 34.77, 34.72]
[34.85, 34.86]
[34.89, 34.74, 34.54]
[34.65, 34.64, 34.58]
[34.79, 34.8, 34.73]
[34.8, 34.64, 34.32, 34.27]
[34.71, 34.67, 34.62]
[34.94, 34.71, 34.54, 34.54]
[35.08, 34.65, 34.46, 34.36]
[34.67, 34.65]
[34.97, 34.84, 34.78]
[34.92, 34.86, 34.85, 34.8]
[35.04, 35.0, 34.93]
[34.99, 34.16, 32.77, 29.1, 17.72, 11.41, 10.04, 9.8]
[34.65, 34.69, 34.7]
[35.03, 34.92, 34.74]
[34.66, 34.66, 34.66]
[35.03, 35.02, 34.83]
[35.08, 35.07]
[35.03, 34.79, 34.57]
[34.62, 34.63, 34.63, 34.58]
[34.99, 34.96, 34.91]
[34.84, 34.67, 34.44]
[34.5, 34.42, 34.41]
[34.6, 34.55, 34.5]
[34.67, 34.74, 34.67]
[34.97, 34.94, 34.89]
[35.09, 35.07, 35.08]
[34.54, 34.28, 34.23, 34.1]
[34.84, 34.54, 34.28]
[34.78, 34.62, 34.48, 34.43]
[34.68, 34.77, 34.76]
[34.83, 34.59, 34.25, 34.18, 34.13]
[34.82, 34.74, 34.53]
[34.83, 34.61, 34.16, 34.05]
[34.82, 34.77, 34.71]
[34.47, 34.28, 33.86, 33.78]
[35.04, 34.79, 34.73]
[34.61, 34.63]
[35.13, 35.14]
[34.76, 34.62, 34.53]
[35.12, 35.05]
[34.76, 34.7, 34.59]
[34.83, 34.65, 34.54]
[34.86, 34.85]
[34.71, 34.69, 34.64]
[34.93, 34.76, 34.75, 34.76]
[35.0, 35.01, 34.96]
[34.99, 34.98, 34.93]
[34.82, 34.83, 34.78]
[34.79, 34.8, 34.76]
[34.99, 34.91]
[34.89, 34.8, 34.64]
[34.73, 34.72, 34.72]
[34.65, 34.64, 34.58]
[34.74, 34.58, 34.58, 34.52]
[34.83, 34.57, 34.34, 34.29]
[34.81, 34.77, 34.6, 34.54]
[34.96, 34.93, 34.73]
[34.71, 34.51, 34.16, 33.48, 32.71, 32.54]
[34.77, 34.44, 34.31, 34.11, 34.05]
[34.73, 34.64, 34.63, 34.52]
[34.54, 34.5, 34.35]
[35.08, 35.04, 34.88]
[34.77, 34.79, 34.65]
[34.91, 34.94, 34.89]
[35.04, 34.84, 34.47, 34.4]
[34.92, 34.76, 34.57]
[34.92, 34.84, 34.67]
[34.68, 34.69, 34.57]
[34.67, 34.72, 34.66]
[34.73, 34.57, 34.32]
[34.69, 34.68, 34.61]
[34.82, 34.35, 33.74, 33.76, 33.71]
[34.85, 34.91, 34.85]
[35.01, 34.98, 34.75]
[34.92, 34.57, 34.2, 34.2]
[34.68, 34.65]
[34.89, 34.84, 34.83, 34.78]
[35.03, 35.01, 34.93]
[34.92, 34.93, 34.87]
[34.96, 34.76, 34.64]
[34.54, 34.45, 34.32]
[34.83, 34.82, 34.71]
[34.69, 34.46, 34.21, 34.17]
[34.96, 34.97, 34.84]
[34.93, 34.88, 34.82, 34.83]
[34.74, 34.65, 34.64, 34.55]
[35.18, 35.18, 35.06]
[34.73, 34.31, 33.66, 30.79, 23.35, 15.68, 12.82, 11.93]
[34.98, 34.8, 34.62]
[35.11, 34.92, 34.78, 34.72]
[34.88, 34.74, 34.47, 34.41]
[34.96, 34.9, 34.81]
[34.92, 34.7, 34.52, 34.33]
[34.79, 34.35, 34.07, 34.0, 33.95]
[34.85, 34.75, 34.74, 34.68]
[35.01, 34.77, 34.46, 34.4, 34.35]
[34.76, 34.68, 34.63]
[34.94, 34.72, 34.64, 34.59]
[34.82, 34.87, 34.87]
[34.66, 34.47, 34.41]
[34.8, 34.71, 34.65]
[34.69, 34.53, 34.37]
[34.86, 34.7, 34.56, 34.42]
[34.97, 35.01, 34.94]
[35.11, 35.1, 35.1]
[34.83, 34.8, 34.73]
[34.99, 34.82, 34.65]
[35.03, 34.95, 34.84, 34.79]
[34.98, 34.79, 34.68]
[34.73, 34.68, 34.51]
[35.1, 35.09, 35.08, 35.02]
[34.88, 34.87, 34.82]
[34.81, 34.41, 33.96, 33.77]
[34.8, 34.73, 34.63]
[34.71, 34.69]
[34.77, 34.72, 34.67]
[34.96, 34.96, 34.85]
[35.08, 34.79, 34.79]
[35.02, 34.84, 34.84]
[35.01, 34.93, 34.93]
[34.8, 34.69, 34.4, 34.36]
[34.95, 34.92, 34.72]
[34.66, 34.41, 34.32]
[34.99, 34.75, 34.57]
[34.79, 34.61, 34.55]
[34.85, 34.76, 34.66, 34.6]
[34.84, 34.87, 34.74, 34.68]
[34.81, 34.8, 34.74]
[34.92, 34.8, 34.63]
[35.03, 34.89, 34.82]
[34.89, 34.88]
[34.67, 34.58, 34.52, 34.48]
[34.7, 34.58]
[35.01, 34.92, 34.82, 34.72]
[34.76, 34.69, 34.68, 34.62]
[35.0, 34.86, 34.67]
[35.0, 34.68, 34.5, 34.45]
[34.68, 34.54, 34.18, 33.98, 33.94]
[34.66, 34.53, 34.46]
[35.16, 35.01, 34.83]
[35.02, 34.81, 34.63]
[35.11, 35.11, 35.06]
[34.95, 34.92]
[34.91, 34.9]
[34.63, 34.63, 34.5]
[34.75, 34.75]
[34.81, 34.77]
[34.97, 34.9, 34.84]
[34.76, 34.67, 34.55, 34.5]
[35.04, 35.03, 34.98]
[34.81, 34.77, 34.55, 34.5, 34.52]
[34.84, 34.88, 34.82]
[35.03, 34.84, 34.7]
[34.79, 34.73]
[35.0, 34.95, 34.68, 34.62]
[34.92, 34.71, 34.34, 34.36]
[35.11, 35.08, 35.09, 35.09]
[34.85, 34.85, 34.79]
[34.64, 34.59, 34.58, 34.53, 34.49]
[34.9, 34.76, 34.56]
[35.2, 35.21, 35.15]
[35.0, 35.05]
[35.08, 34.95, 34.91]
[34.95, 34.93, 34.87, 34.87, 34.82]
[34.79, 34.56, 34.35]
[35.08, 35.03, 35.04]
[35.19, 35.21]
[34.92, 34.93, 34.61, 34.55]
[34.89, 34.71, 34.61, 34.56]
[34.95, 34.96, 34.85]
[35.14, 35.08, 35.03]
[34.8, 34.74, 34.53, 34.47]
[34.86, 34.68, 34.24, 33.98, 33.92]
[34.85, 34.8, 34.8]
[35.03, 34.97, 34.76, 34.7]
[35.01, 35.01, 34.81, 34.79]
[35.13, 34.97, 34.8, 34.79]
[34.79, 34.87]
[35.03, 35.07, 35.01, 35.01, 34.96]
[34.83, 34.87, 34.81]
[35.1, 35.1, 35.01]
[34.86, 34.85, 34.8]
[34.91, 34.89, 34.84]
[35.03, 35.01, 34.94]
[34.77, 34.56, 34.42]
[34.72, 34.56, 34.5]
[35.06, 35.02]
[34.62, 34.43, 34.16, 34.16]
[34.95, 34.95, 34.83]
[34.82, 34.73, 34.54, 34.51]
[35.07, 34.91, 34.64]
[34.82, 34.76, 34.41, 34.3]
[34.83, 34.9, 34.86]
[34.8, 34.61, 34.49]
[34.71, 34.75]
[34.9, 34.85]
[34.84, 34.79, 34.6, 34.51, 34.45]
[35.27, 35.15, 35.15]
[34.91, 34.87, 34.79, 34.74]
[34.93, 34.69, 34.38, 34.31, 34.24]
[34.92, 34.91, 34.88]
[34.76, 34.46, 34.22, 34.15, 34.15, 34.09]
[34.83, 34.67, 34.59, 34.5]
[35.13, 35.03, 34.9]
[34.95, 34.72, 34.72]
[34.83, 34.75, 34.73, 34.65]
[34.99, 34.99, 34.88]
[34.84, 34.52, 33.97, 33.63, 33.63, 33.6]
[34.75, 34.68, 34.68]
[34.84, 34.84, 34.77]
[34.76, 34.61, 34.47, 34.48]
[34.87, 34.88, 34.74]
[34.85, 34.83]
[35.03, 34.99, 34.84]
[34.82, 34.79, 34.72, 34.67]
[35.08, 34.95, 34.82]
[34.81, 34.73, 34.66]
[35.12, 35.09, 35.03]
[35.03, 34.99, 34.94]
[35.08, 34.96, 34.87]
[34.97, 34.36, 33.16, 31.39, 27.16, 21.99, 17.96, 16.58, 16.25]
[34.93, 34.95, 34.88]
[34.75, 34.76, 34.58]
[34.62, 34.59, 34.53]
[35.12, 35.05, 34.92]
[35.02, 34.88, 34.73]
[34.77, 34.63, 34.56]
[35.12, 35.12, 35.08]
[34.83, 34.76, 34.68]
[34.85, 34.55, 34.23, 34.13]
[34.82, 34.83, 34.72]
[34.87, 34.86, 34.75]
[34.81, 34.76, 34.59]
[34.92, 34.88, 34.87, 34.82]
[34.7, 34.57, 34.46]
[34.57, 34.49, 34.29]
[35.21, 35.22, 35.11]
[34.91, 34.89]
[34.77, 34.76, 34.71]
[35.05, 35.04, 35.04]
[34.94, 34.91, 34.8, 34.74]
[34.93, 34.89, 34.79]
[34.65, 34.44, 34.25, 34.21]
[34.7, 34.45, 33.96, 33.82]
[34.87, 34.85, 34.78]
[34.68, 34.66, 34.6]
[34.78, 34.77, 34.59]
[34.91, 34.74, 34.69]
[35.03, 34.97, 34.83]
[34.85, 34.68, 34.42, 34.43]
[34.73, 34.51, 34.27, 34.22]
[34.94, 34.81, 34.76]
[34.86, 34.74, 34.69, 34.66]
[34.95, 34.89, 34.77]
[34.96, 34.65, 34.47, 34.42]
[34.94, 34.95, 34.74]
[35.12, 35.07, 35.01]
[34.82, 34.7, 34.65]
[34.78, 34.82, 34.78, 34.72]
[34.84, 34.76, 34.71]
[34.71, 34.61, 34.56, 34.51]
[34.96, 34.86, 34.8]
[35.01, 34.91, 34.77]
[35.22, 35.06, 34.91]
[35.03, 35.05, 34.91]
[34.78, 34.76, 34.73]
[34.97, 34.89, 34.79, 34.74]
[34.87, 34.87]
[35.03, 34.92, 34.86]
[34.93, 34.9, 34.7, 34.64]
[34.81, 34.72, 34.47]
[34.6, 34.61, 34.61]
[34.92, 34.7, 34.59, 34.41]
[35.13, 35.08, 34.96]
[34.57, 34.22, 33.69, 33.42, 33.21, 33.21, 33.15]
[34.91, 34.88, 34.84]
[34.88, 34.89]
[34.58, 34.6]
[34.61, 34.65, 34.59]
[35.14, 34.94, 34.86, 34.81]
[34.89, 34.85, 34.79]
[34.83, 34.64, 34.45]
[35.22, 35.24, 35.16, 35.11]
[34.98, 34.75, 34.51, 34.5]
[34.83, 34.53, 34.42, 34.37]
[34.73, 34.28, 34.18, 34.07]
[34.97, 34.85, 34.59]
[34.94, 34.88, 34.81]
[34.96, 34.98, 34.79]
[34.89, 34.74, 34.75]
[34.83, 34.81, 34.47]
[34.89, 34.75, 34.7]
[35.29, 35.32, 35.25]
[34.93, 34.8, 34.6, 34.56]
[34.91, 34.83, 34.79]
[34.97, 34.91, 34.84]
[34.7, 34.7, 34.63]
[35.01, 34.96, 34.79]
[34.72, 34.46]
[35.03, 34.97, 34.86]
[34.7, 34.71]
[34.54, 34.55, 34.49]
[34.97, 34.86, 34.8]
[35.14, 35.12, 35.0]
[35.0, 34.81, 34.65]
[34.97, 34.76, 34.47, 34.42]
[34.65, 34.56, 34.21, 34.15, 34.03]
[35.21, 35.13, 35.13]
[34.82, 34.77]
[34.7, 34.65, 34.58, 34.48]
[34.77, 34.66, 34.55]
[34.71, 34.5, 34.48]
[34.58, 34.39, 34.29]
[34.68, 34.44, 34.36, 34.32]
[34.91, 34.75, 34.39, 34.4]
[35.0, 34.86, 34.79, 34.74]
[35.03, 35.01]
[34.96, 34.92, 34.86]
[34.91, 34.82, 34.68]
