[4.62]
[3.32]
[6.13]
[3.52]
[9.81]
[3.16]
[3.03]
[5.31]
[5.77]
[2.89]
[6.69]
[3.13]
[3.71]
[3.97]
[2.05]
[5.4]
[3.1]
[4.35]
[8.18]
[11.32]
[10.16]
[4.71]
[5.11]
[5.36]
[5.97]
[3.38]
[11.53]
[11.36]
[2.1]
[3.78]
[3.33]
[4.31]
[8.52]
[2.62]
[3.62]
[7.66]
[2.28]
[6.93]
[6.5]
[3.21]
[9.81]
[3.0]
[4.19]
[9.19]
[2.5]
[2.58]
[6.75]
[7.41]
[7.01]
[2.35]
[2.97]
[5.75]
[1.81]
[5.12]
[4.88]
[5.16]
[5.67]
[6.07]
[2.16]
[4.46]
[4.77]
[4.11]
[12.85]
[2.47]
[3.46]
[2.62]
[9.49]
[4.99]
[7.43]
[1.87]
[6.69]
[3.71]
[4.04]
[3.94]
[4.17]
[5.93]
[7.36]
[3.37]
[6.95]
[3.03]
[4.23]
[8.39]
[5.03]
[2.88]
[3.72]
[6.64]
[8.53]
[2.47]
[6.93]
[3.82]
[6.58]
[3.69]
[3.49]
[4.18]
[2.16]
[5.08]
[6.43]
[2.5]
[3.55]
[10.74]
[4.98]
[6.17]
[4.69]
[5.19]
[3.37]
[8.88]
[2.19]
[6.27]
[10.69]
[8.64]
[2.64]
[3.85]
[6.91]
[2.96]
[2.42]
[5.54]
[10.53]
[7.56]
[11.78]
[3.09]
[6.38]
[3.78]
[5.56]
[2.75]
[5.15]
[3.06]
[3.96]
[8.81]
[2.89]
[8.88]
[4.23]
[4.41]
[4.07]
[4.67]
[3.37]
[10.01]
[11.38]
[5.71]
[7.06]
[3.64]
[5.2]
[12.25]
[2.01]
[6.83]
[2.69]
[8.39]
[11.07]
[2.56]
[3.68]
[6.05]
[4.5]
[7.16]
[3.66]
[3.06]
[5.7]
[2.85]
[9.77]
[6.08]
[5.0]
[3.31]
[3.74]
[4.97]
[3.84]
[4.0]
[3.7]
[3.03]
[3.07]
[4.91]
[2.64]
[7.33]
[5.81]
[3.75]
[2.11]
[4.1]
[3.31]
[4.01]
[3.59]
[2.46]
[11.33]
[3.56]
[5.64]
[3.87]
[3.43]
[7.29]
[7.87]
[5.31]
[5.09]
[12.52]
[4.98]
[6.38]
[3.95]
[6.29]
[9.03]
[7.39]
[3.05]
[3.1]
[2.35]
[4.57]
[5.51]
[2.75]
[2.5]
[2.68]
[3.99]
[11.48]
[2.88]
[3.68]
[8.07]
[3.48]
[4.73]
[6.58]
[3.81]
[6.78]
[3.25]
[7.31]
[10.37]
[8.69]
[5.64]
[3.66]
[9.72]
[4.73]
[12.05]
[2.91]
[9.83]
[3.23]
[4.87]
[5.54]
[9.61]
[3.1]
[3.51]
[13.42]
[2.18]
[2.04]
[7.81]
[3.32]
[5.24]
[7.22]
[4.78]
[3.78]
[3.17]
[8.07]
[5.05]
[2.68]
[6.59]
[2.47]
[7.17]
[6.29]
[3.55]
[2.16]
[2.78]
[13.82]
[7.62]
[7.57]
[9.22]
[9.64]
[10.66]
[5.83]
[2.75]
[11.8]
[2.54]
[5.09]
[3.15]
[9.91]
[2.48]
[8.76]
[5.93]
[3.37]
[6.95]
[8.24]
[6.04]
[6.48]
[4.84]
[3.23]
[2.88]
[2.37]
[4.39]
[7.87]
[12.85]
[5.41]
[4.15]
[3.6]
[8.31]
[2.6]
[6.7]
[2.36]
[5.4]
[3.86]
[6.55]
[6.59]
[6.51]
[5.75]
[9.69]
[3.74]
[3.68]
[6.8]
[6.08]
[3.47]
[3.58]
[7.84]
[13.32]
[5.09]
[3.83]
[5.55]
[8.59]
[5.3]
[2.81]
[7.48]
[3.29]
[7.44]
[7.69]
[7.28]
[7.55]
[4.69]
[8.53]
[7.91]
[3.32]
[5.69]
[4.51]
[5.66]
[4.47]
[5.36]
[9.36]
[9.6]
[7.14]
[4.26]
[5.4]
[3.15]
[8.94]
[4.61]
[7.51]
[5.77]
[3.31]
[4.79]
[3.73]
[4.01]
[6.44]
[9.12]
[9.91]
[2.77]
[11.54]
[8.61]
[6.8]
[5.68]
[9.92]
[5.14]
[8.39]
[4.28]
[4.05]
[4.93]
[3.07]
[6.01]
[6.86]
[8.71]
[7.82]
[8.47]
[6.04]
[5.3]
[3.11]
[5.55]
[6.95]
[3.07]
[7.36]
[5.51]
[4.87]
[7.88]
[6.59]
[2.6]
[7.13]
[2.95]
[3.94]
[5.16]
[6.47]
[6.24]
[6.16]
[10.43]
[4.69]
[1.99]
[3.79]
[10.52]
[4.65]
[3.05]
[6.3]
[3.68]
[5.05]
[2.67]
[4.59]
[7.92]
[4.89]
[5.17]
[4.66]
[2.8]
[8.81]
[4.12]
[4.0]
[10.69]
[3.11]
[3.09]
[5.39]
[3.65]
[5.26]
[9.26]
[10.2]
[5.02]
[5.1]
[5.1]
[6.65]
[7.88]
[4.83]
[10.65]
[2.93]
[5.92]
[4.21]
[6.64]
[2.0]
[5.76]
[8.71]
[4.82]
[8.73]
[6.61]
[10.39]
[4.6]
[8.69]
[10.17]
[1.45]
[3.26]
[3.62]
[4.94]
[8.93]
[4.44]
[4.35]
[4.29]
[4.36]
[9.29]
[4.51]
[3.48]
[3.95]
[4.07]
[5.07]
[7.74]
[7.02]
[8.0]
[10.81]
[8.42]
[5.76]
[6.24]
[9.4]
[4.63]
[5.4]
[5.78]
[2.39]
[8.29]
[4.55]
[5.08]
[4.76]
[2.66]
[3.8]
[3.61]
[10.15]
[7.43]
[5.93]
[3.37]
[6.11]
[6.73]
[1.55]
[9.27]
[10.29]
[11.82]
[8.88]
[2.32]
[4.26]
[8.91]
[2.86]
[7.77]
[4.47]
[3.4]
[8.45]
[3.22]
[4.22]
[4.96]
[8.48]
[5.12]
[5.84]
[5.53]
[2.72]
[4.14]
[8.48]
[2.84]
[3.86]
[5.36]
[5.72]
[4.56]
[4.1]
[8.1]
[8.17]
[3.31]
[1.83]
[3.98]
[9.95]
[6.84]
[1.72]
[5.47]
[4.8]
[7.03]
[6.39]
[7.68]
[2.44]
[7.18]
[4.27]
[2.91]
[3.97]
[5.35]
[2.28]
[4.49]
[9.28]
[3.49]
[7.36]
[3.33]
[3.56]
[10.77]
[5.22]
[8.85]
[3.68]
[4.35]
[4.63]
[4.31]
[5.22]
[3.2]
[4.6]
[9.86]
[10.31]
[3.07]
[5.2]
[4.96]
[3.04]
[7.19]
[1.39]
[5.54]
[2.15]
[5.01]
[6.47]
[1.48]
[8.89]
[5.62]
[3.01]
[5.86]
[7.77]
[9.42]
[3.16]
[3.84]
[9.56]
[8.87]
[6.96]
[5.59]
[4.22]
[6.04]
[8.27]
[2.48]
[12.69]
[8.44]
[7.94]
[2.92]
[5.33]
[6.09]
[4.8]
[5.54]
[2.97]
[4.61]
[3.74]
[3.29]
[3.94]
[3.23]
[7.13]
[6.45]
[3.72]
[3.66]
[12.84]
[4.05]
[3.43]
[1.73]
[3.96]
[7.92]
[6.64]
[7.12]
[7.94]
[10.06]
[3.04]
[3.36]
[2.57]
[6.65]
[2.46]
[8.1]
[4.48]
[2.57]
[1.69]
[5.92]
[3.4]
[10.81]
[4.13]
[3.04]
[10.62]
[4.36]
[2.82]
[2.72]
[7.43]
[5.04]
[2.52]
[5.35]
[1.68]
[4.7]
[4.97]
[9.01]
[3.51]
[2.89]
[3.2]
[4.31]
[1.83]
[4.23]
[1.95]
[7.69]
[9.73]
[4.14]
[2.83]
[5.06]
[8.54]
[3.58]
[4.04]
[1.75]
[4.47]
[3.24]
[4.85]
[7.77]
[9.91]
[4.05]
[6.24]
[9.22]
[4.66]
[5.44]
[4.66]
[5.29]
[4.2]
[3.64]
[2.18]
[7.15]
[4.49]
[11.06]
[6.11]
[5.58]
[2.1]
[3.66]
[7.87]
[7.31]
[2.2]
[4.4]
[4.07]
[11.19]
[3.85]
[2.24]
[10.71]
[4.32]
[7.24]
[7.28]
[5.16]
[5.72]
[5.45]
[2.75]
[6.93]
[5.68]
[4.75]
[6.56]
[2.8]
[5.62]
[12.96]
[4.9]
[3.95]
[6.9]
[7.18]
[4.43]
[3.28]
[2.46]
[6.78]
[8.21]
[5.32]
[11.7]
[3.12]
[1.29]
[7.37]
[7.18]
[3.27]
[4.15]
[3.61]
[4.07]
[8.19]
[4.01]
[8.47]
[3.96]
[2.5]
[6.13]
[3.05]
[3.81]
[2.77]
[4.16]
[4.26]
[3.42]
[4.15]
[5.05]
[4.81]
[3.28]
[2.19]
[5.5]
[7.37]
[4.9]
[2.96]
[3.8]
[7.02]
[7.77]
[4.08]
[5.64]
[9.31]
[1.68]
[3.04]
[3.71]
[4.69]
[2.86]
[2.04]
[6.49]
[4.6]
[3.89]
[2.51]
[11.87]
[2.65]
[7.24]
[3.16]
[1.2]
[2.37]
[3.48]
[5.13]
[9.04]
[6.05]
[3.88]
[4.92]
[4.61]
[4.47]
[4.1]
[2.89]
[3.67]
[6.85]
[4.03]
[4.95]
[6.58]
[4.95]
[3.86]
[2.74]
[5.14]
[3.63]
[3.52]
[4.31]
[9.74]
[7.51]
[11.55]
[6.98]
[4.73]
[5.28]
[3.38]
[6.26]
[7.14]
[3.42]
[4.93]
[2.83]
[2.84]
[3.25]
[7.59]
[6.9]
[10.63]
[3.09]
[4.51]
[7.56]
[2.39]
[2.34]
[2.66]
[5.19]
[8.84]
[11.27]
[3.56]
[6.32]
[2.84]
[8.07]
[9.89]
[4.44]
[3.42]
[12.3]
[2.16]
[2.34]
[6.65]
[1.95]
[4.33]
[6.12]
[3.87]
[7.48]
[3.05]
[5.58]
[4.22]
[2.52]
[3.98]
[4.36]
[11.64]
[7.59]
[3.13]
[7.95]
[3.31]
[1.46]
[4.22]
[6.91]
[2.22]
[3.91]
[11.08]
[2.81]
[7.03]
[1.32]
[4.97]
[8.99]
[2.58]
[2.95]
[3.0]
[5.18]
[7.45]
[3.88]
[3.3]
[5.11]
[5.71]
[9.64]
[7.79]
[3.0]
[4.71]
[5.94]
[7.11]
[6.02]
[3.8]
[2.39]
[3.54]
[4.54]
[4.51]
[6.73]
[6.62]
[7.29]
[3.91]
[3.49]
[4.47]
[2.83]
[7.31]
[6.61]
[5.62]
[10.48]
[2.66]
[2.62]
[4.85]
[7.87]
[4.68]
[7.11]
[4.68]
[9.89]
[2.52]
[4.13]
[6.02]
[3.97]
[5.63]
[5.65]
[4.24]
[2.82]
[3.03]
[7.14]
[3.67]
[9.49]
[5.81]
[5.37]
[9.9]
[4.2]
[8.19]
[2.73]
[5.87]
[3.57]
[6.48]
[4.55]
[5.75]
[4.65]
[2.62]
[6.01]
[5.41]
[6.2]
[9.27]
[3.48]
[5.47]
[1.43]
[6.12]
[5.58]
[3.26]
[4.28]
[3.44]
[5.38]
[4.59]
[5.42]
[4.05]
[2.83]
[12.38]
[2.12]
[5.75]
[9.07]
[5.02]
[2.98]
[5.05]
[3.86]
[6.1]
[3.09]
[5.74]
[6.16]
[2.88]
[2.22]
[9.83]
[7.09]
[8.2]
[10.36]
[3.96]
[7.44]
[2.96]
[3.89]
[4.14]
[2.53]
[2.18]
[6.64]
[4.28]
[11.01]
[5.19]
[3.87]
[3.47]
[7.85]
[10.55]
[7.02]
[12.73]
[3.97]
[3.04]
[5.52]
[4.91]
[2.34]
[5.02]
[5.07]
[4.68]
[6.51]
[2.5]
[5.13]
[7.83]
[4.03]
[3.73]
[5.64]
[5.63]
[4.07]
[3.49]
[7.1]
[2.99]
[6.03]
[9.54]
[4.57]
[4.83]
[3.99]
[9.73]
[7.59]
[4.77]
[2.85]
[3.43]
[3.15]
[3.62]
[5.02]
[7.21]
[9.71]
[3.84]
[7.54]
[8.46]
[4.19]
[8.92]
[4.29]
[4.27]
[8.64]
[4.82]
[3.6]
[3.78]
[3.54]
[11.28]
[2.57]
[3.69]
[10.03]
[3.22]
[5.14]
[7.38]
[2.24]
[2.61]
[6.26]
[8.36]
[3.94]
[5.05]
[5.15]
[6.25]
[7.42]
[7.43]
