[35.03, 35.01, 35.01]
[35.01, 34.87, 34.81]
[35.2, 35.19]
[35.04, 34.98, 34.82]
[34.83, 34.82, 34.81, 34.75]
[34.77, 34.54, 34.41, 34.43]
[34.89, 34.88]
[34.83, 34.82]
[34.93, 34.95]
[34.67, 34.52, 34.39, 34.35]
[35.29, 35.11]
[35.22, 35.14, 35.08]
[34.97, 34.96]
[34.74, 34.76, 34.59]
[34.73, 34.72, 34.66]
[34.87, 34.85, 34.85]
[34.78, 34.79, 34.73]
[34.65, 34.6, 34.55]
[34.74, 34.75]
[34.69, 34.66, 34.61]
[34.81, 34.82]
[34.93, 34.91]
[34.99, 34.86, 34.72]
[35.01, 34.93, 34.88]
[34.54, 34.56]
[34.91, 34.84, 34.85]
[34.84, 34.79, 34.69]
[34.83, 34.8]
[34.82, 34.78]
[34.65, 34.63, 34.58]
[34.86, 34.84, 34.77, 34.71]
[34.75, 34.67, 34.67]
[34.97, 34.86, 34.86]
[34.89, 34.86]
[35.03, 34.94, 34.78]
[35.03, 34.91, 34.69]
[34.87, 34.9, 34.84]
[34.73, 34.74, 34.58]
[34.81, 34.84]
[34.72, 34.68]
[34.78, 34.77, 34.71]
[34.84, 34.85]
[34.93, 34.94]
[34.71, 34.64, 34.64]
[34.83, 34.77, 34.67]
[35.07, 34.95, 34.77]
[34.85, 34.82, 34.7]
[34.63, 34.55, 34.3]
[34.93, 34.92]
[34.72, 34.5, 34.2]
[35.02, 35.0, 34.86, 34.83]
[34.71, 34.65, 34.59]
[34.97, 34.96, 34.85]
[34.68, 34.69, 34.58]
[34.78, 34.77, 34.77, 34.71]
[35.02, 35.04]
[34.77, 34.86, 34.74]
[34.97, 34.92]
[34.74, 34.74, 34.66, 34.62]
[34.96, 34.95]
[34.66, 34.59, 34.58]
[34.88, 34.91, 34.9]
[35.08, 35.05, 34.89, 34.85]
[34.9, 34.8, 34.74]
[35.04, 34.97]
[34.8, 34.74, 34.69]
[35.02, 35.01, 34.94, 34.89]
[35.08, 34.98, 34.92, 34.88]
[35.08, 35.03, 34.91]
[34.88, 34.88]
[34.82, 34.78, 34.72, 34.68]
[34.69, 34.72]
[34.69, 34.63]
[34.68, 34.66, 34.55]
[34.87, 34.86, 34.81]
[34.65, 34.58, 34.52]
[34.82, 34.83, 34.65]
[34.77, 34.52, 34.52]
[34.65, 34.65, 34.6]
[34.77, 34.66, 34.55]
[35.12, 34.98, 34.78]
[34.92, 34.93, 34.92, 34.87]
[34.65, 34.57]
[34.61, 34.65, 34.59, 34.53]
[34.63, 34.54]
[34.85, 34.89]
[34.87, 34.86, 34.85]
[34.72, 34.76, 34.71, 34.66]
[34.8, 34.78, 34.68]
[35.08, 35.04, 34.98]
[34.87, 34.82, 34.78]
[35.24, 35.24]
[34.6, 34.5, 34.4]
[34.65, 34.67]
[34.85, 34.86, 34.72]
[34.9, 34.9]
[34.69, 34.7]
[34.73, 34.65, 34.52]
[34.7, 34.68, 34.68, 34.62]
[34.83, 34.74, 34.73, 34.69]
[34.88, 34.86, 34.75]
[35.03, 35.04, 34.92]
[34.76, 34.7, 34.61]
[35.11, 35.02, 34.92]
[34.7, 34.63, 34.57]
[35.0, 34.9, 34.79, 34.76]
[34.99, 34.99]
[34.71, 34.73, 34.72, 34.68]
[34.81, 34.64, 34.45, 34.41]
[35.01, 34.83]
[34.98, 34.95, 34.78]
[34.84, 34.82, 34.76]
[34.96, 34.95, 34.9]
[34.7, 34.7, 34.64]
[34.79, 34.75]
[34.71, 34.8]
[34.97, 34.95, 34.9]
[35.04, 35.03, 35.03, 34.99]
[34.85, 34.82]
[35.16, 35.04, 35.02, 34.93]
[34.74, 34.75, 34.74, 34.7]
[34.79, 34.81]
[34.61, 34.57, 34.53, 34.48]
[35.04, 34.99]
[34.86, 34.83]
[34.8, 34.76]
[34.98, 34.98, 34.93]
[34.84, 34.83, 34.69]
[35.06, 35.03, 34.98]
[34.99, 35.0, 34.95]
[34.78, 34.78]
[35.07, 34.96, 34.91]
[34.87, 34.83, 34.66, 34.61]
[34.65, 34.54, 34.53, 34.48]
[34.72, 34.66, 34.61]
[34.99, 34.95, 34.89]
[34.73, 34.73, 34.6]
[34.75, 34.64, 34.49]
[34.67, 34.67, 34.63]
[34.89, 34.84]
[34.84, 34.79, 34.68]
[34.74, 34.74]
[34.88, 34.87]
[34.83, 34.82, 34.72]
[34.87, 34.86]
[34.81, 34.79, 34.73]
[34.85, 34.76, 34.63]
[34.85, 34.83]
[34.92, 34.95, 34.85]
[35.08, 35.0, 34.88]
[34.98, 34.86, 34.72]
[34.85, 34.87]
[34.64, 34.61, 34.55]
[34.82, 34.82, 34.83]
[34.82, 34.68]
[35.11, 35.09]
[34.97, 34.98, 34.91]
[34.66, 34.65]
[34.98, 34.83, 34.77]
[34.94, 34.86, 34.87]
[34.79, 34.79]
[34.86, 34.86]
[35.12, 34.98, 34.99]
[34.66, 34.4, 34.0, 33.96]
[34.74, 34.63, 34.47]
[34.9, 34.86, 34.68]
[34.8, 34.72, 34.62]
[34.99, 34.87, 34.82]
[35.14, 35.1, 35.05]
[34.89, 34.69, 34.49]
[34.71, 34.75, 34.63]
[34.78, 34.74]
[35.05, 35.02, 34.97]
[35.14, 35.15, 35.1]
[34.83, 34.82, 34.76]
[34.97, 35.0]
[34.8, 34.72, 34.66]
[34.78, 34.82]
[34.79, 34.66, 34.67]
[35.0, 34.99, 34.93]
[34.84, 34.83]
[35.06, 34.94, 34.72]
[35.07, 35.04, 34.98]
[34.61, 34.48, 34.42]
[35.26, 35.2, 35.2]
[35.02, 35.12]
[34.97, 34.99]
[34.7, 34.71, 34.66]
[34.78, 34.78, 34.78]
[34.8, 34.79, 34.74]
[34.7, 34.69, 34.65]
[34.87, 34.78, 34.73]
[34.85, 34.87, 34.81, 34.78]
[34.8, 34.82]
[34.64, 34.65, 34.59, 34.54]
[34.94, 34.94]
[34.93, 34.86, 34.81]
[34.67, 34.61, 34.62]
[34.96, 34.86, 34.76]
[34.79, 34.79, 34.74]
[34.97, 34.9, 34.9]
[34.83, 34.76]
[35.05, 35.01]
[34.98, 34.94, 34.89]
[35.0, 34.99, 34.96]
[35.19, 35.16]
[34.55, 34.49, 34.37]
[34.78, 34.75, 34.64]
[34.84, 34.6, 34.4, 34.34]
[34.88, 34.89]
[34.76, 34.65, 34.48]
[35.04, 34.92, 34.68]
[34.71, 34.62, 34.52]
[35.02, 35.01]
[34.67, 34.65, 34.61]
[35.08, 35.05]
[34.82, 34.81, 34.69]
[34.57, 34.56]
[34.54, 34.52, 34.46]
[35.24, 35.22]
[34.71, 34.68, 34.63]
[34.7, 34.67, 34.57]
[34.87, 34.91, 34.92]
[34.74, 34.74, 34.69]
[34.87, 34.8]
[34.76, 34.73, 34.57]
[34.81, 34.56, 34.32, 34.27]
[35.01, 35.02]
[34.75, 34.75]
[34.7, 34.45, 34.31]
[34.91, 34.95]
[35.01, 34.99]
[34.9, 34.86]
[34.66, 34.63, 34.59]
[35.15, 35.08, 34.95]
[34.87, 34.84, 34.73]
[34.74, 34.64, 34.63]
[34.77, 34.82]
[34.82, 34.76, 34.7]
[34.93, 34.89, 34.76]
[34.75, 34.78]
[35.24, 35.21]
[34.84, 34.84, 34.78]
[34.68, 34.64, 34.63, 34.54]
[35.08, 35.05, 34.93]
[34.83, 34.84, 34.85, 34.8]
[34.92, 34.8, 34.63]
[34.94, 34.93, 34.87]
[35.05, 35.0, 34.93]
[34.78, 34.8]
[34.89, 34.81, 34.76]
[34.69, 34.67, 34.62, 34.56]
[34.91, 34.92]
[34.73, 34.75]
[35.06, 34.97]
[35.12, 34.94, 34.73]
[34.7, 34.59, 34.49, 34.44]
[34.94, 34.86]
[35.14, 35.11]
[34.76, 34.73, 34.68]
[34.62, 34.65]
[35.2, 35.17, 35.1]
[34.96, 34.97, 34.91]
[34.66, 34.59, 34.53, 34.42]
[34.96, 34.98, 34.94]
[35.0, 35.0, 34.95]
[34.73, 34.73, 34.72, 34.67]
[34.91, 34.89]
[34.6, 34.61, 34.55]
[34.57, 34.5, 34.5]
[35.05, 34.97, 34.92, 34.86]
[34.8, 34.75, 34.59]
[34.7, 34.69]
[34.94, 34.97]
[34.8, 34.8]
[34.82, 34.51, 34.17]
[34.94, 34.9]
[34.68, 34.69]
[34.98, 34.96, 34.94, 34.92]
[35.01, 34.9, 34.88]
[35.06, 35.1]
[34.66, 34.64, 34.6]
[34.69, 34.73, 34.73]
[34.71, 34.61, 34.5]
[34.97, 34.87, 34.69]
[34.88, 34.84, 34.72, 34.66]
[34.85, 34.91]
[35.01, 34.99, 34.94]
[34.96, 34.97, 34.93]
[35.13, 35.08, 35.09]
[34.87, 34.81, 34.8, 34.77]
[35.21, 35.19]
[34.87, 34.86, 34.81]
[34.83, 34.8, 34.75, 34.65]
[34.8, 34.82]
[34.89, 34.85]
[34.64, 34.39, 34.39]
[34.63, 34.6, 34.53]
[34.65, 34.64, 34.65]
[35.01, 35.04]
[35.14, 35.15, 35.0]
[35.12, 35.09, 35.04]
[34.79, 34.67, 34.67]
[34.68, 34.66, 34.67]
[35.16, 35.02, 34.9]
[34.96, 34.92, 34.75]
[34.76, 34.78]
[34.43, 34.23, 34.2, 34.09]
[34.71, 34.66, 34.67]
[34.92, 34.91, 34.85]
[34.9, 34.84, 34.71, 34.65]
[35.03, 35.01, 35.0, 34.95]
[34.69, 34.63]
[35.05, 35.0]
[34.79, 34.78, 34.66]
[34.7, 34.69, 34.6]
[34.82, 34.81]
[35.0, 34.9]
[34.87, 34.82, 34.67]
[34.97, 34.85, 34.79]
[34.83, 34.78, 34.72]
[35.19, 35.17, 35.17, 35.12]
[34.82, 34.72, 34.68]
[35.03, 34.96]
[34.78, 34.78, 34.74]
[34.89, 34.88, 34.77]
[35.09, 35.08]
[34.75, 34.73, 34.63]
[34.68, 34.61, 34.49]
[35.07, 35.05, 35.0]
[35.0, 34.93, 34.95]
[35.07, 34.88, 34.74]
[34.83, 34.82]
[34.92, 34.95]
[35.07, 35.08]
[34.86, 34.8, 34.77]
[34.83, 34.86, 34.81]
[34.73, 34.55, 34.54]
[34.82, 34.88, 34.87]
[34.88, 34.86, 34.81]
[34.72, 34.62, 34.57]
[34.96, 34.95, 34.96]
[35.28, 35.24, 35.24]
[34.86, 34.87, 34.77]
[34.77, 34.81, 34.7]
[34.92, 34.92, 34.87]
[34.98, 35.0]
[34.82, 34.84]
[34.91, 34.89, 34.83]
[34.66, 34.65]
[34.82, 34.83, 34.83]
[35.15, 35.16]
[35.03, 35.08, 35.03]
[34.83, 34.83]
[35.03, 34.98, 34.87]
[34.92, 34.94, 34.93, 34.9]
[35.26, 35.22]
[34.78, 34.75, 34.75]
[34.87, 34.82]
[34.89, 34.85, 34.79]
[34.92, 34.92, 34.84]
[34.75, 34.72, 34.67]
[34.98, 34.97, 34.94]
[34.87, 34.74, 34.49, 34.43]
[34.93, 34.91]
[34.95, 34.95, 34.9]
[34.89, 34.81, 34.75]
[35.03, 34.9, 34.74]
[34.67, 34.62, 34.52]
[34.76, 34.79]
[34.91, 34.75, 34.64]
[34.73, 34.64, 34.44]
[35.06, 35.0, 34.83]
[34.92, 34.89, 34.83]
[34.81, 34.8]
[35.06, 35.06, 35.01]
[34.63, 34.6, 34.54]
[35.05, 35.04, 34.99]
[34.87, 34.89]
[34.93, 34.9, 34.84]
[34.87, 34.81, 34.71]
[35.07, 35.11]
[34.95, 34.95]
[34.73, 34.72, 34.66]
[34.81, 34.76]
[34.59, 34.57, 34.44, 34.34]
[34.77, 34.78]
[34.94, 34.87, 34.81]
[34.87, 34.81, 34.74]
[34.7, 34.67, 34.57]
[34.74, 34.74, 34.62]
[34.64, 34.61, 34.52]
[34.53, 34.44, 34.36, 34.32]
[34.92, 34.95, 34.96]
[35.17, 35.14, 35.04]
[34.83, 34.72, 34.61]
[34.61, 34.6, 34.54]
[35.04, 35.04, 34.98]
[34.91, 34.9, 34.89]
[34.83, 34.81]
[34.96, 34.88, 34.84]
[34.69, 34.7, 34.64]
[34.69, 34.65]
[34.9, 34.89, 34.83]
[34.92, 34.95]
[34.76, 34.76, 34.59]
[35.07, 35.06, 35.05]
[35.15, 35.1, 34.9, 34.84]
[34.85, 34.84]
[35.0, 34.87, 34.59]
[34.55, 34.45, 34.45, 34.4]
[34.67, 34.68, 34.65]
[34.54, 34.47]
[34.7, 34.69, 34.69, 34.64]
[34.51, 34.53, 34.41]
[34.51, 34.24, 34.07, 34.06, 34.01]
[34.88, 34.76, 34.7]
[34.83, 34.85, 34.69]
[34.75, 34.71, 34.65]
[34.95, 34.77, 34.71]
[34.96, 34.94, 34.83, 34.78]
[34.54, 34.57, 34.57]
[35.07, 35.07]
[34.72, 34.72]
[35.0, 35.03]
[34.72, 34.62, 34.63]
[35.0, 34.97, 34.91]
[34.91, 34.9, 34.84]
[34.69, 34.61, 34.38]
[35.05, 35.03]
[34.93, 34.96, 34.96]
[34.85, 34.87, 34.76]
[34.98, 34.92, 34.86]
[34.62, 34.54, 34.52, 34.46]
[34.95, 34.97, 34.91]
[35.03, 34.86, 34.81, 34.76]
[34.91, 34.85, 34.81]
[34.73, 34.71]
[35.05, 35.06, 35.06]
[34.72, 34.7, 34.7]
[34.69, 34.66, 34.59, 34.55]
[34.87, 34.79, 34.52]
[35.04, 35.03, 34.98]
[34.67, 34.59, 34.54]
[34.94, 34.85]
[35.0, 35.04]
[35.03, 35.03]
[34.78, 34.67, 34.56]
[35.01, 34.99, 34.88]
[34.7, 34.72]
[34.74, 34.72, 34.67]
[34.9, 34.86, 34.79]
[35.22, 35.2, 35.14]
[34.8, 34.67, 34.56]
[34.92, 34.89]
[34.63, 34.59]
[34.68, 34.64]
[34.71, 34.61, 34.51]
[34.95, 34.94, 34.88]
[34.9, 34.87, 34.7]
[34.64, 34.62, 34.56]
[34.82, 34.75, 34.7]
[34.93, 34.94, 34.88]
[34.75, 34.77]
[35.03, 34.96, 34.92]
[34.99, 34.92, 34.91, 34.86]
[34.87, 34.89]
[34.81, 34.84]
[34.56, 34.54, 34.51]
[35.0, 34.96, 34.85]
[35.08, 35.05]
[34.76, 34.74, 34.72, 34.67]
[34.88, 34.8, 34.8]
[34.91, 34.91]
[34.92, 34.89, 34.89]
[34.82, 34.82]
[34.75, 34.71]
[34.52, 34.5]
[34.87, 34.74, 34.64, 34.59]
[34.96, 34.94, 34.93, 34.88]
[34.61, 34.57, 34.53]
[34.88, 34.86, 34.86]
[34.72, 34.66, 34.56]
[35.14, 35.14]
[34.77, 34.79, 34.76]
[34.92, 34.88]
[34.62, 34.57, 34.56, 34.52]
[35.02, 35.01, 34.96]
[34.73, 34.69, 34.63, 34.59]
[34.81, 34.78, 34.67]
[34.78, 34.73]
[34.89, 34.81, 34.76]
[35.13, 35.07, 35.07]
[34.94, 34.86, 34.81]
[34.72, 34.72]
[34.82, 34.75, 34.71]
[34.96, 34.94]
[35.14, 35.14]
[34.99, 34.97]
[34.59, 34.52, 34.42]
[35.12, 35.11]
[34.95, 34.86]
[35.0, 34.99]
[34.66, 34.64, 34.59]
[34.91, 34.89]
[34.72, 34.74, 34.68]
[34.92, 34.91]
[34.86, 34.83]
[34.63, 34.67, 34.56, 34.51]
[34.8, 34.8]
[34.95, 34.93, 34.92, 34.88]
[34.76, 34.74, 34.64]
[34.73, 34.54, 34.49]
[34.79, 34.79, 34.75]
[34.95, 34.81, 34.74]
[34.73, 34.77]
[34.87, 34.86, 34.85, 34.81]
[34.84, 34.82, 34.77]
[34.85, 34.87, 34.8]
[34.72, 34.72]
[34.51, 34.52, 34.47]
[35.04, 35.03, 34.98]
[34.69, 34.7]
[34.77, 34.76]
[35.42, 35.33, 35.28]
[35.0, 34.99]
[34.93, 34.82, 34.7]
[34.76, 34.62, 34.4]
[35.02, 35.04]
[35.06, 35.08]
[34.55, 34.54, 34.49]
[34.85, 34.8, 34.68]
[34.79, 34.79]
[34.75, 34.76, 34.71]
[34.9, 34.94]
[34.74, 34.74]
[34.99, 34.92, 34.93]
[34.81, 34.78]
[35.11, 35.11, 35.05]
[34.87, 34.77, 34.6]
[34.8, 34.82]
[34.87, 34.89, 34.83]
[34.93, 34.87]
[34.73, 34.64, 34.6, 34.57]
[34.77, 34.78, 34.67]
[35.14, 35.11]
[34.88, 34.89, 34.79]
[35.1, 35.08, 34.95]
[34.9, 34.9, 34.8]
[34.7, 34.66]
[34.8, 34.77, 34.71]
[34.8, 34.69, 34.21]
[35.1, 35.07, 35.07, 34.97]
[35.13, 35.09, 35.03, 34.98]
[34.88, 34.86, 34.86]
[34.79, 34.81]
[34.87, 34.9, 34.83]
[34.95, 34.9, 34.62]
[34.93, 34.82, 34.76]
[34.7, 34.63, 34.62, 34.58]
[34.96, 34.97]
[34.7, 34.71]
[34.92, 34.89]
[34.86, 34.86]
[35.0, 35.05, 35.0]
[35.23, 35.23, 35.18]
[34.83, 34.84, 34.73]
[35.07, 35.15, 35.15]
[35.1, 35.11]
[34.78, 34.73, 34.67]
[34.91, 34.85]
[35.02, 34.95]
[35.25, 35.27]
[34.75, 34.76, 34.71]
[35.14, 35.16, 35.1]
[34.9, 34.84, 34.73, 34.68]
[34.75, 34.77, 34.72]
[34.68, 34.7]
[34.78, 34.76, 34.76]
[34.79, 34.81, 34.76]
[34.76, 34.66, 34.61]
[34.82, 34.74, 34.69, 34.64]
[34.99, 34.92, 34.86]
[34.73, 34.73]
[35.02, 35.04]
[34.62, 34.55, 34.54, 34.55]
[34.93, 34.88, 34.83]
[34.7, 34.73]
[34.81, 34.71, 34.47, 34.42]
[35.04, 34.93, 34.84, 34.75]
[34.91, 34.91, 34.79]
[34.75, 34.74]
[34.84, 34.85]
[35.1, 35.09, 34.99]
[35.06, 35.1, 35.05]
[34.87, 34.9]
[34.88, 34.89, 34.89]
[34.92, 34.91]
[34.92, 34.9, 34.84]
[35.12, 35.15]
[34.78, 34.71, 34.65]
[35.04, 35.04, 34.99]
[34.76, 34.74, 34.71]
[34.95, 34.98]
[35.0, 34.95, 34.85]
[34.9, 34.84, 34.71]
[34.81, 34.75]
[35.04, 34.99]
[34.78, 34.75]
[35.01, 35.01]
[35.12, 35.02, 34.91]
[34.94, 34.94, 34.89]
[34.77, 34.77]
[34.91, 34.93, 34.93]
[34.94, 34.95]
[34.55, 34.51, 34.41]
[34.93, 34.9, 34.9]
[34.82, 34.86]
[34.79, 34.74, 34.64]
[34.87, 34.86]
[34.85, 34.83, 34.82, 34.77]
[34.94, 34.9]
[34.96, 34.91, 34.86]
[35.11, 35.11]
[34.73, 34.66, 34.61]
[34.84, 34.84, 34.78]
[35.28, 35.25, 35.19]
[34.96, 34.93, 34.81]
[34.94, 34.97, 34.92]
[34.71, 34.72, 34.67]
[34.8, 34.77, 34.71]
[34.92, 34.95, 34.95]
[34.75, 34.71]
[34.76, 34.74]
[34.92, 34.79, 34.59]
[34.95, 34.84]
[35.05, 35.01]
[35.08, 35.02, 34.92]
[34.82, 34.87]
[34.93, 34.92]
[35.07, 35.04]
[34.65, 34.67]
[34.83, 34.82, 34.76]
[34.9, 34.9, 34.88, 34.86]
[34.55, 34.56, 34.49]
[34.56, 34.35, 34.3]
[34.81, 34.81, 34.81]
[34.9, 34.9, 34.89, 34.84]
[34.97, 34.65, 34.56, 34.5]
[34.57, 34.54, 34.39, 34.35]
[34.84, 34.84, 34.79]
[34.94, 34.94]
[34.67, 34.67, 34.63]
[34.79, 34.78, 34.67]
[34.71, 34.67]
[34.8, 34.76, 34.72]
[34.75, 34.79, 34.63]
[35.08, 35.12, 35.07]
[34.67, 34.64, 34.59]
[34.77, 34.79]
[34.89, 34.86, 34.77]
[35.0, 34.96, 34.84]
[34.52, 34.54]
[34.72, 34.7, 34.7]
[35.05, 35.04, 35.05]
[34.87, 34.86, 34.87]
[34.82, 34.67]
[34.63, 34.62, 34.62]
[34.57, 34.51, 34.44]
[34.69, 34.65, 34.47]
[34.88, 34.87]
[34.8, 34.8]
[34.77, 34.78, 34.78]
[34.74, 34.68, 34.57]
[35.12, 35.13]
[34.64, 34.43, 34.39]
[34.98, 34.95, 34.9]
[35.03, 34.99]
[34.83, 34.68, 34.54, 34.43]
[34.81, 34.81, 34.75]
[34.96, 34.95, 34.83, 34.78]
[34.95, 34.9, 34.9]
[34.78, 34.74, 34.68]
[34.97, 34.92]
[35.27, 35.27, 35.23]
[34.9, 34.81, 34.7]
[34.78, 34.77]
[35.35, 35.38]
[35.01, 34.99, 35.0]
[34.82, 34.85]
[34.65, 34.48, 34.36]
[34.68, 34.72, 34.73]
[34.75, 34.75]
[34.92, 34.92]
[34.98, 34.97, 34.92]
[35.06, 34.98]
[34.8, 34.8]
[34.88, 34.84, 34.73]
[34.94, 34.91]
[34.53, 34.47]
[34.88, 34.8, 34.8]
[34.86, 34.81, 34.7]
[34.89, 34.9, 34.75]
[34.85, 34.72, 34.59]
[34.71, 34.69]
[34.94, 34.91, 34.78]
[34.47, 34.49]
[34.74, 34.74]
[34.78, 34.79]
[34.75, 34.73, 34.71, 34.63]
[34.99, 34.98]
[34.74, 34.65, 34.48]
[34.55, 34.52, 34.38]
[34.83, 34.74]
[35.19, 35.16, 35.16, 35.11]
[34.66, 34.65]
[34.96, 34.96]
[34.62, 34.63, 34.46]
[34.97, 34.95, 34.89]
[34.84, 34.48, 34.29, 34.23]
[34.98, 34.9, 34.85]
[34.85, 34.74, 34.68]
[34.9, 34.91, 34.85]
[35.06, 35.01, 34.94]
[35.03, 34.98, 34.98, 34.94]
[34.94, 34.93, 34.92, 34.87]
[34.98, 34.96, 34.9]
[34.67, 34.6, 34.55]
[34.83, 34.85, 34.76]
[34.63, 34.59, 34.53]
[34.65, 34.66, 34.52]
[34.96, 34.91, 34.85]
[34.84, 34.76, 34.7]
[34.98, 35.02, 34.96]
[34.82, 34.8, 34.73]
[34.99, 34.97, 34.92]
[35.04, 35.06, 35.06, 35.01]
[34.96, 34.77]
[34.92, 34.89, 34.82, 34.77]
[34.89, 34.81, 34.7]
[34.67, 34.64, 34.59]
[34.59, 34.57, 34.57]
[34.97, 34.97, 34.93]
[34.82, 34.78, 34.73]
[34.71, 34.71]
[34.91, 34.85, 34.74]
[35.0, 34.94]
[34.63, 34.67, 34.62, 34.57]
[34.71, 34.71]
[34.67, 34.68]
[34.83, 34.82]
[34.96, 34.93]
[34.82, 34.78, 34.62]
[34.87, 34.85, 34.8]
[35.02, 35.03]
[34.88, 34.89, 34.9]
[34.79, 34.79]
[34.89, 34.85]
[34.63, 34.56, 34.5]
[34.94, 34.78, 34.69]
[34.71, 34.74, 34.68]
[34.78, 34.79, 34.73]
[35.06, 35.05, 34.99]
[35.0, 34.99, 34.78]
[34.74, 34.76]
[35.19, 35.13]
[35.07, 34.94, 34.83]
[35.2, 35.12, 35.12]
[34.64, 34.63]
[34.78, 34.78, 34.73]
[34.83, 34.86]
[34.73, 34.74]
[34.59, 34.52, 34.47]
[34.74, 34.67, 34.57]
[34.74, 34.71, 34.64]
[34.62, 34.54, 34.48, 34.44]
[34.93, 34.93, 34.82]
[34.79, 34.73]
[34.8, 34.59, 34.52, 34.44]
[34.99, 34.97]
[34.92, 34.96]
[34.99, 34.96, 34.85]
[35.07, 35.06]
[34.81, 34.81, 34.69]
[34.83, 34.82, 34.64]
[34.89, 34.9]
[34.97, 34.99]
[34.95, 35.0]
[34.8, 34.8, 34.78, 34.75]
[34.81, 34.72, 34.64, 34.59]
[34.8, 34.71, 34.65, 34.65, 34.6]
[34.84, 34.85, 34.78, 34.73]
[34.55, 34.54]
[34.94, 34.88, 34.84]
[35.13, 35.15]
[34.67, 34.67]
[34.94, 34.95, 34.88, 34.86]
[34.84, 34.82]
[34.87, 34.86, 34.75]
[34.77, 34.75, 34.71]
[35.0, 34.96, 34.9]
[34.73, 34.66]
[34.69, 34.65]
[35.21, 35.13, 35.08]
[34.88, 34.89, 34.84]
[34.98, 34.92]
[34.55, 34.54, 34.55]
[34.64, 34.66]
[35.04, 34.96, 34.82]
[34.84, 34.83, 34.76, 34.71]
[34.75, 34.75]
[35.0, 35.01, 35.01]
[34.98, 34.84]
[34.81, 34.8]
[34.9, 34.85, 34.84, 34.79]
[34.91, 34.91]
[35.03, 35.08]
[35.04, 35.0, 35.0]
[34.77, 34.78]
[34.66, 34.55, 34.55]
[34.7, 34.72]
[35.01, 34.9, 34.65]
[34.64, 34.54, 34.42, 34.36]
[34.83, 34.81]
[35.02, 35.02]
[35.12, 35.1, 35.05]
[34.81, 34.76, 34.71]
[34.67, 34.55, 34.42]
[34.76, 34.68]
[34.91, 34.92, 34.88]
[34.77, 34.71, 34.72]
[34.99, 34.96, 34.8]
[35.0, 35.06]
[34.85, 34.86, 34.8]
[34.87, 34.86, 34.77]
[34.9, 34.89, 34.84]
[34.82, 34.85, 34.8]
[35.32, 35.33, 35.33]
[34.66, 34.66, 34.6]
[35.06, 35.05]
[34.96, 35.01]
[34.88, 34.85, 34.69]
[34.88, 34.88]
[34.87, 34.77, 34.71]
[34.85, 34.82]
[35.11, 35.09, 34.95, 34.86]
[35.09, 35.07, 35.03]
[34.86, 34.82]
[34.93, 34.83, 34.59, 34.54]
[34.86, 34.85, 34.79]
[34.93, 34.9]
[34.97, 34.9, 34.79]
[35.07, 35.09, 35.09]
[35.0, 34.93, 34.75]
[34.84, 34.84, 34.79]
[34.72, 34.73]
[34.95, 34.92, 34.93]
[34.8, 34.78, 34.78]
[35.17, 35.13]
[34.88, 34.85, 34.76]
[34.82, 34.84]
[35.05, 35.06, 34.98, 34.95]
[34.8, 34.68, 34.62]
[34.87, 34.87, 34.82]
[34.98, 34.96, 34.96]
[34.62, 34.59, 34.48]
[35.2, 35.15, 35.07]
[34.89, 34.83, 34.83]
[34.68, 34.58, 34.52]
[34.75, 34.8, 34.74]
[34.86, 34.74, 34.69]
[34.89, 34.88, 34.83, 34.79]
[34.73, 34.71]
[35.02, 34.94, 34.77]
[34.97, 34.97, 34.81]
[35.0, 34.99]
[34.63, 34.64]
[34.96, 34.95, 34.95, 34.91]
[34.69, 34.73, 34.73]
[34.82, 34.72, 34.5, 34.46]
[34.97, 34.94, 34.8, 34.75]
[35.08, 34.91, 34.63, 34.58]
[34.86, 34.81]
[35.02, 35.04, 34.98]
[35.02, 34.92, 34.93]
[34.68, 34.7, 34.69, 34.65]
[34.83, 34.67, 34.49, 34.44]
[34.71, 34.72]
[34.84, 34.75, 34.65]
[34.82, 34.81]
[34.94, 34.85, 34.72]
[35.19, 35.18, 35.18]
[34.7, 34.56, 34.43]
[34.8, 34.74, 34.69]
[34.82, 34.77, 34.63]
[35.02, 34.81, 34.61, 34.62]
[34.77, 34.76]
[35.01, 34.97, 34.94]
[34.89, 34.91]
[34.83, 34.77, 34.67]
[34.81, 34.78, 34.78]
[35.01, 34.97, 34.93]
[35.08, 35.09, 35.09]
[34.96, 34.96, 34.88]
[34.96, 34.95, 34.9]
[34.84, 34.79, 34.69]
[35.13, 34.99, 34.92]
[34.53, 34.55, 34.49]
[34.86, 34.88, 34.83]
[34.65, 34.58]
[34.96, 34.95, 34.89]
[34.67, 34.65, 34.66]
[35.17, 35.06, 34.95]
[34.71, 34.73, 34.66]
[34.98, 34.89]
[34.7, 34.72]
[34.95, 34.93, 34.72]
[34.94, 34.92]
[34.81, 34.81, 34.8, 34.74]
[34.64, 34.5]
[34.82, 34.85]
[34.71, 34.65, 34.6]
[34.74, 34.75, 34.75]
[35.22, 35.13]
[35.05, 35.04, 34.92, 34.86]
[34.94, 34.9, 34.79]
[35.17, 35.11]
[34.7, 34.74, 34.69]
[34.56, 34.5, 34.45]
[34.98, 34.92]
[34.87, 34.87]
[34.62, 34.56]
[34.9, 34.91, 34.9, 34.86]
[35.21, 35.12]
[34.64, 34.64]
[34.89, 34.89, 34.75]
[35.15, 35.15, 35.09]
[34.73, 34.68, 34.63, 34.58]
[34.81, 34.78, 34.72]
[35.02, 35.02]
[34.62, 34.49, 34.4, 34.35]
[34.96, 35.01, 34.95]
[34.87, 34.87]
[34.9, 34.87, 34.82, 34.78]
[34.89, 34.81]
[34.85, 34.87, 34.88]
[35.1, 35.0, 34.94]
[34.94, 34.94]
[35.01, 34.99, 34.95]
[35.08, 35.03]
[34.53, 34.51, 34.45]
[34.71, 34.7]
[34.99, 34.92, 34.85]
[34.84, 34.81]
[34.67, 34.62, 34.53]
[34.63, 34.64]
[34.57, 34.53, 34.5]
[34.75, 34.7, 34.69, 34.64]
[34.89, 34.82, 34.82]
[34.99, 34.98, 34.92]
[35.11, 35.1, 34.99]
[34.45, 34.47]
[34.75, 34.73, 34.67]
[35.05, 34.98, 34.83]
[34.67, 34.61, 34.61]
[34.45, 34.15, 33.8, 33.62, 33.58]
[34.8, 34.84]
[34.78, 34.79, 34.75]
[34.64, 34.53, 34.4, 34.35]
[35.02, 34.93]
[34.75, 34.63, 34.53, 34.42]
[34.83, 34.78, 34.69]
[34.82, 34.78]
[34.67, 34.65, 34.6]
[34.77, 34.76]
[35.02, 35.03]
[34.74, 34.74, 34.69]
[34.75, 34.73, 34.73]
[34.84, 34.84, 34.78]
[34.84, 34.84, 34.79]
[34.82, 34.75]
[34.87, 34.87]
[35.09, 35.03, 34.97]
[34.84, 34.77, 34.72]
[34.98, 35.01, 34.94]
[34.85, 34.85, 34.8]
[34.91, 34.86, 34.79, 34.75]
[35.01, 34.88, 34.68]
[34.86, 34.84]
[34.95, 34.8, 34.74]
[35.01, 35.0, 34.83]
[34.78, 34.7, 34.71]
[35.01, 34.97, 34.87]
[34.79, 34.78]
[34.78, 34.78, 34.72]
[35.22, 35.2, 35.2, 35.16]
[34.85, 34.79, 34.7]
[34.88, 34.84, 34.79]
[34.94, 34.87, 34.82]
[34.72, 34.73, 34.68]
