[41.2, 41.2]
[41.3, 41.3]
[41.02, 41.04]
[41.2, 41.2]
[41.21, 41.21]
[41.21, 41.22]
[41.09, 41.09]
[41.17, 41.17]
[41.08, 41.08]
[41.14, 41.15]
[41.33, 41.34]
[41.09]
[41.13]
[41.15, 41.15]
[41.23, 41.23]
[41.07, 41.07]
[41.27, 41.28]
[41.15, 41.15]
[41.19, 41.2]
[41.22, 41.22]
[41.15]
[41.17, 41.17]
[41.16, 41.17]
[41.2, 41.2]
[41.25, 41.25]
[41.21, 41.22]
[41.19, 41.19]
[41.12, 41.12]
[41.01]
[41.17]
[41.26, 41.28]
[41.21]
[41.16]
[41.0]
[41.19]
[41.17]
[41.1]
[41.2]
[41.14, 41.14]
[41.24, 41.24]
[41.07, 41.08]
[41.15, 41.15]
[41.08, 41.08]
[41.07]
[41.13, 41.14]
[41.12, 41.12]
[41.13]
[41.24]
[41.1, 41.1]
[41.04, 41.04]
[41.14]
[41.1, 41.1]
[41.3, 41.3]
[41.11, 41.11]
[41.17, 41.18]
[41.22, 41.23]
[41.17, 41.17]
[41.08, 41.09]
[41.13]
[41.17, 41.17]
[41.23, 41.23]
[41.22, 41.22]
[41.08]
[41.12]
[41.06, 41.07]
[41.22]
[41.07, 41.06]
[41.02, 41.03]
[41.24, 41.24]
[41.09, 41.1]
[41.15, 41.16]
[41.25]
[41.1, 41.1]
[41.28]
[41.19]
[41.04, 41.06]
[41.21, 41.21]
[41.21, 41.21]
[41.13]
[41.01, 41.02]
[41.21]
[41.26, 41.26]
[41.22]
[41.18, 41.19]
[41.19, 41.2]
[41.16, 41.16]
[41.16, 41.16]
[41.11, 41.12]
[41.07]
[41.05]
[41.04, 41.04]
[41.05]
[41.16]
[41.07, 41.08]
[41.06, 41.06]
[41.17, 41.19]
[41.09]
[41.12]
[41.15, 41.15]
[41.1]
[41.1, 41.11]
[41.19, 41.2]
[41.19, 41.19]
[41.11]
[41.13]
[41.16, 41.17]
[41.19]
[41.21]
[41.24, 41.24]
[41.22, 41.22]
[41.04, 41.04]
[41.15, 41.16]
[41.08]
[41.18, 41.18]
[41.21, 41.22]
[41.23, 41.23]
[41.25]
[41.15, 41.15]
[41.1, 41.11]
[41.19, 41.19]
[41.36]
[41.26, 41.25]
[41.11]
[41.21]
[41.06]
[41.15, 41.15]
[41.21, 41.21]
[41.08, 41.09]
[41.27, 41.28]
[41.11]
[41.21, 41.22]
[41.27, 41.27]
[41.14, 41.15]
[41.1, 41.14]
[41.2, 41.2]
[41.25]
[41.16, 41.16]
[41.11, 41.1]
[41.12]
[40.99, 41.0]
[41.09, 41.09]
[41.13, 41.14]
[41.04]
[41.21, 41.22]
[41.1, 41.1]
[41.18]
[41.14]
[41.18, 41.21]
[41.13]
[41.13, 41.14]
[41.04, 41.04]
[41.12, 41.13]
[41.06, 41.07]
[41.2, 41.19]
[41.06]
[41.26, 41.27]
[41.07, 41.07]
[41.24, 41.24]
[40.96, 40.97]
[41.17, 41.17]
[41.15]
[41.27, 41.27]
[41.21, 41.21]
[41.02]
[41.0]
[41.01, 41.02]
[41.18, 41.19]
[41.12, 41.13]
[41.14]
[41.1, 41.11]
[41.28]
[41.18, 41.18]
[41.11, 41.11]
[41.26, 41.26]
[41.11, 41.12]
[41.15]
[41.16, 41.17]
[41.13, 41.12]
[41.12, 41.14]
[41.14, 41.15]
[41.34, 41.34]
[41.11, 41.11]
[41.05, 41.05]
[41.25, 41.25]
[41.36, 41.36]
[41.13, 41.14]
[41.19, 41.19]
[41.15]
[41.08, 41.09]
[41.16, 41.16]
[41.04, 41.05]
[41.07]
[41.26, 41.27]
[40.98, 40.99]
[41.22, 41.22]
[41.18]
[41.12, 41.12]
[41.22]
[41.19, 41.19]
[41.11, 41.11]
[41.1, 41.1]
[41.21, 41.21]
[41.27, 41.27]
[41.03]
[40.96, 40.97]
[41.13, 41.13]
[41.22, 41.22]
[41.26]
[41.17, 41.19]
[41.1, 41.1]
[41.19, 41.19]
[41.27]
[41.16, 41.17]
[41.19]
[41.21]
[41.05, 41.06]
[41.1]
[41.19, 41.19]
[41.18, 41.18]
[41.21, 41.23]
[41.02, 41.02]
[41.2, 41.2]
[41.07]
[41.07, 41.07]
[41.08, 41.07]
[41.13]
[41.25, 41.25]
[41.02]
[41.05, 41.06]
[41.07, 41.08]
[41.19, 41.19]
[41.13, 41.13]
[41.27, 41.27]
[41.13, 41.13]
[41.14, 41.14]
[41.09, 41.09]
[41.12, 41.12]
[41.3]
[41.13, 41.13]
[41.21, 41.21]
[41.02, 41.02]
[41.14, 41.15]
[41.09, 41.09]
[41.13, 41.14]
[41.19, 41.19]
[41.13]
[41.17, 41.17]
[41.16, 41.17]
[41.12, 41.13]
[41.17]
[41.19, 41.19]
[41.1, 41.1]
[41.18]
[41.13]
[41.24]
[41.13, 41.13]
[41.1, 41.1]
[41.09, 41.1]
[41.1, 41.11]
[41.18, 41.18]
[41.23, 41.23]
[41.22, 41.22]
[41.06, 41.07]
[41.11]
[41.2, 41.2]
[41.12]
[41.16]
[41.18]
[41.23, 41.23]
[41.18]
[41.12]
[41.25, 41.26]
[41.13]
[41.06, 41.06]
[41.17, 41.17]
[41.15, 41.15]
[41.05]
[41.14]
[41.27, 41.27]
[41.21, 41.21]
[41.16, 41.16]
[41.26, 41.26]
[41.17, 41.17]
[40.94]
[41.18, 41.18]
[41.01]
[41.05, 41.06]
[41.15]
[41.17, 41.17]
[41.18, 41.18]
[41.14, 41.15]
[41.06]
[41.3]
[41.11, 41.11]
[41.15]
[41.17]
[41.17]
[41.13, 41.13]
[41.11, 41.11]
[41.1]
[41.26, 41.26]
[41.18, 41.18]
[41.16, 41.17]
[41.34]
[41.22, 41.22]
[41.26, 41.27]
[41.19, 41.19]
[41.23, 41.23]
[41.23, 41.23]
[41.06, 41.06]
[41.01, 41.01]
[41.22, 41.22]
[41.21]
[41.07, 41.07]
[41.02, 41.02]
[41.14, 41.17]
[41.08, 41.08]
[41.15]
[41.17, 41.18]
[41.07, 41.08]
[41.13, 41.13]
[41.12, 41.13]
[41.14, 41.15]
[41.15]
[41.07, 41.09]
[41.11, 41.11]
[41.08]
[41.07, 41.08]
[41.12, 41.12]
[41.25, 41.26]
[41.15, 41.15]
[41.17, 41.17]
[41.17]
[41.08, 41.09]
[41.25, 41.28]
[41.11, 41.11]
[41.18]
[41.21, 41.22]
[41.18]
[41.46, 41.47]
[41.19]
[41.13, 41.13]
[41.11]
[41.1, 41.1]
[41.0]
[41.1, 41.1]
[41.26]
[41.21]
[41.01, 41.01]
[41.35]
[41.02]
[41.12, 41.13]
[41.14]
[41.06]
[41.29, 41.29]
[41.15, 41.16]
[41.11]
[41.14]
[41.16, 41.16]
[41.12, 41.12]
[41.09, 41.1]
[41.13, 41.13]
[41.18, 41.19]
[41.1, 41.1]
[41.06, 41.06]
[41.15, 41.15]
[41.11, 41.11]
[41.18]
[41.21]
[41.24, 41.24]
[41.21]
[41.19]
[41.07]
[41.25, 41.26]
[41.25, 41.25]
[41.05]
[41.01, 41.02]
[41.35, 41.36]
[41.16]
[41.11]
[41.11]
[41.17]
[41.17, 41.18]
[41.08]
[41.11]
[41.25, 41.25]
[41.16]
[41.05, 41.05]
[41.13]
[41.07]
[41.05]
[41.18, 41.19]
[41.15]
[41.14]
[41.11, 41.12]
[41.17]
[41.3]
[41.14]
[41.18, 41.2]
[41.15]
[41.3, 41.3]
[41.17, 41.18]
[41.16, 41.18]
[41.18, 41.19]
[41.25, 41.25]
[41.01]
[41.05, 41.07]
[41.19]
[41.15, 41.15]
[41.18, 41.18]
[41.09, 41.09]
[41.17, 41.17]
[41.06, 41.07]
[41.12, 41.12]
[41.11]
[41.15, 41.14]
[41.19, 41.2]
[41.1]
[41.11]
[41.18, 41.18]
[41.14, 41.15]
[40.98, 40.99]
[41.07, 41.07]
[41.18, 41.18]
[41.12, 41.13]
[41.13, 41.13]
[41.13, 41.14]
[41.11, 41.11]
[41.12, 41.12]
[41.18, 41.18]
[41.08, 41.09]
[41.16]
[41.26]
[41.18]
[41.09, 41.09]
[41.23, 41.23]
[41.07]
[41.08]
[41.18]
[41.18, 41.19]
[41.03]
[41.26, 41.26]
[41.27]
[41.15]
[41.28, 41.28]
[41.21]
[41.11]
[41.15]
[41.02, 41.03]
[41.26]
[41.21, 41.21]
[41.22, 41.22]
[41.04, 41.04]
[41.23, 41.23]
[41.05, 41.05]
[41.14, 41.14]
[41.16, 41.16]
[41.11]
[41.07, 41.08]
[41.09]
[41.11, 41.11]
[41.17, 41.18]
[41.22]
[41.17, 41.17]
[41.3, 41.31]
[41.25, 41.27]
[41.23]
[41.1]
[41.13]
[41.27, 41.27]
[41.12]
[41.08, 41.08]
[41.03, 41.05]
[41.05, 41.07]
[41.26, 41.27]
[41.04]
[41.18]
[41.34]
[41.23]
[40.96, 40.97]
[41.28, 41.28]
[41.24, 41.25]
[41.28, 41.29]
[41.27]
[41.16]
[41.0]
[41.22, 41.22]
[41.09, 41.09]
[41.21, 41.21]
[41.04, 41.04]
[41.25]
[41.13, 41.14]
[41.14, 41.15]
[41.2, 41.2]
[41.15]
[41.07, 41.08]
[41.11, 41.11]
[41.13]
[41.37]
[41.24, 41.23]
[41.05, 41.05]
[41.24]
[41.1, 41.1]
[41.13]
[41.22, 41.22]
[40.98, 40.98]
[41.27, 41.27]
[41.26, 41.25]
[41.09, 41.09]
[41.14]
[41.21, 41.21]
[41.21, 41.21]
[41.13, 41.13]
[41.13, 41.14]
[41.11, 41.1]
[41.17, 41.17]
[41.13]
[41.27]
[41.16]
[41.15]
[41.24]
[41.18, 41.18]
[41.24]
[41.17]
[41.16]
[41.25, 41.25]
[41.26, 41.26]
[41.26, 41.26]
[41.13, 41.13]
[41.15]
[41.13]
[41.21]
[41.05, 41.05]
[41.17]
[41.08]
[41.4]
[41.27]
[41.16, 41.17]
[41.12]
[41.29, 41.3]
[41.17]
[41.21, 41.21]
[41.07, 41.07]
[41.13, 41.12]
[41.09, 41.09]
[41.21, 41.21]
[41.18, 41.18]
[41.27, 41.28]
[41.16, 41.16]
[41.03, 41.04]
[41.09]
[41.12, 41.12]
[41.1, 41.11]
[41.09, 41.1]
[41.1, 41.11]
[41.22]
[41.15, 41.16]
[41.21, 41.22]
[41.32, 41.32]
[41.2]
[41.24, 41.24]
[41.05, 41.05]
[41.17, 41.18]
[41.15]
[41.18]
[41.11, 41.11]
[41.19, 41.19]
[41.19]
[41.21, 41.21]
[41.09, 41.08]
[41.21, 41.22]
[41.3]
[41.18, 41.17]
[41.06]
[41.16]
[41.2]
[41.07, 41.08]
[41.34, 41.35]
[41.23]
[41.09, 41.1]
[41.1, 41.1]
[41.06, 41.06]
[41.11, 41.12]
[41.13]
[41.15, 41.14]
[41.2, 41.2]
[41.28, 41.29]
[41.17]
[41.25, 41.25]
[41.06, 41.06]
[41.04, 41.04]
[41.23, 41.23]
[41.14, 41.14]
[41.07, 41.08]
[41.26, 41.26]
[41.08, 41.1]
[41.29]
[41.22, 41.22]
[41.17]
[41.17]
[41.16, 41.17]
[41.25, 41.25]
[41.11, 41.11]
[41.1]
[41.08, 41.08]
[41.02, 41.02]
[41.23, 41.23]
[41.28]
[41.2, 41.2]
[41.19, 41.2]
[41.19, 41.19]
[41.23, 41.23]
[41.06]
[41.12, 41.11]
[41.12, 41.13]
[41.2, 41.21]
[41.17]
[41.23, 41.24]
[41.15, 41.15]
[41.21, 41.21]
[41.14, 41.13]
[41.02, 41.04]
[41.19, 41.19]
[41.25]
[41.16, 41.17]
[41.02, 41.02]
[41.24]
[41.26, 41.27]
[41.25, 41.25]
[40.89, 40.9]
[41.21]
[41.26, 41.26]
[41.11, 41.11]
[41.19]
[41.15, 41.15]
[41.23, 41.24]
[41.09, 41.09]
[41.07, 41.07]
[41.17, 41.17]
[41.06, 41.07]
[41.09]
[41.22, 41.23]
[41.21, 41.15]
[41.01]
[41.28]
[41.11, 41.11]
[41.2, 41.2]
[41.19]
[41.2]
[41.2, 41.2]
[41.16]
[41.05]
[41.05, 41.05]
[41.12]
[41.0, 41.0]
[41.02, 41.02]
[41.28, 41.29]
[41.29, 41.3]
[41.18, 41.18]
[41.13, 41.12]
[41.14, 41.15]
[41.26, 41.27]
[41.12, 41.13]
[41.11]
[41.23, 41.23]
[41.26]
[41.24]
[41.15, 41.16]
[41.2]
[41.14, 41.14]
[41.24]
[41.17, 41.17]
[41.07, 41.07]
[41.12, 41.12]
[41.17]
[41.24]
[41.2, 41.2]
[41.17, 41.18]
[41.14, 41.15]
[41.15]
[41.15, 41.15]
[41.15, 41.16]
[41.07, 41.07]
[41.2]
[41.05]
[41.17, 41.17]
[41.2, 41.21]
[41.13]
[41.1, 41.1]
[41.15]
[41.34, 41.34]
[40.95, 40.95]
[41.16, 41.17]
[41.33]
[41.11, 41.12]
[41.1]
[41.18, 41.18]
[41.24, 41.24]
[41.16, 41.17]
[41.06, 41.08]
[41.11, 41.11]
[41.27, 41.28]
[41.2, 41.2]
[41.21, 41.22]
[41.12]
[41.27, 41.27]
[41.29, 41.29]
[41.33, 41.33]
[41.09, 41.09]
[41.16, 41.16]
[41.2]
[41.13]
[41.13, 41.14]
[41.23]
[41.17]
[41.13]
[41.08, 41.08]
[41.32]
[41.29, 41.3]
[41.4, 41.4]
[41.13, 41.13]
[41.04, 41.04]
[41.12, 41.12]
[41.3, 41.31]
[41.29, 41.28]
[41.22, 41.23]
[41.12]
[41.16, 41.16]
[41.14]
[41.16, 41.16]
[41.07, 41.08]
[41.22]
[41.28]
[41.24]
[41.19]
[41.17, 41.17]
[40.94, 40.96]
[41.08]
[41.08]
[41.13, 41.14]
[41.1, 41.11]
[41.09]
[40.99, 40.99]
[41.1, 41.11]
[41.11, 41.1]
[41.18, 41.19]
[41.25, 41.25]
[41.25, 41.25]
[41.13, 41.13]
[41.19, 41.2]
[41.17]
[41.19, 41.2]
[41.3, 41.3]
[41.28]
[41.24, 41.25]
[41.22]
[41.09, 41.1]
[41.2]
[41.04, 41.04]
[41.09, 41.09]
[41.22]
[41.12, 41.13]
[41.17, 41.18]
[41.21]
[41.09]
[41.06]
[41.02, 41.03]
[41.21, 41.2]
[41.13, 41.13]
[41.19, 41.19]
[41.29, 41.29]
[41.25, 41.25]
[41.08]
[41.16, 41.17]
[41.22]
[41.12, 41.13]
[41.36]
[41.29, 41.29]
[41.22, 41.22]
[41.17, 41.18]
[41.01, 41.01]
[41.14, 41.15]
[41.1]
[41.1, 41.11]
[41.01, 41.02]
[41.17, 41.18]
[41.27]
[41.03, 41.04]
[41.2]
[41.2, 41.21]
[41.25, 41.25]
[41.12, 41.13]
[41.21, 41.23]
[41.17, 41.17]
[41.18, 41.19]
[41.32]
[41.21, 41.21]
[41.17]
[41.18, 41.19]
[40.97, 40.97]
[41.14, 41.14]
[41.2, 41.2]
[41.24, 41.24]
[41.02]
[41.18]
[41.21]
[41.12, 41.12]
[41.14, 41.14]
[41.22]
[41.1, 41.1]
[41.1]
[41.24, 41.24]
[41.06]
[41.12, 41.12]
[41.04, 41.04]
[41.11]
[41.05]
[41.07, 41.07]
[41.27, 41.27]
[41.22, 41.23]
[41.16, 41.16]
[41.05, 41.06]
[41.17]
[41.28, 41.28]
[41.16, 41.16]
[41.15, 41.15]
[41.16]
[41.08, 41.08]
[41.18, 41.18]
[41.03, 41.02]
[41.03, 41.03]
[41.2]
[41.07, 41.07]
[41.25, 41.25]
[41.09, 41.1]
[41.1, 41.1]
[41.17, 41.17]
[41.25, 41.25]
[41.11]
[41.25, 41.25]
[41.07, 41.07]
[41.17]
[41.26]
[41.23]
[41.13, 41.13]
[41.11]
[41.08]
[41.14, 41.13]
[41.28]
[41.07, 41.07]
[41.02, 41.02]
[41.0, 41.0]
[41.13]
[41.01, 41.01]
[41.23, 41.24]
[41.32, 41.32]
[41.17, 41.16]
[41.05, 41.05]
[41.25]
[41.26, 41.26]
[41.51, 41.51]
[41.18, 41.18]
[41.07, 41.07]
[41.14, 41.14]
[41.13, 41.13]
[41.11]
[41.13, 41.14]
[41.18, 41.18]
[41.17, 41.17]
[41.05]
[41.12, 41.12]
[41.25, 41.25]
[41.16, 41.16]
[41.12, 41.14]
[41.09, 41.09]
[41.13, 41.13]
[41.2, 41.21]
[41.09]
[41.01, 41.01]
[41.2, 41.23]
[41.21, 41.21]
[41.14, 41.14]
[41.2, 41.19]
[41.12, 41.12]
[41.15]
[41.11, 41.11]
[41.21, 41.21]
[41.12, 41.13]
[41.09, 41.11]
[41.11, 41.11]
[41.23, 41.24]
[41.23]
[41.24]
[41.06, 41.01]
[41.16]
[41.2, 41.21]
[41.36, 41.36]
[41.05, 41.05]
[41.05, 41.05]
[41.08, 41.09]
[41.18]
[41.03, 41.03]
[41.31, 41.31]
[41.1, 41.1]
[41.16, 41.17]
[41.28, 41.29]
[41.14]
[41.11]
[41.23, 41.23]
[41.19]
[41.16, 41.15]
[41.24, 41.24]
[41.1]
[41.17]
[41.14, 41.14]
[41.11]
[41.18]
[41.24, 41.24]
[41.16]
[41.13, 41.13]
[41.13]
[41.08, 41.09]
[41.15, 41.16]
[41.07]
[41.14, 41.14]
[41.19, 41.2]
[41.14, 41.14]
[41.13, 41.15]
[41.11, 41.11]
[41.15, 41.15]
[41.15]
[41.11, 41.11]
[41.23, 41.24]
[41.03]
[41.23, 41.23]
[41.11, 41.12]
[41.11, 41.12]
[41.16, 41.16]
[41.1]
[41.17]
[41.11]
[41.21, 41.22]
[41.16, 41.16]
[41.2, 41.19]
[40.94, 40.94]
[41.14, 41.14]
[41.18]
[41.16, 41.16]
[41.12, 41.12]
[41.2, 41.2]
[41.17, 41.18]
[41.1]
[41.16, 41.16]
[41.37, 41.37]
[41.15]
[41.22, 41.22]
[41.15]
[41.14, 41.13]
[41.16, 41.16]
[41.2, 41.2]
[41.1, 41.1]
[41.29, 41.29]
[41.24, 41.24]
[41.17, 41.17]
[41.15]
[41.27]
[41.16, 41.16]
[41.14]
[41.18, 41.18]
[41.26, 41.26]
[41.19, 41.19]
[41.12, 41.12]
[41.15]
[41.27, 41.27]
[41.01, 41.01]
[41.23, 41.24]
[41.04, 41.04]
[41.07, 41.08]
[41.15]
[41.14]
[41.07]
[41.17, 41.18]
[41.06, 41.06]
[41.21, 41.21]
[41.14, 41.15]
[41.17, 41.17]
[41.12]
[41.11, 41.12]
[41.31, 41.31]
[41.15, 41.16]
[40.94, 40.94]
[41.12, 41.13]
[41.18, 41.21]
[41.12]
[41.09, 41.09]
[41.16, 41.16]
[41.3]
[41.09, 41.09]
[41.27]
[41.12, 41.13]
