[35.07, 31.28, 0.63, 0.41]
[34.92, 32.91, 7.37, 0.11, 0.1]
[34.95, 28.47, 0.17]
[34.67, 10.16, 0.19, 0.05]
[34.94, 25.09, 0.26, 0.23]
[34.96, 26.53, 0.1]
[34.94, 26.15, 0.15, 0.11]
[34.93, 30.46, 0.15, 0.13]
[34.85, 25.52, 0.08]
[34.7, 24.06, 0.13, 0.1]
[34.95, 32.0, 2.5, 0.21, 0.17]
[34.85, 31.17, 0.76, 0.64]
[35.25, 33.0, 2.55, 0.14, 0.1]
[34.67, 27.07, 0.12]
[34.86, 28.58, 0.18]
[35.13, 27.09, 0.11]
[34.72, 31.05, 0.37, 0.32]
[34.94, 29.41, 0.5, 0.49]
[34.87, 28.83, 0.23, 0.2]
[35.05, 31.59, 0.43, 0.32]
[34.98, 29.46, 0.19]
[34.66, 29.81, 0.21]
[34.79, 22.36, 0.02]
[34.77, 28.54, 0.14]
[35.2, 31.25, 1.2, 0.16, 0.14]
[34.97, 32.94, 3.33, 0.28, 0.25]
[34.9, 32.78, 1.24, 0.7]
[34.87, 32.31, 0.86, 0.28]
[34.82, 24.43, 0.1]
[34.78, 32.3, 2.63, 0.23, 0.14]
[34.8, 26.87, 0.14, 0.11]
[34.72, 31.68, 1.5, 0.49, 0.35, 0.09]
[35.12, 30.84, 1.62, 0.74, 0.71]
[34.75, 31.16, 0.61, 0.49]
[34.61, 11.08, 0.14, 0.07]
[34.74, 32.72, 7.1, 0.22, 0.16]
[34.84, 30.68, 0.55, 0.49]
[34.83, 14.89, 0.08]
[34.7, 31.36, 0.39]
[34.76, 29.66, 0.44, 0.36]
[34.87, 31.85, 2.64, 0.52, 0.48]
[34.92, 31.47, 1.48, 0.42]
[35.02, 31.0, 0.19, 0.15]
[34.9, 28.61, 0.33]
[34.62, 32.43, 5.58, 0.23, 0.06, 0.05]
[34.86, 31.83, 0.61, 0.52]
[34.86, 28.84, 0.25]
[35.1, 32.37, 3.27, 0.28, 0.22]
[34.76, 30.79, 0.59, 0.42]
[34.82, 28.53, 0.8, 0.69]
[34.79, 26.58, 0.27]
[34.76, 26.53, 0.2]
[35.11, 29.65, 0.14]
[35.0, 29.87, 0.15]
[34.86, 29.6, 0.28, 0.22]
[34.8, 18.31, 0.1, 0.07]
[34.95, 20.63, 0.07]
[35.0, 31.22, 0.44, 0.24]
[34.87, 29.99, 0.16]
[34.8, 32.36, 3.48, 0.14, 0.1]
[34.94, 29.8, 0.35]
[34.8, 32.58, 5.13, 0.15]
[34.71, 33.12, 8.8, 0.19, 0.08]
[35.06, 32.13, 2.57, 0.28, 0.14]
[34.8, 28.18, 0.25]
[34.88, 31.97, 1.35, 0.38, 0.33]
[34.91, 27.58, 0.28]
[34.79, 32.78, 8.9, 0.05]
[35.09, 25.23, 0.13, 0.1]
[34.87, 31.61, 1.2, 0.52, 0.25]
[34.77, 28.79, 0.16]
[34.69, 28.01, 0.36, 0.19]
[34.71, 21.6, 0.12, 0.06]
[34.73, 17.04, 0.2, 0.14]
[34.66, 31.76, 2.56, 0.24, 0.2]
[34.94, 31.29, 3.37, 0.33, 0.28]
[34.86, 33.58, 13.04, 0.1, 0.05]
[34.89, 32.82, 6.15, 0.13, 0.11]
[34.78, 30.12, 0.23]
[34.71, 30.99, 0.8, 0.3]
[34.77, 33.21, 5.53, 0.14, 0.12]
[34.77, 29.45, 0.18]
[34.87, 27.99, 0.14, 0.12]
[35.14, 29.99, 0.14]
[34.95, 25.01, 0.1]
[34.55, 31.41, 0.46, 0.41]
[34.96, 29.41, 0.23]
[34.79, 31.17, 0.87, 0.66, 0.5]
[34.96, 28.84, 0.15]
[34.69, 29.35, 1.36, 0.96, 0.61]
[34.88, 29.75, 0.21]
[35.01, 33.16, 4.61, 0.12, 0.06]
[34.82, 30.47, 0.25]
[34.96, 25.78, 0.08, 0.04]
[34.93, 16.12, 0.13, 0.08]
[34.91, 31.43, 1.04, 0.33, 0.23]
[34.86, 29.51, 0.77, 0.34]
[34.95, 33.4, 12.72, 0.14, 0.12]
[35.01, 33.7, 14.14, 0.08, 0.07]
[34.87, 32.59, 0.61, 0.39]
[34.89, 32.28, 1.49, 0.36, 0.33]
[35.14, 32.67, 1.6, 0.49, 0.38, 0.02]
[35.07, 32.04, 0.41, 0.34]
[34.97, 33.11, 8.42, 0.1, 0.02]
[35.04, 28.17, 0.57, 0.4]
[34.91, 30.6, 0.49, 0.38]
[34.98, 32.55, 3.97, 0.26, 0.21]
[34.85, 30.22, 0.77, 0.29]
[34.68, 30.45, 0.33, 0.22]
[34.72, 21.98, 0.05]
[34.9, 32.54, 2.97, 0.39, 0.26, 0.03]
[34.74, 31.04, 0.53, 0.35]
[34.84, 28.61, 0.38]
[35.02, 26.83, 0.14]
[35.09, 31.0, 0.08]
[35.0, 29.28, 0.3]
[34.98, 30.21, 1.35, 0.56, 0.31, 0.06]
[34.84, 32.52, 8.2, 0.15, 0.11]
[34.79, 32.52, 6.47, 0.27, 0.24]
[35.01, 33.09, 11.35, 0.29]
[34.71, 17.24, 0.14, 0.1]
[34.68, 18.74, 0.04]
[34.86, 31.11, 1.22, 0.36]
[34.82, 31.49, 2.08, 0.37, 0.18, 0.08]
[34.95, 20.68, 0.11]
[34.88, 27.54, 0.16]
[34.79, 26.98, 0.21, 0.16]
[34.94, 32.06, 3.83, 0.76, 0.73]
[35.03, 30.56, 0.24]
[34.78, 26.96, 0.11]
[34.73, 21.83, 0.07]
[34.75, 25.08, 0.2, 0.15, 0.09]
[34.77, 29.51, 0.3, 0.25]
[34.51, 10.45, 0.13, 0.05]
[35.22, 32.63, 2.91, 0.7, 0.68]
[34.46, 22.21, 0.08, 0.05]
[34.8, 31.99, 0.64, 0.59]
[34.74, 26.23, 0.05]
[34.91, 21.15, 0.08]
[34.82, 30.81, 0.52, 0.39]
[34.94, 31.48, 0.31]
[35.02, 30.52, 1.55, 0.48]
[34.76, 24.52, 0.21]
[35.01, 29.83, 0.27]
[34.65, 30.76, 0.4, 0.25]
[34.87, 31.94, 2.39, 0.33, 0.24]
[34.69, 23.54, 0.12]
[34.67, 18.29, 0.11]
[34.73, 15.22, 0.18, 0.09]
[35.13, 33.63, 11.58, 0.12, 0.05]
[34.87, 23.08, 0.03]
[35.15, 31.5, 0.44]
[34.72, 33.04, 9.76, 0.11, 0.08]
[34.86, 24.94, 0.24]
[34.74, 31.15, 0.47, 0.43]
[34.72, 30.77, 1.6, 0.48, 0.43]
[34.99, 32.57, 3.73, 0.22, 0.1]
[34.84, 31.33, 0.4, 0.35]
[34.79, 29.8, 0.22]
[34.74, 14.67, 0.12, 0.08]
[35.14, 31.99, 0.8, 0.49]
[34.59, 31.33, 1.89, 0.34, 0.17]
[34.81, 26.97, 0.1]
[34.76, 25.77, 0.14, 0.07]
[35.07, 31.94, 0.98, 0.35, 0.22]
[35.11, 25.44, 0.13, 0.1]
[34.87, 27.2, 0.12]
[34.66, 22.52, 0.09]
[35.0, 31.85, 0.59, 0.2]
[34.71, 31.86, 0.57, 0.45]
[35.18, 31.1, 0.42, 0.32]
[34.97, 29.99, 0.35]
[34.72, 30.78, 0.89, 0.34]
[35.07, 28.52, 0.33, 0.25]
[34.92, 31.44, 3.1, 0.12, 0.1]
[34.74, 29.24, 0.17]
[34.87, 31.81, 1.42, 0.54]
[34.92, 31.19, 1.27, 0.63]
[34.85, 30.62, 0.6, 0.47]
[35.12, 31.99, 1.33, 0.35, 0.25]
[34.85, 28.68, 0.42, 0.34]
[34.71, 30.72, 0.64, 0.46]
[34.85, 23.95, 0.04]
[34.9, 28.53, 0.14]
[34.89, 19.97, 0.05]
[34.72, 30.55, 0.48, 0.24]
[34.78, 30.72, 0.36, 0.27]
[34.74, 32.96, 9.03, 0.12, 0.07]
[34.59, 14.99, 0.14]
[34.88, 33.06, 13.05, 0.04]
[35.04, 29.82, 0.13]
[34.97, 32.5, 7.76, 0.67]
[34.8, 32.43, 3.94, 0.38, 0.35]
[34.89, 29.6, 0.18]
[34.51, 31.24, 0.79, 0.34]
[35.26, 31.64, 0.61, 0.42]
[35.03, 32.16, 3.29, 0.41, 0.36]
[35.03, 28.26, 0.08]
[34.56, 33.23, 15.19, 0.03]
[34.84, 29.71, 0.43, 0.3]
[34.84, 23.67, 0.17]
[35.01, 23.19, 0.05]
[34.7, 29.87, 0.3, 0.26]
[34.91, 32.51, 7.71, 0.16, 0.08]
[34.56, 23.54, 0.06]
[34.79, 18.11, 0.14, 0.07]
[35.16, 29.77, 0.08]
[34.84, 32.14, 1.17, 0.7]
[34.93, 31.7, 0.36]
[35.05, 27.98, 0.14]
[34.9, 28.92, 0.19]
[35.1, 30.75, 0.2]
[34.93, 29.52, 0.22]
[34.57, 18.95, 0.05]
[34.93, 30.98, 0.5, 0.38]
[34.85, 28.17, 0.22]
[34.66, 21.34, 0.09]
[35.05, 30.93, 0.39, 0.28]
[35.06, 20.03, 0.08]
[35.16, 28.71, 0.11]
[35.31, 29.95, 0.34, 0.28]
[34.7, 24.95, 0.13, 0.09]
[34.87, 33.18, 3.36, 0.2, 0.04]
[34.74, 23.15, 0.08, 0.06]
[34.97, 33.21, 10.04, 0.17, 0.09]
[34.85, 28.94, 0.32, 0.23]
[34.8, 30.98, 0.93, 0.71, 0.49]
[34.79, 28.04, 0.05]
[34.88, 31.34, 1.35, 0.67]
[34.97, 29.14, 0.43, 0.27]
[35.13, 33.37, 11.34, 0.01]
[35.12, 31.13, 0.38, 0.26]
[34.9, 32.43, 2.81, 0.19, 0.17]
[34.91, 27.45, 0.18]
[35.23, 30.18, 0.25]
[34.58, 24.26, 0.1, 0.06]
[34.84, 33.05, 6.89, 0.14, 0.07]
[34.88, 33.15, 3.0, 0.15, 0.11]
[34.81, 26.91, 0.05]
[35.02, 30.33, 0.45, 0.24]
[35.11, 23.73, 0.15, 0.12]
[34.96, 25.6, 0.1]
[35.06, 27.91, 0.09]
[34.93, 30.44, 0.36]
[34.5, 29.06, 0.66, 0.6]
[34.79, 30.12, 0.35, 0.19]
[34.84, 34.02, 18.98, 0.08, 0.06]
[34.89, 26.01, 0.13]
[35.02, 31.87, 2.24, 0.34, 0.2]
[34.99, 30.04, 0.13]
[34.81, 31.33, 3.09, 0.33, 0.21]
[35.13, 33.01, 0.7, 0.36]
[34.99, 29.16, 0.13]
[34.78, 32.13, 1.77, 0.2, 0.11]
[34.97, 30.44, 0.59]
[35.0, 29.92, 0.24, 0.19]
[34.98, 31.94, 0.35, 0.33]
[34.82, 28.25, 0.12]
[34.86, 28.54, 0.13]
[34.97, 23.78, 0.08]
[34.69, 27.38, 0.06]
[35.09, 32.38, 6.15, 0.14, 0.09]
[34.74, 29.77, 0.39]
[35.08, 26.67, 0.21]
[34.79, 32.41, 8.48, 0.15, 0.13]
[34.81, 25.16, 0.1]
[34.66, 25.98, 0.05]
[34.83, 29.16, 0.75, 0.39]
[35.06, 29.66, 0.22, 0.18]
[34.81, 28.16, 0.28]
[34.9, 29.05, 0.1]
[34.81, 31.74, 3.48, 0.19, 0.17]
[34.96, 25.76, 0.14]
[34.61, 31.78, 1.27, 0.54, 0.17, 0.07]
[34.59, 32.57, 1.45, 0.53, 0.23, 0.07]
[34.75, 31.47, 0.63, 0.58]
[35.08, 31.07, 0.93, 0.29, 0.1, 0.08]
[34.83, 29.02, 0.13]
[34.96, 27.9, 0.26, 0.16]
[35.12, 32.45, 2.61, 1.18, 0.87, 0.05]
[34.86, 31.72, 0.54, 0.48]
[34.77, 22.34, 0.17, 0.12]
[35.29, 32.81, 3.88, 0.93, 0.82]
[34.79, 29.85, 0.46, 0.4]
[34.89, 32.17, 1.65, 0.26, 0.25]
[34.89, 31.28, 1.23, 0.38, 0.25]
[34.91, 33.13, 5.39, 0.35, 0.31]
[34.75, 18.67, 0.08]
[34.58, 20.09, 0.21, 0.18]
[34.95, 18.08, 0.13, 0.08]
[34.75, 26.94, 0.05]
[34.67, 31.66, 0.46, 0.34]
[34.96, 29.91, 0.28]
[34.9, 28.73, 0.23, 0.2]
[35.19, 30.21, 0.09]
[34.83, 28.05, 0.27, 0.19]
[35.0, 31.86, 4.58, 0.19]
[35.05, 18.98, 0.14, 0.09]
[34.84, 29.19, 0.11, 0.08]
[34.91, 30.99, 0.46]
[34.74, 30.35, 0.36]
[35.0, 10.49, 0.11, 0.02]
[34.82, 24.08, 0.07]
[34.79, 21.69, 0.04]
[35.15, 30.82, 0.72, 0.39]
[34.95, 28.95, 0.16]
[34.73, 28.31, 0.23]
[34.63, 27.09, 0.21, 0.18]
[34.96, 30.65, 0.61, 0.32]
[34.88, 29.27, 0.45, 0.25]
[35.05, 28.96, 0.16]
[34.88, 29.5, 0.09, 0.06]
[34.6, 14.8, 0.19, 0.05]
[34.71, 25.37, 0.06]
[34.7, 30.93, 1.11, 0.47, 0.33]
[34.78, 23.48, 0.05]
[34.84, 24.28, 0.12, 0.08]
[34.87, 29.92, 0.43, 0.21]
[35.02, 30.62, 0.77, 0.38]
[34.74, 32.6, 2.82, 0.87, 0.78]
[34.81, 24.55, 0.21]
[34.65, 31.36, 1.27, 0.53, 0.44]
[34.57, 25.49, 0.18]
[34.91, 30.05, 0.22, 0.19]
[34.67, 31.61, 3.95, 0.31, 0.29]
[34.83, 21.27, 0.09, 0.06]
[34.77, 32.51, 7.19, 0.13, 0.07]
[35.01, 29.3, 0.25]
[34.86, 26.66, 0.04]
[34.86, 31.49, 0.71, 0.53]
[35.14, 28.75, 0.14]
[34.86, 33.39, 9.51, 0.07, 0.05]
[34.97, 26.79, 0.3]
[34.75, 32.34, 5.68, 0.22, 0.15]
[34.79, 32.72, 2.43, 0.67, 0.6]
[35.08, 34.33, 16.16, 0.06]
[34.92, 25.72, 0.09]
[34.75, 29.3, 0.29, 0.26]
[34.94, 30.39, 0.52, 0.28]
[34.85, 33.36, 13.68, 0.09, 0.05]
[34.8, 30.87, 0.34, 0.3]
[34.98, 33.38, 11.38, 0.11]
[34.83, 32.49, 0.42, 0.31]
[34.75, 29.36, 0.26]
[34.86, 30.0, 0.24]
[34.91, 33.19, 5.31, 0.48, 0.4]
[34.72, 33.07, 11.04, 0.1, 0.08]
[34.86, 28.68, 0.16, 0.14]
[34.72, 28.94, 0.53, 0.36]
[34.82, 27.51, 0.25, 0.2]
[34.51, 24.89, 0.2]
[35.01, 31.1, 0.67, 0.55]
[34.86, 32.03, 0.81, 0.59]
[34.94, 26.35, 0.16, 0.1]
[34.84, 31.94, 1.46, 0.79]
[34.95, 30.44, 0.41, 0.3]
[34.83, 29.24, 0.16]
[34.56, 22.22, 0.01]
[34.82, 33.4, 13.49, 0.05]
[34.84, 27.42, 0.15]
[34.77, 27.87, 0.32, 0.14]
[34.79, 26.31, 0.02]
[34.83, 32.74, 7.6, 0.54]
[34.63, 27.12, 0.16]
[34.75, 32.3, 1.18, 0.45]
[34.7, 31.31, 0.47, 0.42]
[34.73, 16.87, 0.06]
[34.77, 31.04, 0.48, 0.41]
[34.87, 27.15, 0.35]
[35.06, 28.86, 0.2]
[34.92, 29.26, 0.27]
[34.81, 28.7, 0.18]
[35.02, 31.5, 2.23, 1.13, 0.92, 0.08]
[35.01, 29.62, 0.24]
[34.78, 28.31, 0.08]
[35.18, 32.12, 0.63, 0.5]
[34.68, 32.44, 7.87, 0.14, 0.09]
[35.0, 31.5, 1.03, 0.32]
[35.07, 27.62, 0.33]
[34.88, 29.33, 0.08]
[35.04, 18.5, 0.04]
[34.83, 30.93, 0.63]
[34.97, 32.43, 3.85, 0.17, 0.07]
[34.72, 29.89, 0.29, 0.26]
[34.84, 20.73, 0.1, 0.07]
[35.01, 34.29, 24.79, 0.19]
[34.81, 31.86, 0.76, 0.34]
[34.97, 33.22, 11.17, 0.14, 0.06]
[34.82, 26.52, 0.1, 0.07]
[35.45, 25.34, 0.06]
[34.96, 22.11, 0.13, 0.1]
[35.25, 30.29, 0.21, 0.18]
[34.79, 32.01, 0.97, 0.53]
[34.91, 26.26, 0.04]
[35.18, 30.3, 0.46]
[34.79, 32.7, 9.66, 0.09]
[34.91, 29.68, 0.65, 0.5]
[34.89, 21.89, 0.11, 0.09]
[34.96, 32.34, 3.75, 0.21, 0.12]
[34.44, 22.7, 0.05]
[34.77, 27.43, 0.25, 0.22]
[34.92, 28.72, 0.28]
[35.24, 26.55, 0.26, 0.23]
[34.85, 29.07, 0.22]
[35.0, 28.77, 0.54]
[34.73, 31.49, 3.29, 0.39, 0.38]
[34.88, 33.91, 14.51, 0.04]
[34.93, 27.76, 0.13]
[35.0, 31.92, 2.42, 0.42, 0.36]
[34.97, 30.84, 0.22]
[35.07, 32.91, 1.59, 0.21, 0.16]
[34.97, 31.14, 0.58, 0.42]
[34.74, 29.54, 0.29]
[35.03, 27.81, 0.17]
[34.75, 30.38, 0.25]
[34.81, 31.15, 0.32]
[34.86, 26.79, 0.16]
[34.92, 30.01, 0.21, 0.16]
[35.08, 27.62, 0.08]
[34.71, 32.89, 7.89, 0.23, 0.16]
[34.71, 28.38, 0.14]
[34.94, 30.41, 1.73, 0.45, 0.4]
[34.95, 28.01, 0.18, 0.16]
[35.1, 31.7, 0.94, 0.61]
[34.85, 29.89, 0.43, 0.41]
[34.84, 27.65, 0.11]
[35.03, 33.74, 15.85, 0.03]
[34.7, 25.71, 0.08]
[34.95, 27.61, 0.38, 0.31]
[34.64, 15.47, 0.11, 0.08]
[34.74, 17.74, 0.06]
[35.05, 31.8, 0.93, 0.4, 0.36]
[34.69, 32.6, 2.87, 0.29, 0.08]
[34.75, 29.26, 0.44, 0.42]
[34.93, 29.84, 0.27]
[34.89, 30.93, 0.28]
[34.95, 28.56, 0.29]
[34.78, 31.44, 0.58, 0.36]
[35.14, 30.72, 0.23]
[34.9, 33.04, 8.23, 0.18, 0.17]
[34.97, 18.14, 0.1]
[35.05, 30.55, 0.32]
[34.8, 28.66, 0.23, 0.19]
[34.96, 31.54, 0.63, 0.35]
[35.1, 28.68, 0.12]
[34.9, 29.04, 0.34, 0.31]
[35.02, 30.94, 2.09, 0.54, 0.52]
[34.68, 27.34, 0.27, 0.2]
[34.93, 31.76, 2.46, 0.13]
[35.01, 31.79, 1.66, 0.23, 0.11]
[34.9, 31.62, 1.72, 0.46, 0.34]
[34.95, 33.06, 10.4, 0.05, 0.03]
[34.8, 32.18, 0.45, 0.34]
[34.84, 33.08, 7.59, 0.08, 0.06]
[34.9, 23.12, 0.1, 0.07]
[35.25, 32.59, 1.48, 0.29, 0.17]
[34.78, 23.12, 0.12, 0.09]
[34.97, 32.32, 0.75, 0.41]
[35.1, 31.15, 0.35]
[34.91, 30.36, 0.5, 0.29]
[34.77, 22.27, 0.12]
[34.73, 30.61, 0.7, 0.62]
[34.72, 16.9, 0.13, 0.1]
[34.73, 32.43, 4.51, 0.14, 0.13]
[34.93, 29.43, 0.15]
[34.71, 31.12, 0.93, 0.38, 0.36]
[35.12, 31.26, 0.8, 0.43]
[34.98, 25.07, 0.03]
[34.87, 27.57, 0.18, 0.15]
[34.53, 24.9, 0.17]
[34.8, 29.98, 0.38]
[34.83, 17.3, 0.17, 0.1]
[34.92, 33.32, 7.2, 0.14, 0.05]
[35.09, 30.35, 0.24]
[34.74, 30.15, 0.26, 0.2]
[35.05, 30.26, 0.1]
[35.1, 24.96, 0.15]
[34.86, 29.59, 0.32]
[34.56, 12.21, 0.2, 0.17]
[34.96, 26.43, 0.07]
[34.91, 23.45, 0.17]
[34.68, 25.85, 0.06]
[34.82, 31.56, 0.53, 0.36]
[35.17, 26.86, 0.09]
[34.77, 21.8, 0.04]
[34.78, 32.99, 4.35, 0.23, 0.07]
[34.8, 14.26, 0.17, 0.14]
[35.04, 31.66, 0.88, 0.67]
[34.88, 25.85, 0.03]
[34.93, 32.13, 2.25, 0.48, 0.29, 0.05]
[34.77, 11.28, 0.16, 0.1]
[34.61, 25.29, 0.06]
[34.82, 27.2, 0.1]
[34.93, 30.99, 0.51, 0.41]
[34.65, 17.93, 0.06]
[34.91, 26.64, 0.36]
[35.09, 32.04, 2.02, 0.21, 0.2]
[34.92, 30.22, 0.87, 0.25]
[35.22, 30.52, 0.27]
[34.63, 24.61, 0.04]
[34.97, 25.15, 0.14]
[34.9, 31.59, 2.17, 0.15, 0.1]
[34.97, 30.49, 0.84, 0.45]
[34.73, 29.97, 0.44]
[34.78, 30.19, 0.32]
[34.92, 29.99, 0.5, 0.4]
[35.08, 27.62, 0.1]
[34.62, 29.73, 0.37, 0.32]
[34.76, 32.46, 5.36, 0.22, 0.06]
[34.65, 21.7, 0.05]
[34.76, 29.29, 0.34, 0.32]
[34.65, 29.05, 0.23]
[34.74, 22.95, 0.12, 0.09]
[34.86, 27.84, 0.26]
[34.94, 30.02, 0.25]
[35.11, 19.83, 0.09]
[35.04, 11.46, 0.13, 0.09]
[34.72, 29.9, 0.32]
[34.56, 20.07, 0.04]
[34.79, 29.33, 0.37, 0.34]
[34.74, 31.42, 0.54, 0.46, 0.44]
[34.58, 26.01, 0.21]
[34.6, 22.14, 0.14]
[34.7, 29.97, 0.7, 0.58]
[34.8, 23.65, 0.11, 0.05]
[34.8, 22.89, 0.03]
[34.71, 14.34, 0.15, 0.11]
[34.93, 33.58, 12.34, 0.1, 0.08]
[34.92, 19.43, 0.07]
[34.84, 32.05, 0.92, 0.41]
[34.99, 30.0, 0.11]
[35.08, 24.02, 0.0]
[34.77, 26.45, 0.05]
[34.94, 29.29, 0.24]
[34.37, 11.95, 0.11, 0.07]
[35.0, 29.86, 0.07]
[34.89, 30.54, 0.34]
[34.97, 28.24, 0.15]
[34.82, 33.19, 12.0, 0.06, 0.04]
[34.7, 34.02, 22.78, 0.18, 0.08]
[34.93, 31.92, 2.96, 0.22, 0.18]
[34.97, 33.23, 8.23, 0.04]
[34.85, 29.37, 0.17]
[34.98, 27.12, 0.13, 0.08]
[35.02, 30.32, 0.62, 0.45]
[35.03, 27.28, 0.03]
[34.89, 30.58, 1.06, 0.73]
[34.72, 27.62, 0.37, 0.35]
[35.12, 31.69, 0.51, 0.46]
[34.89, 25.44, 0.2]
[34.91, 24.07, 0.09]
[35.06, 30.42, 0.2]
[34.95, 32.81, 8.2, 1.9, 1.45, 1.29]
[34.7, 29.26, 0.28]
[34.46, 32.34, 4.74, 0.26, 0.18]
[34.95, 32.38, 2.91, 0.21, 0.17]
[34.92, 33.41, 12.24, 0.14, 0.09]
[35.12, 29.02, 0.22]
[34.88, 16.03, 0.1]
[34.93, 27.7, 0.07]
[34.85, 21.18, 0.1, 0.02]
[34.74, 32.47, 6.14, 0.67, 0.64]
[35.0, 32.62, 3.58, 0.42, 0.38]
[34.76, 29.82, 0.16]
[34.62, 33.48, 13.82, 0.04]
[34.86, 28.1, 0.17, 0.13]
[34.91, 28.91, 0.14]
[34.91, 29.09, 0.22]
[34.94, 31.76, 2.69, 0.21, 0.16]
[34.92, 32.06, 5.07, 0.2, 0.11]
[35.11, 31.54, 0.47]
[34.77, 29.89, 0.23]
[34.58, 20.79, 0.09]
[35.12, 25.25, 0.14]
[34.86, 25.49, 0.11]
[35.01, 24.79, 0.05]
[34.67, 20.8, 0.08]
[35.04, 32.36, 3.45, 0.12, 0.08]
[34.92, 31.99, 0.76, 0.56]
[34.83, 26.13, 0.05]
[35.01, 28.98, 0.1]
[35.07, 26.86, 0.06]
[34.81, 33.2, 14.73, 0.09, 0.02]
[34.92, 28.41, 0.17]
[34.74, 28.06, 0.14]
[34.83, 32.33, 5.7, 0.08, 0.05]
[34.8, 28.12, 0.16]
[34.86, 31.19, 0.59, 0.44]
[34.98, 14.08, 0.1, 0.07]
[34.87, 26.95, 0.33]
[34.85, 33.45, 6.39, 0.17, 0.16]
[34.96, 30.02, 0.28, 0.26]
[34.89, 31.67, 0.59, 0.38]
[34.66, 22.61, 0.1]
[35.28, 31.89, 0.89, 0.37, 0.24]
[34.91, 32.95, 8.12, 0.15, 0.08]
[35.18, 31.79, 2.05, 0.33, 0.18]
[34.62, 23.1, 0.07]
[34.71, 26.54, 0.1]
[34.7, 31.83, 1.99, 0.44, 0.29, 0.07]
[34.81, 31.26, 0.58, 0.49]
[34.82, 32.0, 4.7, 0.22, 0.2]
[34.89, 28.4, 0.27, 0.17]
[34.78, 23.68, 0.12, 0.07]
[35.01, 32.73, 0.59, 0.4]
[34.8, 21.79, 0.14]
[34.69, 31.77, 2.29, 0.35, 0.22]
[35.26, 24.91, 0.15]
[34.77, 29.51, 0.28, 0.16]
[34.9, 30.25, 0.67, 0.44]
[34.76, 27.4, 0.45, 0.41]
[35.0, 29.82, 0.39, 0.23]
[34.72, 29.63, 0.44, 0.37]
[34.7, 27.72, 0.15]
[35.05, 32.01, 0.87, 0.55]
[34.92, 25.28, 0.02]
[34.84, 30.37, 1.49, 0.46, 0.45]
[34.72, 32.13, 3.85, 0.36, 0.28]
[34.91, 31.83, 0.98, 0.52]
[35.33, 31.9, 0.16]
[34.73, 30.05, 1.45, 1.06]
[34.84, 31.61, 0.83, 0.79]
[34.82, 24.09, 0.1]
[34.92, 27.92, 0.39, 0.32]
[34.75, 30.08, 0.35, 0.29]
[34.76, 32.13, 3.5, 0.35, 0.27]
[34.76, 33.16, 11.93, 0.08, 0.05]
[34.81, 32.1, 2.03, 0.36, 0.32]
[34.91, 31.87, 10.71, 0.04]
[34.68, 19.45, 0.12]
[34.86, 29.38, 0.12]
[35.09, 32.72, 5.86, 0.57, 0.46]
[34.92, 33.19, 12.27, 0.09, 0.07]
[34.8, 32.74, 3.89, 0.09, 0.06]
[34.79, 32.27, 2.3, 0.31, 0.19]
[34.95, 26.44, 0.09]
[35.16, 27.87, 0.11]
[34.94, 32.5, 2.52, 0.4, 0.16, 0.1]
[34.95, 33.53, 10.38, 0.1, 0.07]
[35.18, 33.38, 6.23, 0.66, 0.6]
[34.95, 30.49, 0.19]
[35.03, 29.65, 0.33]
[34.94, 30.31, 0.92, 0.45]
[34.76, 30.71, 2.1, 0.31, 0.28]
[34.8, 28.96, 0.36]
[35.17, 33.23, 4.8, 0.27, 0.09]
[34.68, 31.29, 0.41, 0.34]
[34.9, 31.01, 0.32, 0.28]
[34.81, 29.49, 0.12]
[34.94, 30.83, 0.32, 0.25]
[35.04, 30.01, 0.26]
[35.0, 29.34, 0.17]
[34.77, 33.32, 8.08, 0.14]
[34.86, 32.08, 0.84, 0.5]
[35.12, 19.48, 0.04]
[34.99, 30.39, 0.43, 0.34]
[34.82, 22.97, 0.12, 0.09]
[34.88, 30.48, 0.31, 0.28]
[35.22, 32.25, 1.98, 0.73, 0.61]
[34.98, 33.98, 16.2, 0.13, 0.12]
[34.68, 31.18, 0.81, 0.35]
[34.87, 27.64, 0.27, 0.2]
[34.98, 24.53, 0.1]
[34.99, 33.64, 9.4, 0.1, 0.05]
[34.99, 32.22, 0.98, 0.66]
[35.14, 23.7, 0.08]
[35.06, 24.18, 0.01]
[35.13, 29.63, 0.26]
[34.89, 31.73, 2.16, 0.37, 0.3]
[35.0, 26.46, 0.06]
[35.06, 31.72, 3.7, 0.44, 0.33, 0.26]
[34.79, 19.42, 0.16, 0.13]
[34.57, 23.21, 0.09]
[34.88, 24.37, 0.19, 0.16]
[35.06, 30.8, 0.21]
[34.77, 32.37, 5.17, 0.19, 0.15]
[35.08, 28.8, 0.23]
[34.97, 28.19, 0.2]
[35.1, 30.63, 0.3, 0.22]
[34.65, 30.34, 0.55, 0.46]
[34.67, 29.58, 0.19]
[34.97, 27.23, 0.24, 0.19]
[34.86, 24.24, 0.1]
[34.84, 29.98, 0.55, 0.26]
[34.85, 24.39, 0.04]
[34.87, 27.82, 0.13]
[34.75, 32.88, 11.74, 0.06]
[34.94, 28.45, 0.26]
[34.85, 32.05, 2.6, 0.34, 0.21, 0.1]
[34.68, 22.65, 0.06]
[35.15, 27.74, 0.27, 0.25]
[34.85, 33.09, 11.81, 0.1, 0.07]
[34.51, 12.83, 0.23, 0.14]
[34.51, 28.93, 0.16]
[35.04, 29.51, 0.14, 0.12]
[34.96, 26.49, 0.11]
[34.71, 12.22, 0.08]
[34.8, 31.75, 0.5, 0.47]
[35.01, 25.56, 0.11]
[34.92, 27.33, 0.19]
[34.78, 25.94, 0.08]
[34.55, 30.22, 0.4]
[34.63, 27.15, 0.17, 0.13]
[34.9, 33.59, 15.33, 0.03]
[34.98, 31.89, 2.37, 0.15, 0.11]
[35.32, 30.33, 0.23]
[35.11, 30.56, 0.79]
[34.72, 30.5, 0.51, 0.25]
[34.96, 31.02, 0.34]
[34.6, 22.0, 0.09]
[34.76, 20.44, 0.07]
[34.79, 33.32, 11.39, 0.25, 0.17]
[34.94, 32.71, 3.3, 0.07, 0.05]
[34.98, 31.53, 0.58]
[35.11, 30.92, 0.37]
[34.93, 29.86, 0.34, 0.23]
[34.58, 26.05, 0.06]
[35.01, 25.64, 0.03]
[34.86, 28.5, 0.52]
[34.76, 32.9, 9.51, 0.11, 0.08]
[34.79, 28.36, 0.77, 0.44]
[34.7, 30.78, 1.35, 0.52, 0.45]
[34.62, 24.78, 0.09]
[34.98, 24.64, 0.07]
[34.93, 20.61, 0.14, 0.07]
[34.98, 33.15, 4.57, 0.44, 0.31]
[34.97, 31.74, 1.43, 0.48, 0.44]
[34.84, 33.14, 3.78, 0.26, 0.21]
[34.56, 14.06, 0.21, 0.09]
[34.92, 31.12, 3.01, 1.31, 1.3]
[35.1, 31.44, 0.66, 0.57]
[34.71, 29.11, 0.21, 0.16]
[35.14, 28.25, 0.16]
[34.83, 29.69, 0.19]
[35.04, 27.04, 0.06]
[34.76, 27.35, 0.14]
[34.73, 24.31, 0.17]
[34.77, 33.16, 4.39, 0.11, 0.07]
[34.82, 28.39, 0.22]
[34.93, 26.72, 0.52, 0.41]
[34.9, 33.3, 8.84, 0.07, 0.03]
[35.02, 28.64, 0.19]
[34.7, 31.54, 1.73, 0.34, 0.3]
[35.14, 31.58, 0.41]
[34.85, 32.77, 4.71, 0.36, 0.25]
[34.85, 29.44, 0.18]
[34.87, 10.45, 0.16, 0.08]
[34.76, 24.87, 0.06, 0.03]
[34.82, 31.97, 0.65, 0.5]
[34.55, 28.37, 0.24]
[34.64, 30.39, 0.25]
[34.91, 30.53, 0.22]
[34.97, 29.81, 0.19]
[34.82, 18.3, 0.2, 0.14]
[34.79, 30.61, 0.26]
[34.7, 30.39, 0.25, 0.22]
[34.85, 31.0, 2.39, 0.13, 0.08]
[34.64, 17.81, 0.07]
[34.87, 25.96, 0.04]
[34.82, 17.97, 0.11]
[35.1, 28.84, 0.21]
[34.81, 33.31, 16.19, 0.1, 0.05]
[35.01, 32.98, 1.59, 0.65, 0.58]
[34.72, 32.91, 7.54, 0.12, 0.1]
[34.89, 31.09, 0.34]
[34.93, 32.57, 1.58, 0.27, 0.19]
[34.87, 31.67, 0.43, 0.36]
[34.78, 31.24, 0.4]
[34.87, 26.46, 0.14]
[35.03, 30.31, 0.37, 0.34]
[34.86, 27.39, 0.38]
[35.16, 22.24, 0.08, 0.05]
[34.94, 30.19, 0.07]
[34.87, 25.21, 0.15]
[34.76, 24.48, 0.18, 0.12]
[34.72, 30.76, 0.45]
[34.79, 31.88, 1.05, 0.43]
[34.9, 32.92, 4.01, 0.36, 0.13, 0.06]
[34.71, 28.15, 0.24]
[34.65, 25.3, 0.11]
[35.1, 29.36, 0.54, 0.27]
[34.85, 21.05, 0.09]
[34.73, 33.54, 11.91, 0.11, 0.06]
[34.88, 30.59, 1.17, 0.74]
[34.63, 29.84, 0.99, 0.41]
[35.0, 19.99, 0.14, 0.1]
[34.81, 29.6, 0.22]
[34.92, 32.44, 1.44, 0.5, 0.27, 0.09]
[34.9, 29.9, 0.58, 0.27]
[34.86, 21.53, 0.1, 0.05]
[35.15, 31.98, 1.36, 0.69]
[34.87, 25.48, 0.08]
[34.69, 28.78, 0.09]
[34.86, 29.41, 0.41, 0.28]
[35.03, 31.96, 0.38, 0.33]
[34.5, 24.73, 0.03]
[34.9, 33.39, 12.73, 0.05, 0.01]
[34.88, 31.0, 0.37]
[34.87, 27.47, 0.07]
[34.88, 30.72, 1.32, 0.29, 0.23]
[35.0, 24.25, 0.05]
[34.94, 23.04, 0.08, 0.06]
[34.97, 27.96, 0.28, 0.22]
[35.03, 32.65, 1.69, 0.35, 0.23]
[34.87, 28.76, 0.25]
[34.85, 30.4, 0.41, 0.36]
[34.96, 33.65, 11.11, 0.05]
[34.75, 31.87, 2.84, 0.34, 0.25]
[34.8, 29.16, 0.24, 0.18]
[34.79, 30.45, 0.68, 0.38]
[34.82, 27.93, 0.03]
[34.97, 32.64, 3.63, 0.43, 0.38]
[34.9, 32.13, 2.34, 0.86, 0.82]
[34.99, 31.25, 0.95, 0.68]
[34.92, 32.84, 8.94, 0.06]
[34.76, 19.55, 0.04]
[34.45, 19.91, 0.1]
[34.64, 16.84, 0.12]
[34.71, 28.16, 0.13]
[34.74, 33.04, 8.74, 0.52, 0.48]
[35.1, 30.95, 0.42]
[34.8, 30.29, 0.29]
[34.8, 25.76, 0.06]
[34.98, 17.03, 0.08]
[34.76, 31.8, 0.97, 0.41, 0.34]
[34.78, 25.55, 0.08]
[34.72, 19.35, 0.05]
[34.81, 29.19, 0.09]
[35.11, 25.54, 0.11]
[34.67, 30.27, 0.49, 0.42]
[34.66, 11.95, 0.21, 0.18]
[34.68, 32.26, 4.92, 0.11]
[34.96, 25.36, 0.06]
[34.69, 29.86, 0.4, 0.34]
[34.69, 19.12, 0.06]
[34.98, 27.9, 0.16]
[34.85, 26.85, 0.11]
[35.1, 30.85, 0.19]
[34.73, 27.87, 0.18]
[34.86, 29.07, 0.14]
[34.69, 29.22, 0.45]
[34.85, 23.4, 0.09]
[34.63, 26.18, 0.07]
[34.7, 31.21, 1.39, 0.73]
[34.72, 30.94, 0.42, 0.31]
[34.96, 32.12, 3.35, 0.35, 0.26]
[34.88, 23.6, 0.06]
[34.74, 23.63, 0.02]
[34.8, 27.69, 0.06]
[34.82, 31.27, 0.74, 0.44]
[34.69, 27.2, 0.12]
[34.95, 21.48, 0.1]
[34.93, 21.87, 0.07]
[34.85, 26.47, 0.57, 0.36]
[35.01, 21.98, 0.24, 0.04]
[34.84, 29.1, 0.33, 0.17]
[35.02, 33.51, 7.68, 0.14, 0.07]
[34.93, 31.53, 0.68, 0.55]
[34.96, 31.49, 1.71, 0.87, 0.74]
[34.94, 31.37, 0.9, 0.42]
[34.74, 31.48, 1.04, 0.42]
[34.6, 32.02, 4.28, 0.2, 0.14]
[35.08, 21.44, 0.03]
[34.63, 24.86, 0.15, 0.11]
[34.76, 19.06, 0.07, 0.03]
[34.87, 32.82, 3.71, 0.36, 0.28]
[34.9, 31.64, 1.79, 0.43, 0.42]
[34.96, 29.15, 0.35]
[34.78, 30.05, 1.18, 0.56, 0.49]
[34.94, 31.86, 0.63, 0.45]
[34.92, 31.79, 0.95, 0.41]
[34.88, 26.23, 0.16]
[34.85, 28.34, 0.15]
[34.82, 27.2, 0.21]
[34.53, 29.02, 0.19]
[34.87, 30.51, 0.36, 0.29]
[34.92, 33.14, 5.96, 0.33, 0.3]
[34.81, 28.91, 0.25, 0.23]
[35.01, 26.83, 0.19]
[34.79, 30.42, 0.38, 0.33]
[35.01, 31.12, 0.64, 0.48]
[34.71, 30.82, 1.27, 0.51, 0.26]
[34.83, 32.49, 6.52, 0.22, 0.21]
[34.79, 31.4, 1.04, 0.55]
[34.95, 31.46, 0.46, 0.3]
[34.81, 20.29, 0.11, 0.09]
[34.97, 31.0, 0.34, 0.28]
[34.56, 32.53, 3.53, 0.31, 0.13]
[34.86, 30.82, 0.36]
[34.83, 31.92, 1.06, 0.67]
[35.01, 31.37, 0.18]
[34.61, 26.89, 0.15]
[34.95, 31.65, 3.69, 0.21, 0.15]
[35.07, 30.91, 0.36, 0.27]
[34.81, 33.37, 12.19, 0.1]
[35.13, 27.54, 0.07]
[34.94, 31.95, 0.86, 0.27, 0.17]
[34.91, 29.15, 0.63, 0.51]
[34.44, 8.76, 0.28, 0.14]
[34.86, 27.79, 0.17]
[35.14, 32.22, 0.43, 0.14]
[34.73, 30.36, 0.39]
[34.72, 16.97, 0.07, 0.03]
[34.93, 32.63, 5.52, 0.22, 0.05]
[34.89, 31.14, 0.66, 0.42]
[34.95, 33.16, 4.81, 0.32, 0.23]
[35.35, 26.52, 0.11]
[35.03, 29.05, 0.12]
[34.7, 26.8, 0.09]
[34.84, 26.48, 0.08]
[34.78, 32.28, 1.3, 0.8]
[35.1, 31.15, 0.79, 0.61]
[34.68, 29.69, 0.5]
[35.14, 26.55, 0.07]
[34.91, 30.85, 1.21, 1.06]
[35.04, 28.34, 0.09]
[34.55, 26.11, 0.16]
[34.97, 33.43, 7.79, 0.11, 0.05]
[34.78, 28.6, 0.19]
[34.65, 26.48, 0.07]
[34.73, 27.98, 0.21, 0.14]
[34.71, 32.44, 7.15, 0.12, 0.06]
[34.98, 31.34, 0.3, 0.23]
[34.57, 23.62, 0.03]
[34.76, 29.61, 0.27]
[34.64, 24.28, 0.04]
[34.91, 28.76, 0.16]
[34.84, 29.59, 0.38, 0.27]
[35.16, 26.72, 0.06]
[34.93, 27.77, 0.78, 0.34]
[34.82, 26.38, 0.11]
[34.57, 28.87, 0.16]
[34.73, 30.55, 0.35, 0.3]
[34.83, 32.97, 7.26, 0.11, 0.07]
[34.8, 30.82, 1.17, 0.45, 0.24]
[35.08, 29.72, 0.18]
[35.05, 24.67, 0.06]
[34.99, 30.64, 0.35, 0.25]
[34.85, 17.25, 0.22]
[34.6, 13.31, 0.21, 0.1]
[35.04, 24.76, 0.06]
[34.74, 14.31, 0.16, 0.09]
[34.77, 30.95, 0.57, 0.46]
[34.84, 25.75, 0.1]
[34.84, 33.39, 5.66, 0.32, 0.25]
[34.83, 31.06, 0.91, 0.48]
[34.76, 33.08, 7.64, 0.17, 0.1]
[34.69, 31.67, 6.28, 0.12]
[34.88, 32.12, 1.56, 0.88, 0.81]
[34.67, 26.5, 0.2, 0.15]
[35.3, 30.35, 0.72, 0.33]
[34.83, 26.88, 0.13]
[34.86, 27.0, 0.05]
[34.62, 33.28, 7.45, 0.23, 0.03]
[34.57, 24.64, 0.13, 0.05]
[34.92, 31.24, 0.27, 0.25]
[34.71, 7.34, 0.25, 0.09]
[34.91, 32.59, 4.77, 0.16, 0.08]
[34.76, 27.76, 0.1]
[34.8, 32.31, 0.5, 0.44]
[34.81, 31.92, 0.81, 0.47]
[34.73, 30.56, 1.75, 0.49, 0.43]
[35.23, 32.62, 1.01, 0.39, 0.37]
[34.65, 31.79, 0.77, 0.53]
[34.79, 31.56, 2.55, 0.43, 0.32]
[35.04, 31.48, 0.3]
[34.81, 22.54, 0.13]
[34.89, 29.24, 0.14]
[34.7, 27.58, 0.19]
[34.98, 32.96, 7.58, 0.06]
[34.94, 31.78, 1.09, 0.28, 0.27]
[34.93, 28.24, 0.25]
[34.99, 28.16, 0.26, 0.23]
[34.7, 32.23, 2.28, 0.21, 0.15]
[34.76, 27.35, 0.03]
[34.95, 31.96, 1.18, 0.4, 0.24, 0.08]
[34.99, 31.8, 2.13, 0.72, 0.68]
[34.72, 29.75, 0.4, 0.34]
[34.9, 24.5, 0.08]
[35.09, 20.51, 0.15]
[34.89, 30.48, 0.21]
[34.93, 28.31, 0.23]
[34.93, 28.51, 0.3]
[35.12, 26.21, 0.11]
[34.96, 28.86, 0.26, 0.22]
[34.88, 27.18, 0.36, 0.21]
[34.87, 21.39, 0.04]
[34.68, 30.28, 0.58, 0.4]
[34.83, 19.16, 0.13, 0.05]
[34.85, 32.8, 5.83, 0.71, 0.7]
[34.82, 19.49, 0.11, 0.08]
[34.67, 27.28, 0.44]
[34.68, 21.68, 0.03]
[35.02, 30.04, 0.38]
[34.54, 28.69, 0.47, 0.39]
[35.07, 31.19, 0.42, 0.33]
[34.79, 26.73, 0.05]
[34.79, 30.3, 1.08, 0.38]
[34.98, 28.85, 0.14]
[34.73, 24.33, 0.02]
