[29.87, 29.86, 29.82, 29.82, 29.81]
[29.42, 29.38, 29.36]
[29.82, 29.75, 29.71]
[29.7, 29.7, 29.69]
[29.58, 29.53, 29.51, 29.5]
[29.8, 29.76, 29.69, 29.68]
[29.63, 29.6, 29.58]
[29.71, 29.7, 29.65]
[29.83, 29.75, 29.7]
[29.67, 29.6, 29.54]
[29.62, 29.61, 29.56]
[29.62, 29.61, 29.57]
[29.67, 29.65, 29.6, 29.59]
[29.79, 29.77, 29.74]
[29.63, 29.63, 29.6]
[29.81, 29.78, 29.76]
[29.64, 29.63, 29.6]
[29.73, 29.72, 29.7]
[29.62, 29.6, 29.55]
[29.78, 29.72, 29.67, 29.66]
[29.65, 29.59, 29.52, 29.48]
[29.52, 29.47, 29.47]
[29.76, 29.72, 29.68, 29.67]
[29.53, 29.47, 29.43]
[29.51, 29.47, 29.42]
[29.69, 29.68, 29.65, 29.64]
[29.83, 29.8, 29.8]
[29.83, 29.81, 29.78, 29.77]
[29.69, 29.58, 29.57]
[29.75, 29.68, 29.62, 29.61]
[29.69, 29.66, 29.64]
[29.57, 29.54, 29.53, 29.52]
[29.59, 29.55, 29.5, 29.49]
[29.57, 29.57, 29.54]
[29.65, 29.61, 29.59, 29.58]
[29.54, 29.51]
[29.52, 29.5, 29.49, 29.49]
[29.64, 29.62, 29.59, 29.58]
[29.77, 29.73, 29.69]
[29.77, 29.76, 29.75]
[29.72, 29.73, 29.72]
[29.68, 29.64, 29.57, 29.55]
[29.73, 29.7, 29.69, 29.68]
[29.73, 29.73, 29.7]
[29.59, 29.57, 29.54, 29.52]
[29.81, 29.75, 29.7]
[29.73, 29.7, 29.68]
[29.72, 29.7, 29.68, 29.67]
[29.76, 29.75]
[29.63, 29.62, 29.59, 29.59]
[29.7, 29.69, 29.66, 29.65]
[29.7, 29.65, 29.63, 29.63]
[29.73, 29.68, 29.66]
[29.5, 29.5, 29.48]
[29.62, 29.62, 29.61]
[29.72, 29.66, 29.58, 29.57]
[29.69, 29.65, 29.65, 29.64]
[29.63, 29.6, 29.58, 29.58]
[29.81, 29.77, 29.77, 29.77]
[29.77, 29.75, 29.7]
[29.66, 29.62, 29.6]
[29.61, 29.59, 29.54]
[29.6, 29.58, 29.57, 29.56]
[29.68, 29.69, 29.67]
[29.73, 29.72, 29.69, 29.68]
[29.62, 29.6, 29.59, 29.56]
[29.66, 29.61, 29.56, 29.56]
[29.68, 29.63, 29.6, 29.59]
[29.79, 29.76, 29.73]
[29.64, 29.59, 29.57]
[29.53, 29.49, 29.4]
[29.47, 29.41, 29.39, 29.38]
[29.72, 29.7, 29.69]
[29.49, 29.5]
[29.52, 29.5, 29.5]
[29.67, 29.63, 29.59, 29.57]
[29.73, 29.68, 29.66, 29.65]
[29.57, 29.54, 29.52, 29.52]
[29.69, 29.67, 29.67, 29.66]
[29.73, 29.66, 29.64, 29.63]
[29.64, 29.63, 29.6]
[29.75, 29.75, 29.74, 29.74]
[29.71, 29.69, 29.68]
[29.64, 29.57, 29.53]
[29.61, 29.6, 29.57, 29.56]
[29.78, 29.75, 29.74, 29.73]
[29.66, 29.62, 29.6, 29.59]
[29.66, 29.67, 29.63, 29.62]
[29.63, 29.56, 29.5, 29.48]
[29.71, 29.71, 29.68]
[29.98, 29.93, 29.88, 29.86]
[29.77, 29.7, 29.65]
[29.8, 29.77, 29.76, 29.75]
[29.69, 29.65, 29.59]
[29.74, 29.66, 29.61]
[29.56, 29.52, 29.49, 29.48]
[29.69, 29.69, 29.69, 29.68]
[29.58, 29.55, 29.53]
[29.81, 29.78, 29.73]
[29.61, 29.58, 29.53]
