[37.43, 36.52, 24.9, 0.23]
[37.79, 37.31, 35.18, 25.88, 9.34, 6.41]
[38.02, 37.83, 37.85, 37.71, 37.71]
[37.94, 36.45, 29.63, 9.89, 6.47, 5.69, 5.49]
[38.14, 37.92, 37.58, 37.11, 28.74, 4.65, 1.19, 1.13]
[37.9, 37.77, 37.52, 37.22, 37.2, 37.04, 36.9, 36.89]
[37.97, 38.0, 37.92]
[37.73, 37.77, 37.8, 37.82, 37.72]
[37.99, 37.82, 37.03, 31.15, 8.91, 3.54, 3.38]
[37.7, 37.66, 37.52, 37.45]
[37.81, 37.51, 36.87, 31.16, 1.35]
[37.85, 37.29, 36.34, 23.52, 0.84]
[37.83, 37.55, 37.15, 37.18, 37.02, 37.06]
[37.6, 37.25, 34.4, 13.45, 0.53, 0.38]
[37.77, 36.47, 31.38, 9.24, 1.98, 1.56]
[38.06, 37.94, 37.69, 37.57]
[37.78, 37.3, 36.11, 28.49, 2.13, 1.42]
[37.74, 37.3, 37.39, 35.32, 10.79, 0.4]
[38.1, 37.8, 36.08, 21.89, 2.92, 1.77]
[37.95, 37.85, 37.56, 37.43]
[37.82, 36.91, 35.77, 26.49, 1.47, 0.97]
[38.01, 37.94, 37.98, 37.97]
[37.71, 37.78, 37.93, 34.03, 10.79, 2.2, 1.9]
[37.98, 37.75, 37.63]
[37.86, 37.04, 33.51, 25.32, 0.8, 0.55]
[37.59, 37.46, 37.25, 37.25]
[38.01, 37.75, 37.75]
[37.87, 37.46, 35.57, 24.71, 1.91, 0.78]
[37.78, 37.62, 35.78, 25.09, 5.78, 2.91]
[37.9, 38.01, 37.79]
[37.87, 37.77, 37.62, 37.47]
[37.93, 37.58, 37.39, 37.46, 37.06, 35.8, 32.21, 19.26, 11.25, 10.94]
[37.81, 37.78, 37.27, 36.4, 33.09, 15.61, 6.99, 6.88]
[37.66, 36.53, 29.41, 8.81, 4.43, 3.77, 3.6]
[37.86, 37.17, 35.6, 26.26, 2.74, 1.91]
[37.84, 37.82, 37.53, 37.39]
[37.67, 37.0, 34.86, 19.42, 0.21]
[37.98, 37.78, 36.67, 29.29, 5.54, 1.76]
[37.69, 37.6, 37.22, 37.11, 35.82, 31.49, 19.66, 7.65, 6.98, 4.9, 4.3]
[37.9, 37.68, 37.34, 36.99, 36.67, 36.38]
[37.83, 37.83, 37.69]
[37.73, 37.16, 35.0, 16.17, 0.53]
[37.81, 37.58, 37.15, 35.06, 20.06, 9.46, 7.8, 7.57]
[37.74, 36.32, 32.72, 7.65, 0.86, 0.83]
[37.71, 37.18, 36.12, 17.04, 1.0, 0.81]
[37.95, 37.82, 37.71, 37.57]
[37.89, 37.7, 37.56]
[37.91, 37.79, 37.67, 37.67]
[37.73, 37.37, 37.06, 34.59, 15.73, 0.5, 0.28]
[37.98, 38.0, 37.82, 37.72]
[37.86, 37.81, 37.55, 37.55, 37.43, 37.24]
[37.81, 37.61, 37.52, 37.39, 36.47, 32.98, 22.01, 7.21, 6.71]
[37.71, 37.3, 35.83, 29.1, 2.86, 2.12]
[37.88, 37.86, 37.49, 36.96, 36.8, 36.64]
[37.74, 37.57, 36.21, 25.83, 7.33, 5.64]
[37.86, 37.13, 33.78, 17.2, 0.19]
[37.87, 37.56, 37.24, 37.06]
[37.78, 37.61, 37.86, 34.1, 12.08, 0.59, 0.49]
[37.8, 37.62, 37.37]
[37.97, 37.96, 38.04, 38.1]
[38.06, 37.82, 37.39]
[37.72, 37.45, 36.29, 17.35, 0.25]
[37.7, 37.69, 37.5, 37.4]
[37.75, 37.5, 36.71, 23.07, 1.68, 1.49]
[37.87, 37.21, 36.61, 34.54, 16.02, 5.69, 2.49]
[37.73, 37.24, 37.19, 37.17, 37.03]
[37.49, 37.54]
[37.86, 37.54, 37.46, 30.02, 2.08, 1.35]
[38.0, 37.25, 31.9, 9.86, 2.31, 2.29]
[38.05, 37.84, 37.58, 37.59, 37.49]
[38.09, 38.15, 37.97]
[37.92, 37.63, 37.07, 37.07]
[37.94, 37.74, 37.58, 37.45]
[38.25, 38.15, 37.43, 30.0, 9.09, 3.16, 3.17]
[37.8, 37.08, 36.6, 32.05, 7.66, 4.72, 3.81]
[37.94, 37.98, 37.69, 37.55]
[38.0, 37.52, 36.95, 36.86, 36.84, 36.73]
[37.76, 37.37, 37.16, 37.05]
[37.78, 36.75, 32.87, 5.78, 1.54]
[37.72, 37.46, 36.95, 34.81, 17.65, 2.09, 1.51]
[37.53, 37.22, 33.01, 6.85, 0.26]
[38.04, 38.06, 37.93]
[37.97, 37.83, 37.89, 37.68, 37.4]
[38.06, 38.07, 38.07]
[37.88, 36.93, 33.83, 15.52, 5.55, 5.24]
[38.02, 37.68, 36.1, 17.74, 3.39, 3.19]
[37.85, 36.74, 32.52, 17.03, 1.09]
[37.67, 37.41, 37.35]
[37.94, 37.98, 37.92]
[37.62, 35.99, 22.57, 0.41, 0.36]
[37.79, 37.63, 37.03, 34.47, 12.58, 1.85]
[37.75, 37.53, 37.05, 37.03, 36.87, 36.84, 36.73]
[38.06, 37.71, 37.55, 37.58, 37.6]
[37.83, 37.35, 37.1, 36.72, 36.57]
[38.03, 37.9, 37.65, 37.62, 37.48]
[38.02, 37.62, 35.32, 23.47, 3.01, 1.8]
[37.91, 37.96, 38.13, 37.98, 37.81, 37.7]
[37.73, 36.96, 35.44, 31.04, 18.15, 7.77, 7.52]
[37.37, 37.25, 37.15, 37.04]
[37.94, 37.76, 37.57]
[37.72, 37.3, 37.1, 37.1, 36.96]
[37.72, 37.64, 37.56, 37.42]
[37.91, 37.53, 36.52, 28.03, 3.48, 2.87, 1.55]
[37.91, 37.47, 36.85, 36.04, 33.98, 28.69, 8.41, 4.63, 4.19]
[37.66, 37.32, 36.77, 36.81, 36.68, 36.71]
[38.06, 37.77, 37.38, 37.23, 37.07]
[37.59, 37.43, 37.24, 36.98]
[37.81, 37.55, 37.61, 37.54]
[38.13, 38.03, 37.73, 37.6, 37.58, 37.46]
[37.8, 37.47, 37.35, 37.06]
[37.84, 37.91, 37.68, 37.4, 37.29]
[37.7, 36.68, 30.49, 5.88, 1.07]
[37.94, 37.67, 35.73, 26.66, 5.73, 3.95]
[37.62, 37.0, 31.04, 6.55, 0.22]
[37.89, 37.58, 37.06, 36.95]
[37.78, 37.65, 37.65, 37.4]
[37.82, 37.7, 37.46, 37.39]
[37.9, 37.97, 37.77, 37.67]
[37.62, 37.2, 34.78, 19.95, 1.72, 1.12]
[38.14, 37.96, 37.34, 28.76, 0.66]
[38.28, 37.94, 37.64, 37.33, 34.19, 18.19, 11.93, 10.7]
[37.82, 37.6, 37.24, 37.23, 37.12]
[38.02, 37.57, 33.41, 14.4, 2.28]
[37.82, 34.81, 9.08, 0.69, 0.66]
[37.99, 38.04, 37.94]
[37.72, 37.54, 37.43]
[38.3, 38.0, 36.95, 31.05, 9.52, 2.01]
[37.65, 35.89, 25.86, 2.02, 1.51]
[37.95, 37.87, 37.59, 37.45]
[37.96, 37.62, 37.17, 37.0, 36.69]
[37.9, 37.83, 37.73]
[37.82, 37.56, 37.42, 37.29]
[37.97, 37.67, 34.41, 21.7, 7.43, 4.88]
[37.87, 37.13, 33.5, 10.54, 1.89, 1.38]
[37.9, 36.98, 34.2, 23.14, 2.19, 1.41]
[38.07, 37.67, 37.6, 28.2, 0.35]
[37.74, 37.71, 37.51]
[37.76, 37.08, 35.7, 23.39, 1.79]
[38.17, 38.09, 37.47, 37.52, 37.52, 37.37]
[37.92, 38.01, 37.87, 37.72]
[38.09, 37.31, 35.9, 20.04, 1.16]
[37.83, 37.6, 36.9, 28.44, 3.52, 2.02]
[37.86, 37.95]
[37.84, 37.81, 37.38, 37.38]
[37.81, 37.41, 36.12, 24.03, 3.28, 1.4, 0.89]
[37.86, 37.47, 36.04, 22.25, 1.08, 0.68]
[37.77, 36.97, 32.03, 5.47, 0.93, 0.74]
[37.64, 35.79, 16.22, 0.5, 0.37]
[37.86, 37.69, 37.34, 37.0, 36.84, 36.71]
[37.82, 37.54, 37.56]
[37.95, 37.98, 37.88, 37.88, 37.76]
[38.25, 38.32, 37.85, 37.64]
[37.76, 36.89, 32.86, 16.63, 5.8, 5.2, 4.85]
[37.74, 37.32, 36.97, 36.64]
[38.1, 37.54, 36.09, 26.02, 7.63, 1.16]
[37.75, 37.47, 37.34]
[38.12, 38.15, 38.04]
[38.06, 37.64, 37.64, 37.51]
[38.08, 37.73, 36.61, 28.23, 4.99, 3.77]
[37.9, 37.75, 37.42, 37.21, 37.21]
[38.02, 37.89, 37.85]
[37.87, 37.45, 36.9, 32.23, 11.31, 1.15, 1.1]
[38.12, 36.95, 30.9, 4.89, 3.17]
[37.86, 37.65, 37.17, 35.25, 22.28, 3.63, 2.81, 2.59, 1.96]
[38.07, 37.95, 37.81]
[37.64, 37.14, 37.26, 37.01, 36.99]
[37.67, 37.63, 37.47, 37.21]
[37.98, 37.8, 37.57, 37.58]
[37.93, 37.97, 37.88, 37.21, 37.12, 34.23, 9.65, 2.98, 1.8, 1.57]
[37.92, 36.97, 34.18, 18.7, 3.52, 2.06]
[37.95, 37.85, 37.84]
[38.25, 38.34, 38.2, 38.05]
[37.6, 37.47, 37.34, 37.35]
[37.99, 37.52, 36.34, 29.42, 4.22, 3.08]
[37.74, 37.72, 37.55, 37.22]
[37.76, 37.81, 37.65]
[37.71, 37.61, 37.5]
[37.83, 37.66, 36.97, 29.5, 9.84, 5.33, 4.77]
[37.98, 37.75, 37.9, 37.62]
[37.95, 37.31, 35.31, 21.45, 4.32, 1.54, 1.18]
[38.06, 37.63, 36.66, 31.95, 9.89, 4.31]
[37.75, 36.72, 33.17, 9.0, 1.94]
[37.89, 37.96, 38.0]
[37.77, 37.52, 37.25, 36.47, 21.76, 5.38, 3.33]
[38.15, 37.97, 37.67, 37.58, 37.43, 37.35]
[37.84, 37.46, 33.79, 5.88, 4.62]
[37.73, 37.56, 37.1, 36.96, 36.83]
[37.96, 37.93, 38.0, 37.88, 37.74, 37.62]
[38.06, 37.46, 34.99, 25.16, 5.23, 4.09]
[37.65, 37.54, 37.27, 37.28]
[37.93, 37.03, 33.38, 24.14, 3.35, 2.39]
[37.92, 37.71, 37.17]
[38.01, 37.9, 37.56, 37.43, 37.43]
[37.71, 37.51, 37.38, 37.29, 37.39, 37.39]
[37.98, 38.04, 37.89]
[38.01, 37.32, 35.84, 17.9, 3.58, 3.07]
[38.04, 38.01, 37.92]
[37.88, 37.8, 37.74]
[37.94, 37.81, 37.7, 37.69]
[38.05, 37.95, 37.42, 36.22, 24.4, 12.3, 12.09]
[37.91, 37.99]
[37.88, 37.21, 32.23, 11.64, 5.85, 5.73]
[37.99, 37.59, 37.34, 37.11, 36.97, 36.95, 36.79, 36.8]
[37.77, 37.3, 34.61, 19.21, 0.35, 0.24]
[37.95, 37.61, 36.75, 33.98, 16.82, 12.56, 11.23]
[37.68, 37.45, 36.03, 16.56, 4.57, 3.88]
[37.75, 37.61, 37.62]
[38.05, 37.74, 37.23, 37.15]
[37.86, 37.8, 37.37, 37.23]
[38.1, 38.06, 37.45, 37.24, 37.28]
[38.1, 37.89, 37.74, 37.4, 34.41, 14.28, 1.71, 1.29, 0.54]
[37.69, 37.36, 37.11, 37.11, 36.99]
[37.65, 37.1, 34.18, 18.83, 2.68, 2.21]
[38.07, 37.64, 36.84, 27.18, 0.56, 0.38]
[37.83, 37.08, 35.2, 24.78, 1.66, 0.86]
[37.95, 37.76, 37.62]
[37.73, 37.76, 37.66]
[37.95, 37.72, 37.34, 36.67, 36.36, 32.72, 22.34, 7.51, 1.85, 1.38]
[37.61, 37.29, 35.58, 24.68, 0.53]
[37.81, 37.6, 37.6, 37.35, 37.09]
[38.13, 37.78, 36.83, 36.2, 32.42, 24.96, 10.69, 2.03]
[38.03, 37.81, 36.74, 31.22, 12.03, 1.67, 1.64]
[37.7, 37.26, 36.48, 29.03, 5.1, 2.44]
[37.81, 37.7, 37.5, 37.29, 37.32]
[37.79, 37.49, 36.4, 36.32, 36.15, 36.16]
[37.74, 37.11, 31.83, 11.92, 5.09, 4.79]
[37.96, 37.66, 37.41, 34.46, 16.9, 1.92, 1.39]
[37.95, 37.72, 37.36, 36.27, 30.45, 7.28, 1.81, 1.71]
[37.82, 37.73, 37.51, 35.4, 21.49, 7.23, 4.95, 2.22]
[37.67, 37.19, 35.73, 26.22, 1.79, 0.97]
[38.02, 37.63, 35.52, 20.42, 2.82]
[37.55, 36.27, 23.72, 0.34]
[37.94, 36.69, 31.89, 13.47, 5.53, 3.89]
[37.72, 37.32, 36.57, 35.73, 25.55, 9.79, 7.31]
[37.89, 37.63, 36.21, 28.52, 6.0, 4.85, 2.98]
[37.72, 37.35, 37.28, 37.13, 37.02]
[37.69, 37.69, 37.66, 37.54]
[37.71, 37.2, 32.37, 6.78, 1.44]
[38.07, 37.91, 37.76]
[37.83, 37.63, 37.1, 35.49, 23.75, 7.35, 3.52]
[38.08, 37.89, 37.55, 37.39]
[37.64, 37.76, 37.61]
[38.17, 38.01, 37.96, 37.74]
[37.68, 37.64, 37.46, 37.45, 37.37]
[37.98, 37.88, 37.32, 36.33, 29.11, 8.44, 2.69, 2.02]
[37.71, 37.59, 37.43]
[38.13, 37.98, 37.74, 37.83, 37.92, 37.78, 37.06, 36.63, 36.66]
[37.82, 36.74, 33.11, 18.3, 5.69, 1.94]
[37.61, 37.51, 37.29, 37.17]
[37.63, 37.2, 35.41, 27.58, 4.43, 2.4, 2.07]
[37.76, 37.52, 37.39, 37.1, 37.11]
[37.47, 36.92, 34.02, 12.87, 0.61]
[37.42, 37.25, 36.9, 36.79, 36.31, 31.82, 8.76, 3.11]
[37.41, 36.14, 34.38, 21.71, 2.91, 1.73]
[37.84, 36.94, 33.27, 13.56, 1.33]
[37.8, 37.38, 37.31, 37.21, 37.05]
[37.8, 37.24, 35.95, 28.24, 1.06, 0.76]
[37.75, 37.42, 37.22, 29.81, 2.17, 1.17]
[38.26, 38.1, 38.07, 35.59, 15.02, 1.41]
[37.78, 37.72, 37.43, 37.22]
[38.06, 37.56, 33.43, 9.65, 4.5, 4.54]
[38.01, 37.87, 38.09, 37.01, 28.2, 11.07, 8.34]
[37.85, 37.22, 33.57, 21.67, 10.14, 8.68, 8.3]
[37.9, 37.78, 37.36, 36.87, 36.6]
[37.87, 37.87, 37.64]
[37.84, 37.71, 37.58, 37.31, 37.3, 37.29, 37.18]
[38.04, 37.6, 36.87, 30.82, 2.32, 1.48]
[37.94, 37.53, 37.54, 37.51, 36.99, 36.99]
[37.51, 36.3, 30.86, 1.37, 0.71]
[37.94, 37.85, 37.38, 37.22, 36.99, 36.84]
[38.08, 37.8, 37.34, 31.48, 2.69, 1.63, 1.31]
[37.89, 37.82, 36.7, 30.22, 8.14, 4.69, 4.47]
[37.84, 37.65, 37.19, 35.46, 19.98, 6.44, 4.68, 4.11]
[37.84, 37.56, 37.6, 35.46, 17.51, 2.12, 1.48]
[37.81, 36.84, 36.51, 34.73, 25.21, 16.25, 13.76, 13.57]
[37.84, 37.34, 34.5, 12.88, 0.55, 0.5]
[37.96, 37.09, 34.91, 23.95, 4.07, 2.86, 1.12]
[37.86, 37.52, 36.8, 33.77, 18.0, 5.67, 4.22]
[37.84, 36.51, 31.58, 9.51, 4.78, 4.49]
[37.96, 37.71, 36.21, 25.15, 8.33, 2.14, 1.19]
[38.13, 37.52, 36.98, 34.04, 16.76, 1.99, 1.76]
[37.78, 37.64, 37.66]
[37.81, 37.28, 36.88, 34.02, 17.21, 6.72, 5.67]
[37.83, 37.25, 31.76, 11.86, 1.45]
[37.92, 37.85, 37.66, 37.52]
[37.66, 37.38, 36.1, 25.77, 3.69, 2.5]
[37.77, 37.9, 37.91]
[37.79, 37.67, 37.65, 36.51, 25.97, 13.69, 9.95, 6.07]
[37.74, 37.85, 37.73]
[38.13, 37.98, 37.34, 32.16, 9.3, 2.64]
[37.56, 36.82, 34.51, 20.39, 1.32, 1.12, 0.46]
[38.38, 38.34, 38.37, 38.26]
[37.87, 37.84, 37.55, 31.97, 0.48]
[37.98, 37.55, 36.82, 33.43, 18.68, 10.55, 9.53, 9.03]
[38.04, 38.13, 37.97, 37.97]
[38.21, 38.14, 37.95, 37.61]
[37.97, 37.73, 37.39, 37.22, 36.92, 36.91, 36.9, 36.9]
[38.18, 37.84, 37.37, 36.82, 35.37, 27.07, 9.06, 7.14, 5.51]
[37.8, 37.58, 37.0, 36.88, 31.78, 6.44, 2.82]
[37.83, 37.81, 37.43, 36.42, 34.4, 26.18, 16.79, 11.16, 9.08]
[37.62, 36.83, 31.34, 9.94, 1.96]
[37.76, 37.74, 37.6]
[38.01, 37.48, 36.92, 35.34, 32.32, 25.29, 11.45, 5.31, 1.54]
[38.1, 37.38, 36.71, 29.84, 5.72, 0.83]
[37.71, 37.07, 32.45, 8.77, 0.31, 0.27]
[37.87, 37.73, 37.49]
[37.87, 37.32, 34.18, 18.87, 3.6, 3.62]
[37.65, 37.47, 37.33, 37.22]
[37.65, 37.45, 37.14]
[38.0, 37.64, 36.37, 28.38, 3.11, 1.78]
[37.83, 37.89, 37.67, 36.39, 24.69, 8.14, 4.21, 4.24]
[37.72, 37.47, 35.03, 22.58, 0.5]
[37.78, 37.32, 34.99, 16.62, 0.35]
[37.81, 37.33, 36.94, 34.72, 18.16, 4.34, 2.31, 1.47]
[37.86, 37.62, 37.35, 37.23]
[38.15, 37.75, 37.53, 35.36, 22.01, 1.04, 0.8]
[37.79, 37.66, 37.52]
[38.06, 37.66, 36.65, 35.1, 29.97, 16.93, 2.47, 2.03]
[38.11, 37.42, 35.71, 18.1, 2.08, 1.11]
[37.78, 36.68, 27.68, 4.8, 2.7, 2.54]
[37.78, 37.28, 36.04, 26.37, 0.79, 0.63, 0.34]
[37.9, 37.57, 37.19, 35.87, 28.62, 5.08, 1.35]
[37.84, 37.75, 37.74]
[37.87, 36.47, 32.8, 19.55, 4.62, 3.3]
[37.8, 37.83, 37.38, 37.23, 36.69, 35.1, 25.62, 14.69, 9.16]
[37.96, 37.88, 37.73]
[38.02, 37.71, 36.35, 26.26, 4.91, 2.0]
[37.88, 37.69, 37.49, 37.14, 36.82]
[37.7, 37.59, 37.54, 37.41, 36.95, 36.81]
[37.96, 37.33, 36.43, 31.53, 19.5, 6.28, 6.06]
[37.82, 37.7, 37.44, 37.34]
[37.65, 37.21, 34.09, 8.78, 0.76, 0.71]
[37.89, 37.75, 37.4, 37.01]
[37.93, 37.21, 35.23, 23.4, 4.39, 4.24]
[37.78, 37.72, 37.62, 37.54]
[37.67, 37.55, 36.83, 36.56, 36.0, 36.0]
[37.69, 37.61, 37.7, 37.52, 37.61, 37.63]
[37.97, 37.0, 33.76, 20.19, 1.54]
[37.69, 37.43, 36.96, 36.99]
[37.52, 36.37, 27.05, 4.7, 3.46]
[37.99, 37.87, 37.91, 37.83, 37.82]
[37.66, 37.48, 37.41, 37.3]
[37.97, 37.52, 36.83, 31.25, 1.57, 0.69]
[37.71, 37.55, 37.3, 37.19, 37.07]
[37.62, 37.33, 36.83, 31.57, 4.37, 3.29]
[38.03, 38.18, 37.75, 31.75, 12.14, 1.43, 1.38]
[37.85, 37.52, 37.39, 36.95, 36.94]
[37.93, 37.75]
[37.87, 37.07, 34.75, 18.51, 0.27]
[37.64, 36.93, 32.51, 8.08, 0.31]
[37.68, 37.38, 36.75, 27.46, 4.97, 4.11]
[37.96, 37.06, 32.85, 14.89, 4.74, 3.1, 2.78, 2.43]
[37.99, 37.41, 35.79, 22.64, 1.66]
[37.97, 37.64, 36.93, 34.76, 8.62, 0.9]
[37.89, 37.6, 36.89, 35.99, 27.23, 1.62, 1.15]
[37.85, 37.9, 37.55]
[37.8, 37.37, 36.02, 30.92, 9.01, 3.75, 3.58]
[37.8, 36.05, 30.25, 4.33, 1.8]
[37.99, 37.97]
[37.98, 37.91, 37.88, 37.76]
[38.13, 37.82, 36.64, 29.57, 6.11, 3.66]
[37.65, 37.12, 33.65, 8.94, 0.05]
[38.13, 38.03, 37.76, 37.76]
[37.82, 37.44, 36.92, 36.44, 36.29]
[38.09, 37.49, 33.76, 15.92, 4.97, 4.27]
[37.42, 35.65, 15.57, 0.17]
[37.86, 37.56, 36.8, 29.42, 4.41, 0.35]
[38.01, 37.95, 37.81]
[37.88, 37.71, 37.56]
[37.75, 37.59, 37.18]
[38.12, 37.95, 37.85, 37.84, 37.7]
[38.09, 38.03, 37.74, 37.63]
[37.88, 37.04, 30.62, 11.44, 5.83, 5.66]
[37.73, 37.7, 37.5, 37.26, 37.24, 37.25]
[37.52, 35.49, 25.92, 2.29]
[37.63, 36.78, 34.89, 24.35, 1.48, 1.31]
[37.91, 37.88, 37.69]
[37.75, 37.47, 37.26, 37.15]
[37.93, 37.77, 36.72, 36.62]
[38.15, 38.29, 38.32, 38.05, 37.34, 29.91, 15.26, 4.68, 4.22]
[37.71, 37.75, 37.56]
[37.8, 37.8, 37.39, 37.1, 37.12, 37.15, 37.03]
[38.0, 37.49, 36.91, 35.56, 26.74, 2.87, 1.76]
[37.69, 37.6, 37.65, 37.57]
[37.92, 37.96, 37.96]
[37.96, 37.31, 34.31, 13.13, 3.24, 2.05]
[37.93, 37.77, 37.69, 37.46, 37.44, 37.31]
[37.66, 37.28, 34.75, 23.48, 10.99, 8.87]
[37.68, 37.28, 37.02, 33.84, 11.65, 5.04, 2.77]
[37.6, 37.41, 35.69, 21.85, 3.15, 1.45]
[37.82, 37.67, 37.67]
[37.9, 37.55, 37.92, 36.07, 6.79, 1.04]
[38.06, 37.89, 37.56, 37.11, 34.09, 20.91, 10.33, 6.17]
[37.65, 37.4, 37.06, 37.09, 37.07, 36.94]
[37.81, 37.61, 37.57, 37.6]
[37.75, 37.67, 37.47, 37.33]
[37.97, 37.89, 37.81, 35.45, 8.56, 1.89, 1.63, 1.15]
[37.6, 37.56, 37.55]
[37.64, 37.34, 35.77, 21.93, 0.1]
[37.62, 37.75, 37.85, 31.13, 3.29, 0.52]
[37.76, 37.64, 37.15, 32.56, 9.21, 4.1]
[38.03, 37.82, 37.63, 37.45]
[37.84, 37.46, 37.42, 37.29, 37.15]
[37.69, 35.18, 21.51, 1.38, 1.09]
[37.65, 36.57, 31.85, 3.43, 1.01]
[38.08, 37.95, 37.86, 36.43, 21.84, 0.63]
[37.94, 37.9, 37.53, 37.25]
[37.78, 37.48, 37.07, 32.98, 10.61, 0.77, 0.71]
[38.06, 37.72, 36.26, 26.06, 0.22]
[37.87, 37.56, 36.83, 27.57, 0.7, 0.52]
[37.94, 37.57, 36.97, 26.75, 3.02, 1.93]
[37.8, 37.56, 36.0, 26.12, 4.83, 3.89, 3.12]
[37.72, 37.6, 37.11, 37.07, 36.79]
[37.71, 37.76, 37.77]
[37.73, 37.53, 36.11, 27.4, 12.71, 9.54, 8.09, 7.51]
[37.82, 37.64, 37.03, 35.99, 26.46, 1.37, 0.71]
[37.88, 37.6, 36.95, 35.38, 25.58, 4.01, 2.59]
[37.79, 37.73, 37.49]
[37.91, 37.01, 35.22, 20.78, 0.42]
[37.8, 37.81, 37.68]
[37.79, 36.22, 31.29, 11.15, 1.21, 1.02]
[37.48, 36.58, 34.68, 23.2, 0.65]
[37.72, 37.43, 37.35, 37.17, 36.75]
[37.76, 37.72, 37.65, 37.67, 37.51]
[37.82, 37.66, 36.93, 28.21, 0.34]
[37.71, 37.67, 35.71, 18.53, 10.76, 9.49]
[37.65, 36.8, 28.27, 0.35, 0.27]
[37.8, 37.76, 37.33, 37.02]
[37.94, 37.58, 36.25, 26.97, 1.84]
[37.63, 37.52, 37.51]
[37.38, 36.77, 26.39, 0.93, 0.66]
[37.77, 36.56, 32.48, 11.03, 0.6, 0.56]
[37.7, 37.22, 35.12, 19.42, 2.15, 0.94]
[37.84, 37.56, 37.1, 36.97, 35.21, 24.75, 7.46, 3.05]
[37.63, 37.57, 37.17, 35.81, 27.28, 8.45, 4.74, 2.6, 1.05]
[37.89, 37.99, 37.84]
[38.16, 37.97, 37.25, 37.21, 36.94]
[37.82, 37.39, 35.82, 27.4, 4.12, 2.45]
[37.95, 37.99, 38.0, 38.03]
[38.05, 38.1, 38.06, 38.05]
[37.89, 37.83, 37.48, 37.23, 36.8, 36.56]
[37.63, 37.26, 35.08, 24.51, 0.78]
[37.94, 37.53, 36.21, 29.07, 6.55, 3.71]
[37.63, 37.59, 35.95, 21.96, 1.45, 0.89]
[37.97, 37.28, 34.27, 21.16, 5.67, 4.88]
[37.93, 37.87, 37.52]
[38.2, 37.65, 34.67, 13.51, 0.45]
[37.85, 37.75, 37.28, 37.3]
[37.81, 37.83, 37.64]
[37.94, 37.36, 36.41, 26.13, 2.36, 1.32]
[37.65, 37.5, 37.31, 37.23]
[37.9, 37.45, 37.43, 35.13, 15.33, 0.28]
[37.76, 37.68, 37.7, 37.7]
[37.72, 37.42, 37.15, 36.47, 28.96, 8.42, 6.03]
[37.81, 37.64, 34.15, 4.32, 2.54, 2.36]
[37.85, 37.31, 36.77, 29.63, 12.32, 4.75, 4.58]
[37.74, 37.78, 37.67]
[37.82, 37.85, 37.76, 37.61]
[37.74, 37.76, 37.82, 37.39, 37.26]
[37.81, 36.78, 31.05, 8.67, 3.58, 3.38]
[37.74, 37.47, 37.71, 33.68, 12.63, 0.69]
[37.9, 37.88, 37.58, 37.42]
[37.84, 37.49, 37.31, 37.19, 37.1]
[37.85, 37.36, 36.04, 24.16, 0.45, 0.11]
[37.47, 36.67, 29.72, 1.08, 0.96]
[38.06, 37.69, 36.88, 32.94, 3.3, 0.73]
[37.87, 36.69, 29.63, 6.58, 1.75]
[37.88, 37.35, 36.64, 33.5, 20.71, 4.76, 3.69, 3.44]
[37.99, 37.03, 35.12, 21.29, 0.65]
[37.83, 37.48, 36.63, 35.49, 27.4, 8.11, 5.94, 4.21]
[37.91, 37.12, 33.55, 17.18, 3.61, 3.26]
[37.66, 35.23, 18.63, 1.07, 0.91]
[37.8, 37.36, 37.05, 36.72, 36.54, 36.38]
[37.66, 37.68, 37.52]
[38.0, 37.88, 37.23, 34.88, 15.5, 3.62, 1.79, 1.22]
[38.17, 38.2, 38.02, 37.93]
[37.94, 37.91, 37.59, 37.02, 36.58, 35.88, 35.64]
[38.13, 36.64, 33.44, 22.18, 3.94, 1.47]
[37.99, 37.65, 36.09, 14.98, 1.67, 1.42]
[37.76, 37.76, 37.58, 37.62, 37.66]
[37.66, 37.57, 37.39, 37.24, 37.15]
[37.79, 37.48, 37.44, 37.46]
[37.94, 37.9, 37.55, 36.55, 36.55, 36.41]
[37.67, 36.83, 34.71, 18.88, 0.68]
[37.97, 37.33, 37.06, 35.44, 25.24, 2.51, 1.68]
[37.96, 37.62, 37.59, 37.56, 37.46]
[37.57, 35.24, 20.34, 0.23]
[37.88, 37.39, 35.69, 26.57, 12.3, 4.73, 4.23]
[37.67, 37.43, 37.13, 35.83, 25.69, 13.43, 10.36]
[38.06, 38.01, 37.98, 37.92]
[37.81, 37.67, 37.34, 37.38]
[37.7, 37.02, 36.93, 36.81, 36.67]
[38.17, 37.62, 31.91, 5.68, 2.71]
[37.99, 37.82, 37.49, 30.33, 3.35, 0.88]
[37.89, 37.89, 37.42, 37.41, 37.36]
[37.69, 37.65, 36.85, 32.18, 9.7, 3.25, 2.5, 2.05]
[38.19, 37.35, 34.28, 18.23, 2.73, 1.09]
[38.03, 38.01, 37.7]
[37.84, 37.53, 36.97, 35.66, 27.24, 10.18, 2.46]
[37.84, 37.2, 37.16, 37.11]
[37.88, 37.97, 37.97]
[37.62, 36.77, 34.64, 22.55, 4.79, 4.18]
[37.53, 35.49, 25.57, 1.08, 0.99, 0.79]
[37.89, 37.87, 37.73, 37.64, 37.64, 37.51]
[37.85, 37.63, 37.47, 36.17, 24.95, 3.92, 2.48]
[37.76, 37.24, 37.05, 35.95, 30.1, 10.02, 2.41, 2.08]
[37.97, 37.2, 36.25, 25.25, 1.54, 1.37]
[37.74, 37.62, 36.03, 23.38, 1.31, 0.39]
[37.53, 37.46, 37.21]
[37.76, 37.28, 34.76, 23.36, 5.07, 4.1]
[37.71, 37.45, 34.38, 19.31, 6.15, 3.8]
[38.08, 37.58, 36.17, 32.05, 13.13, 6.58, 5.88, 5.65]
[37.64, 36.69, 28.71, 2.93, 1.66]
[37.52, 37.54, 36.7, 26.96, 1.07]
[37.71, 37.62, 37.63]
[37.55, 37.52, 37.15]
[37.72, 37.63, 37.48]
[37.97, 38.02, 38.02]
[37.59, 37.53, 37.4, 37.28]
[37.73, 37.23, 36.87, 31.3, 4.44, 1.53, 1.1]
[37.98, 38.02, 37.96, 37.94, 37.85]
[37.75, 37.61, 37.56, 37.44]
[37.81, 37.54, 37.45, 37.05]
[37.85, 37.7, 37.19, 36.84, 35.85, 35.31, 31.34, 17.46, 7.78, 7.3]
[37.78, 37.67, 37.41, 37.28]
[38.1, 37.94, 37.55, 37.42, 37.34]
[37.74, 37.45, 37.09, 32.67, 2.1, 1.05]
[37.76, 37.13, 34.68, 19.59, 0.79]
[37.84, 37.65]
[37.73, 37.31, 36.64, 35.28, 29.65, 12.57, 2.63, 1.98]
[38.14, 38.2, 37.47, 22.1, 1.3, 0.83]
[37.97, 37.86, 37.74]
[37.95, 37.66, 36.7, 32.97, 17.75, 2.9, 2.62, 1.2]
[37.58, 35.7, 14.6, 0.21]
[37.83, 37.7, 37.36, 37.47, 37.17, 33.16, 9.11, 0.34, 0.19]
[37.7, 37.73, 37.62, 37.47, 36.69, 29.15, 7.74, 3.45]
[37.65, 37.75, 37.78, 37.7, 37.56]
[37.63, 37.44, 36.93, 28.91, 0.21]
[37.78, 37.53, 37.47, 34.65, 26.37, 9.22, 5.65, 5.37]
[37.97, 38.15, 37.99, 37.98]
[38.14, 38.15, 38.15]
[37.96, 37.81, 37.08, 36.57, 36.33]
[38.0, 38.02, 37.88]
[37.86, 37.15, 36.64, 34.41, 18.07, 1.15, 0.96]
[37.59, 37.18, 36.56, 36.49]
[38.04, 38.0, 37.63, 37.53]
[37.84, 37.86, 37.74]
[38.04, 37.65, 36.19, 28.68, 9.33, 5.69]
[37.99, 37.99, 37.84, 37.71]
[37.8, 37.77, 37.69, 37.49, 37.5]
[37.83, 37.34, 34.6, 14.12, 0.3]
[37.79, 37.51, 37.14, 30.09, 0.65]
[38.05, 37.76, 37.2, 35.13, 24.92, 6.28, 4.63, 4.42]
[37.94, 37.95, 37.69]
[37.87, 36.46, 30.32, 3.2, 2.77]
[37.68, 36.49, 33.34, 19.28, 2.29, 1.38]
[37.78, 37.15, 35.98, 29.95, 17.5, 13.87, 10.67, 8.06, 7.84]
[37.99, 37.88, 37.79, 37.7]
[37.97, 37.82, 37.8, 37.66]
[37.84, 37.81, 36.14, 30.37, 9.81, 2.59]
[37.81, 37.7, 37.64, 37.64]
[37.88, 37.56, 37.1, 37.11]
[37.8, 37.5, 37.64, 37.38, 37.13, 37.15, 37.03]
[37.81, 37.52, 37.61, 37.51]
[37.78, 37.7, 37.48, 37.39, 36.25, 31.51, 21.72, 14.49, 12.02, 11.46]
[37.63, 36.7, 33.51, 15.81, 6.35, 5.51]
[37.98, 37.57, 36.95, 29.63, 12.9, 6.41, 5.87]
[37.99, 37.85, 37.78, 37.79, 37.65]
[37.6, 37.49, 36.98, 34.0, 12.9, 1.55]
[37.95, 37.57, 36.28, 22.64, 0.78]
[37.92, 37.27, 35.97, 21.12, 0.53]
[37.66, 37.69, 37.44, 37.38]
[37.89, 37.97, 38.11, 38.13, 37.78, 37.75]
[37.71, 37.76, 37.38, 37.38, 37.39, 37.25]
[37.85, 37.84, 37.55]
[38.05, 38.03, 37.33, 22.85, 0.13]
[37.74, 37.49, 37.13, 25.5, 1.31, 0.76]
[37.66, 37.43, 37.08, 36.57, 36.39, 36.09]
[38.04, 38.18, 38.18]
[37.89, 37.75, 37.58]
[37.91, 37.42, 34.24, 16.91, 4.48, 3.11]
[37.58, 37.74, 37.46, 37.5]
[37.62, 35.99, 28.81, 4.69, 0.52]
[37.85, 37.78, 37.52, 37.43, 37.21, 37.04, 36.83]
[37.71, 36.31, 30.39, 1.17, 1.01]
[37.84, 37.55, 37.24, 37.13, 37.12, 36.98]
[37.98, 38.0, 38.0, 37.87]
[37.63, 37.31, 36.97, 33.85, 18.08, 1.54, 1.48]
[38.18, 38.17, 38.05]
[37.97, 37.73, 37.67, 37.54, 37.52]
[38.06, 37.99, 37.93, 37.78, 37.66]
[37.79, 37.55, 37.17, 36.76, 36.75, 36.75, 36.62]
[38.11, 37.89, 37.08, 24.51, 2.35, 1.82]
[37.95, 37.39, 36.6, 32.4, 16.33, 5.79, 4.17]
[38.23, 37.98, 37.88, 37.73]
[37.77, 37.55, 37.41, 37.44]
[37.68, 37.58, 36.6, 19.92, 0.3]
[37.86, 37.77, 37.77, 37.62]
[37.43, 35.96, 24.91, 0.67]
[37.93, 37.3, 35.96, 26.99, 4.11, 1.21]
[37.84, 37.75]
[38.29, 38.34, 38.21]
[37.84, 37.5, 36.81, 34.0, 23.85, 8.55, 7.11, 6.83]
[37.67, 37.49, 37.36, 37.36, 37.35, 37.27]
[37.86, 37.64, 37.65]
[37.72, 37.71]
[37.96, 36.17, 22.94, 0.96, 0.55]
[37.92, 37.69, 37.56, 37.44]
[38.29, 37.84, 35.88, 24.4, 2.77, 1.35]
[38.3, 38.12, 38.09]
[37.61, 37.25, 35.67, 28.23, 1.9, 0.78]
[37.99, 38.02, 37.8, 37.62]
[37.67, 36.84, 31.21, 10.17, 3.48]
[37.7, 36.78, 29.68, 3.63, 2.4, 2.18]
[37.83, 37.26, 36.1, 24.53, 6.0, 3.25]
[37.97, 37.81, 37.65, 37.17, 29.31, 10.34, 8.04, 7.54, 6.38]
[37.75, 37.76, 37.72, 37.67]
[37.64, 36.61, 31.96, 16.27, 4.76, 4.6]
[37.76, 37.33, 36.96, 31.64, 9.11, 3.35, 2.59, 2.01]
[38.02, 37.85, 37.67, 37.67, 37.51]
[37.99, 37.3, 34.35, 18.39, 0.96]
[37.69, 37.43, 37.56, 32.79, 0.95]
[37.78, 37.5, 37.48, 37.25, 37.12]
[38.12, 37.79, 35.1, 21.63, 2.19, 1.22]
[37.97, 37.35, 35.15, 25.15, 1.44]
[37.86, 36.4, 31.49, 9.99, 2.69, 2.69]
[37.82, 37.36, 37.03, 33.53, 16.27, 7.75]
[37.76, 37.51, 37.22]
[37.81, 37.82, 37.8, 37.8]
[37.67, 36.99, 35.11, 22.27, 0.35]
[37.94, 37.75, 37.61, 37.52]
[37.78, 37.59, 37.57, 37.57]
[37.88, 37.44, 35.78, 27.04, 4.73, 2.04]
[37.92, 37.73, 37.55, 37.14, 33.6, 14.97, 5.91, 5.16, 4.85]
[37.55, 37.43, 37.44, 30.35, 2.99, 0.69]
[37.4, 37.37, 37.39]
[37.78, 37.62, 36.99, 36.79, 36.64]
[38.2, 37.99, 37.71, 36.68, 29.78, 5.62, 2.86]
[37.73, 37.87, 37.63, 37.54]
[37.88, 37.37, 36.59, 28.26, 1.34, 1.14]
[37.66, 37.25, 35.84, 27.06, 2.72, 1.55]
[38.0, 38.13, 38.12]
[38.05, 37.75, 37.64, 37.56]
[37.79, 37.68, 37.39, 37.25]
[37.51, 37.48, 37.14, 36.94, 36.96]
[37.9, 37.81, 37.52, 37.44]
[37.98, 37.67, 37.01, 30.7, 3.38, 0.46]
[37.63, 37.43, 35.94, 25.67, 6.32, 2.41]
[37.61, 34.54, 10.71, 0.47]
[37.86, 37.88, 38.15, 37.8, 36.56, 33.01, 20.2, 13.07, 9.14, 6.66]
[37.87, 37.87, 37.65, 37.63]
[38.09, 38.09, 37.93]
[37.44, 36.45, 35.23, 19.59, 1.48, 0.91]
[37.9, 37.04, 34.27, 18.27, 4.41, 2.39]
[38.03, 37.74, 37.35, 33.88, 20.53, 9.57, 6.15, 5.92]
[38.06, 37.82, 36.23, 18.02, 1.74, 1.25]
[37.91, 37.74, 37.4]
[38.17, 37.98, 37.93, 37.61, 37.61, 37.46]
[37.98, 38.04, 37.74]
[37.63, 37.38, 37.07, 36.98, 36.72]
[37.87, 37.5, 37.44, 36.77, 36.65, 36.47, 36.28]
[37.84, 37.11, 34.25, 17.4, 0.82]
[37.84, 37.62, 37.55, 35.27, 20.28, 0.8]
[37.74, 37.42, 36.26, 33.04, 21.66, 10.58, 7.79, 7.29]
[37.98, 37.98, 37.87, 37.79]
[37.85, 37.91, 37.81]
[37.92, 37.83, 37.71, 37.06, 37.07, 36.91]
[37.83, 37.85, 37.86]
[37.87, 37.74, 37.34, 36.87, 32.85, 13.43, 1.92]
[37.81, 37.85, 37.84]
[37.71, 37.54, 37.28, 36.05, 28.79, 6.09, 1.81]
[37.86, 37.42, 35.41, 22.18, 5.6, 3.69]
[37.98, 38.06, 38.04, 37.95]
[37.58, 37.44, 37.12, 35.91, 32.58, 8.16, 5.43, 4.33]
[37.6, 37.28, 34.84, 16.26, 0.41, 0.34]
[37.97, 37.97, 38.04, 37.79, 36.14, 18.89, 0.13]
[37.71, 37.65, 37.55, 37.42]
[38.08, 37.71, 37.2, 36.91]
[37.87, 37.86, 37.72]
[37.88, 37.11, 35.87, 26.89, 3.72, 2.24]
[37.8, 37.77, 37.19, 28.98, 6.92, 3.2, 2.41]
[37.9, 37.83, 38.03, 37.95]
[37.88, 37.06, 34.81, 21.73, 5.58]
[37.6, 36.75, 34.39, 18.57, 2.15, 1.35]
[37.71, 36.77, 34.66, 22.11, 5.44, 2.27]
[37.67, 37.13, 35.25, 18.18, 3.84, 3.18, 1.88]
[37.83, 37.33, 35.52, 27.05, 1.17]
[38.02, 36.89, 34.63, 23.62, 7.08, 4.89]
[37.76, 37.87, 37.61, 37.43, 35.46, 26.53, 3.07, 0.8]
[37.61, 37.52, 36.58, 21.47, 0.27]
[38.11, 37.75, 35.79, 23.77, 3.69, 2.94]
[37.69, 37.83, 36.9, 27.65, 0.43]
[37.89, 37.77, 37.71, 37.53, 37.37, 37.23]
[37.64, 36.2, 32.03, 17.36, 1.25]
[37.75, 37.09, 36.32, 27.27, 1.08]
[37.84, 37.64, 37.02, 36.55, 36.37]
[37.91, 37.86, 37.38, 37.31, 37.27]
[37.62, 37.35, 37.26, 37.27, 36.61, 33.39, 23.79, 2.34, 1.43]
[38.08, 37.81, 37.69, 37.58]
[37.8, 37.6, 36.98, 36.33, 36.32]
[37.78, 37.22, 36.65, 34.71, 23.93, 1.76, 1.4]
[38.15, 38.17, 38.0, 37.93]
[37.61, 36.08, 27.67, 5.49, 4.55, 4.38]
[37.52, 37.6, 37.48, 37.48, 37.35]
[38.03, 37.67, 35.39, 23.28, 2.95]
[37.74, 37.15, 34.98, 20.05, 3.14, 2.79]
[37.82, 37.0, 36.25, 31.54, 5.5, 0.94]
[37.76, 37.53, 37.45, 37.35]
[38.15, 37.46, 32.01, 14.66, 6.51, 4.68, 4.35]
[37.84, 36.73, 35.37, 21.44, 0.55]
[37.65, 37.11, 34.36, 20.32, 1.7, 1.1, 0.56]
[38.05, 37.79, 37.33, 37.16]
[38.0, 37.21, 35.54, 22.61, 2.23]
[38.14, 38.23, 38.15, 38.05, 37.9]
[37.78, 37.38, 37.32]
[37.87, 37.65, 36.65, 27.61, 4.33]
[37.88, 37.97, 37.84]
[37.76, 37.63, 37.48, 37.36]
[37.72, 37.36, 37.04, 36.94]
[37.75, 37.75, 37.4, 36.75, 31.91, 11.73, 6.64, 5.15]
[37.78, 37.71, 35.65, 15.63, 2.37, 1.68]
[37.45, 37.46, 37.42, 37.17]
[38.03, 37.75, 37.26, 32.51, 3.94, 1.88]
[37.64, 37.28, 36.59, 35.86, 35.32, 35.13]
[37.95, 37.75, 37.62, 35.73, 17.87, 6.23, 4.33]
[38.0, 38.01, 38.21, 37.67, 33.67, 10.74, 1.69, 1.64]
[37.8, 37.76, 37.64, 37.51]
[37.87, 36.89, 28.61, 1.74, 1.51]
[37.89, 37.44, 37.33]
[37.97, 37.4, 36.66, 33.59, 7.3, 0.42, 0.36]
[37.77, 37.61, 37.32, 37.22]
[37.5, 37.17, 36.0, 27.11, 3.29, 1.02]
[37.76, 37.96, 37.82, 37.81]
[37.64, 37.48, 37.39, 37.4]
[37.75, 37.76]
[37.81, 37.79, 37.71, 37.53]
[37.85, 36.34, 25.6, 3.13, 1.14]
[38.29, 38.2, 37.96, 37.68, 37.69]
[37.66, 37.4, 37.11, 34.93, 20.48, 4.13, 2.48]
[38.02, 38.03, 37.94]
[37.91, 37.83, 37.52, 37.54, 37.4]
[37.59, 37.66]
[37.88, 36.24, 28.94, 7.83, 3.24]
[38.24, 37.83, 37.54]
[37.75, 37.02, 29.73, 1.97, 0.64]
[37.94, 37.28, 34.37, 23.36, 6.94, 2.29, 2.28]
[37.74, 37.33, 35.43, 20.49, 1.64, 1.47, 1.18]
[38.09, 37.86, 37.68, 37.19]
[38.05, 37.92, 37.19, 37.17]
[37.72, 37.25, 36.74, 34.81, 26.98, 10.35, 2.18]
[37.99, 38.04, 37.8, 37.39, 37.39]
[37.76, 37.26, 36.89, 35.42, 27.92, 8.78, 5.97, 4.54]
[37.67, 36.55, 29.61, 3.75, 2.73]
[38.19, 38.13, 37.77, 37.75, 37.57, 37.42, 37.25]
[37.83, 37.87]
[37.88, 37.44, 36.73, 30.4, 3.57, 1.5]
[37.54, 37.35, 37.31, 37.32]
[37.64, 37.66, 37.66]
[37.74, 36.06, 32.05, 6.41, 0.56, 0.4]
[37.89, 37.63, 37.13, 28.07, 1.31, 1.14]
[37.79, 37.63, 37.35, 37.39, 37.27]
[37.82, 37.5, 37.09, 33.11, 3.0, 0.48, 0.28]
[37.31, 36.55, 33.13, 8.2, 3.02, 1.14]
[37.88, 37.62, 37.28, 37.26]
[38.0, 37.65, 37.67, 37.69]
[37.95, 37.79, 37.74]
[37.84, 37.38, 35.52, 21.85, 5.64, 3.43, 3.23, 2.31]
[37.79, 37.75, 37.33, 37.1]
[37.72, 37.49, 37.05, 36.8, 36.66, 36.53]
[38.1, 37.88, 37.1, 30.94, 6.16, 2.61]
[37.75, 37.01, 32.65, 4.58, 0.18]
[37.84, 37.2, 34.06, 6.18, 0.95, 0.84]
[37.92, 37.13, 35.1, 24.19, 0.36]
[37.8, 37.42, 36.06, 32.35, 14.48, 8.04, 5.88]
[38.32, 37.5, 36.39, 28.61, 8.04, 3.01]
[37.7, 37.69, 37.46, 37.41, 37.29]
[37.74, 37.5, 36.08, 26.94, 0.74]
[37.99, 37.68, 36.62, 31.72, 10.38, 4.18, 3.97]
[37.87, 37.19, 33.22, 13.7, 0.91, 0.67]
[37.93, 37.66, 37.53, 37.26]
[37.89, 37.99, 37.95]
[37.5, 36.73, 30.37, 9.17, 1.62]
[38.01, 37.78, 37.55, 37.46]
[37.98, 37.95, 37.76, 37.62]
[38.22, 38.14, 37.41, 33.49, 19.91, 6.3, 4.59, 4.35]
[37.95, 38.07, 37.96, 38.0, 38.01]
[38.04, 37.77, 37.43, 37.27, 37.3, 37.16]
[38.04, 37.84, 37.55, 37.33]
[37.75, 37.39, 34.41, 19.36, 1.6, 1.43]
[37.8, 37.47, 36.42, 26.69, 2.26, 1.05]
[37.93, 37.57, 34.63, 16.25, 5.48, 2.48]
[37.93, 37.9, 37.81, 37.69]
[38.25, 38.02, 37.67, 37.24, 36.77, 36.62]
[37.84, 37.81, 36.43, 21.64, 3.41, 2.3]
[37.79, 37.46, 35.07, 23.85, 0.43]
[37.9, 37.71, 37.79, 37.57]
[37.84, 37.19, 36.0, 33.13, 22.89, 9.2, 4.46, 4.24]
[37.75, 37.66, 37.56]
[37.89, 37.74, 37.52, 37.29]
[37.59, 37.15, 35.74, 20.63, 2.36, 0.85]
[38.2, 37.83, 36.3, 27.75, 12.11, 6.58, 5.86]
[38.12, 38.04, 37.84, 37.6, 37.4, 36.76]
[37.77, 37.54, 37.28]
[37.95, 37.67, 37.03, 36.72, 33.54, 23.91, 6.66, 4.56]
[37.66, 34.93, 27.64, 9.74, 7.27, 6.81]
[37.74, 37.78, 37.53]
[38.0, 38.03, 37.89]
[37.79, 37.49, 36.4, 24.63, 0.76]
[38.2, 37.42, 35.52, 24.37, 11.1, 7.54, 7.24]
[37.68, 37.27, 34.46, 15.56, 0.47, 0.42]
[37.77, 37.42, 36.1, 24.05, 0.66]
[37.98, 37.43, 35.82, 23.31, 2.58, 1.81]
[37.75, 37.88, 37.84]
[37.81, 37.51, 37.52]
[37.93, 37.46, 36.19, 24.29, 0.65]
[37.8, 37.85, 37.85]
[37.82, 36.51, 30.82, 11.4, 3.19, 1.35]
[37.76, 37.67, 37.76, 37.76, 37.79]
[37.91, 37.81, 37.67]
[37.66, 37.17, 35.37, 18.7, 0.16]
[37.87, 37.68, 37.4, 37.23, 37.22, 37.07]
[37.99, 37.96, 37.82, 37.45]
[37.71, 37.37, 37.18, 36.98, 36.97]
[37.88, 37.64, 37.5]
[37.8, 37.85]
[37.97, 37.83, 37.59, 37.61]
[37.74, 37.63, 37.61]
[37.91, 37.99, 38.0]
[37.75, 37.55, 37.02, 37.04, 36.91]
[37.81, 37.27, 36.46, 35.4, 27.84, 8.6, 5.56, 3.08]
[37.89, 37.69, 37.11, 22.99, 4.42, 4.19, 3.73]
[37.81, 37.77, 37.85, 37.76, 37.64]
[37.75, 37.36, 37.38, 37.07, 37.07]
[37.98, 37.89, 37.86, 37.77]
[37.71, 37.34, 35.73, 27.04, 2.52, 1.37]
[37.79, 37.67, 37.48, 37.24, 33.93, 10.76, 0.37]
[37.83, 37.51, 37.09, 25.37, 1.12, 0.62]
[37.96, 37.91, 37.85, 37.61]
[37.53, 37.34, 37.05, 36.64, 36.65]
[37.97, 37.29, 33.64, 17.7, 11.64, 11.47]
[37.95, 37.79, 37.08, 32.43, 4.95, 2.59]
[38.01, 38.05, 37.92]
[37.87, 37.94, 37.77]
[37.87, 37.69, 37.36, 36.74, 31.33, 9.18, 0.9, 0.68]
[37.92, 37.81, 37.57, 37.15, 35.69, 26.98, 2.51, 1.69]
[37.88, 37.47, 36.63, 17.24, 0.48, 0.42]
[38.26, 38.0, 35.17, 28.31, 15.4, 14.22, 13.25, 13.06]
[37.68, 37.12, 37.02, 36.89]
[37.75, 37.81, 37.98, 37.83, 37.7]
[37.72, 37.64, 36.39, 20.18, 0.71, 0.53]
[37.92, 37.76, 37.96, 33.78, 10.0, 3.15]
[38.1, 38.11, 38.03, 37.79]
[37.91, 37.59, 35.23, 24.12, 7.86, 6.44, 5.52]
[37.7, 37.72, 37.75, 37.76]
[38.01, 37.85, 37.86, 37.84, 37.88]
[37.78, 37.36, 35.63, 16.26, 2.42]
[37.69, 37.63]
[37.91, 37.13, 35.51, 26.07, 4.56, 4.39]
[37.94, 38.02, 37.73, 35.99, 25.41, 18.9, 16.0, 15.55]
[37.82, 37.63, 37.21, 34.97, 18.31, 2.96, 1.31]
[37.89, 37.8, 38.0, 37.37, 35.0, 22.18, 7.5, 2.73]
[37.82, 37.39, 37.01, 36.31, 27.13, 13.53, 6.44, 6.04]
[37.73, 37.08, 33.24, 18.76, 2.06, 1.41]
[37.86, 37.43, 33.79, 8.37, 1.04, 0.83]
[37.85, 37.21, 36.98, 35.78, 26.85, 13.69, 4.95, 4.74]
[37.96, 37.63, 35.47, 23.34, 3.52, 2.89]
[37.63, 37.22, 36.82, 33.59, 12.07, 3.55, 2.92]
[37.7, 37.26, 36.56, 35.48, 25.86, 2.27, 0.89]
[38.25, 37.97, 37.01, 30.33, 1.16, 0.85]
[37.8, 37.43, 36.99, 36.74]
[37.98, 37.75, 37.71, 28.19, 0.48]
[37.89, 37.96, 37.9]
[37.73, 37.66, 37.55, 37.36]
[37.69, 36.7, 28.04, 4.0, 2.33]
[38.01, 37.87, 37.81, 37.1, 28.29, 2.06, 1.84]
[37.93, 37.46, 37.17, 36.69, 35.45, 27.31, 4.6, 1.84]
[37.47, 37.66, 37.72, 37.47]
[37.88, 37.63, 36.67, 25.71, 5.21, 2.61]
[37.87, 37.84, 37.68, 37.68]
[37.45, 35.75, 24.64, 0.41]
[37.89, 37.31, 36.98, 33.73, 18.79, 3.56, 2.99]
[37.79, 37.72, 37.44, 35.33, 16.87, 0.89, 0.6]
[37.7, 37.41, 37.35, 34.41, 24.42, 1.31]
[37.84, 37.65, 37.35, 36.82, 36.51, 36.38]
[37.84, 37.56, 37.58, 36.63, 29.64, 10.91, 3.67, 2.89, 2.56]
[37.93, 37.99, 37.78, 37.52]
[38.11, 38.13, 38.15]
[37.79, 37.61, 37.61]
[37.78, 37.64, 37.05, 34.58, 21.96, 8.27, 6.17, 5.9, 5.62]
[37.74, 37.65, 37.24, 36.49, 35.04, 28.3, 3.77, 0.81]
[37.64, 37.52, 37.32]
[37.56, 37.59, 35.68, 11.7, 0.35]
[37.49, 37.38, 36.19, 24.19, 0.61, 0.5]
[37.91, 37.67, 37.14, 35.91, 30.32, 7.29, 2.12]
[37.88, 37.78, 37.35, 36.17, 32.25, 16.43, 9.84, 8.34, 6.83]
[37.94, 37.66, 37.65]
[38.05, 37.34, 34.92, 15.42, 0.28]
[37.94, 37.84, 37.67, 36.75, 32.88, 16.02, 8.3, 8.09]
[37.88, 37.71, 37.69]
[38.05, 37.94, 36.07, 11.27, 1.6, 1.09]
[37.81, 37.84]
[37.62, 37.39, 37.07, 36.89, 37.01]
[37.75, 37.7, 37.46]
[37.92, 38.01, 37.96, 37.83]
[37.8, 37.44, 37.1, 35.79, 28.18, 9.9, 4.34, 3.98]
[37.83, 37.64, 37.61]
[37.98, 37.92, 38.09, 37.43, 30.45, 18.49, 7.24, 5.16]
[38.12, 38.05, 37.82, 37.8, 37.69]
[37.94, 37.87, 37.51, 37.39]
[37.72, 37.52, 37.19, 37.15]
[38.08, 38.23, 38.06, 29.97, 5.66, 2.92, 2.56]
[37.72, 37.41, 36.58, 17.52, 0.88, 0.72]
[37.75, 37.71, 37.37, 36.98, 36.87]
[37.97, 37.75, 37.29, 37.03]
[37.95, 37.56, 37.52, 37.52]
[37.8, 37.75, 37.76, 37.7]
[37.71, 37.33, 36.27, 27.64, 2.19, 1.53]
[37.76, 37.24, 37.1, 36.97]
[37.83, 37.78, 37.35, 37.27, 37.11, 36.97]
[37.46, 37.38, 37.14, 32.8, 3.42, 0.66]
[37.89, 37.35, 35.08, 25.95, 2.25, 1.16, 0.72]
[37.82, 36.92, 34.97, 22.19, 5.42, 2.26, 1.32]
[37.9, 37.14, 34.66, 11.4, 0.42]
[37.63, 36.41, 33.23, 13.33, 0.72]
[37.97, 37.7, 37.56, 37.24, 37.29]
[37.91, 37.65, 37.49, 37.39]
[37.83, 37.53, 36.75, 29.18, 6.92, 2.02, 2.0]
[37.79, 37.36, 36.87, 32.37, 14.69, 5.8, 2.87]
[38.23, 38.25, 38.23, 36.65, 15.44, 4.03, 2.33]
[37.81, 36.86, 33.69, 16.24, 0.48, 0.44]
[37.94, 37.52, 36.68, 29.62, 4.12, 1.07, 0.91]
[37.78, 37.66, 37.81, 37.79, 37.63, 37.39]
[37.54, 36.92, 35.63, 25.71, 4.31, 3.3]
[37.59, 37.43, 37.28, 37.17]
[37.88, 37.83, 37.69, 37.5]
[37.7, 37.38, 37.01, 34.85, 23.46, 10.17, 3.99, 1.38]
[37.78, 37.77, 37.59, 37.57, 37.41]
[37.98, 37.74, 37.41, 34.78, 15.75, 1.11]
[38.25, 38.14, 37.87, 34.91, 17.09, 7.92, 7.09]
[37.92, 37.9, 37.52, 37.42]
[37.84, 37.86, 37.89, 37.87, 37.75]
[38.08, 37.48, 37.14, 32.9, 8.83, 0.84, 0.62]
[37.91, 37.99, 37.77, 37.4, 37.16, 37.15]
[37.94, 37.52, 36.37, 15.14, 0.91, 0.85]
[37.95, 37.79, 37.87, 34.37, 4.64, 1.51, 1.33]
[37.69, 37.38, 37.21, 37.07]
[37.72, 36.97, 32.43, 11.62, 0.88, 0.73]
[38.04, 38.04, 37.76]
[37.83, 37.77, 37.53, 37.03, 33.83, 17.99, 1.75]
[38.07, 38.04, 38.09]
[37.84, 37.39, 35.04, 22.51, 3.52, 2.78]
[37.62, 37.49, 34.44, 4.27, 0.58]
[37.97, 36.3, 23.46, 1.67, 1.21]
[37.77, 37.45, 37.54, 36.72, 29.54, 8.95, 6.96]
[37.82, 37.6, 36.33, 28.08, 4.84, 1.89]
[38.05, 37.71, 37.47, 37.32]
[37.49, 37.11, 36.67, 36.1, 35.84]
[37.97, 37.63, 35.29, 25.51, 8.74, 4.73]
[37.62, 37.32, 35.95, 26.43, 1.14]
[37.64, 37.38, 37.11, 37.1, 37.09, 36.98]
[37.94, 37.82, 37.83, 37.83]
[37.78, 36.58, 29.69, 2.92, 1.96]
[37.94, 38.0, 38.1, 37.93, 34.49, 25.55, 15.75, 11.5, 6.8, 3.86]
[37.84, 37.76, 37.27, 35.33, 14.89, 1.4]
[37.92, 37.6, 37.62, 37.32]
[38.23, 37.75, 37.19, 33.61, 14.91, 2.53]
[37.88, 37.12, 34.08, 17.96, 0.33]
[37.67, 37.26, 36.09, 31.35, 0.87]
[37.95, 37.81, 35.62, 17.84, 0.84, 0.64]
[37.65, 37.19, 35.52, 20.72, 4.1, 2.59, 1.35]
[38.0, 37.36, 32.75, 6.17, 0.65, 0.6]
[37.75, 37.47, 35.65, 17.84, 1.35, 1.15]
[38.01, 37.87, 37.55, 36.7, 36.23, 35.38, 28.95, 6.53, 2.24]
[37.8, 37.0, 33.0, 12.65, 2.86]
[37.66, 37.48, 37.4, 34.94, 12.91, 0.46]
[37.81, 37.64, 37.34, 37.19]
[38.33, 38.08, 37.52, 36.49, 34.03, 24.97, 16.86, 13.86, 11.58, 5.65]
[37.81, 37.7]
[37.47, 37.41, 37.12, 37.0]
[37.95, 36.22, 21.74, 0.24]
[38.01, 37.91, 37.68, 37.51, 37.37]
[37.92, 37.74, 37.62]
[37.89, 37.14, 35.38, 28.24, 5.54, 2.8]
[37.87, 37.25, 37.02]
[37.9, 37.21, 33.36, 14.35, 0.3, 0.24]
[37.89, 37.78, 37.79]
[37.93, 37.78, 37.79, 37.66]
[37.75, 37.69, 37.55]
[37.89, 37.41, 37.39, 37.13]
[37.58, 37.55, 37.08, 36.86]
[37.83, 36.71, 31.15, 1.21, 0.97]
[37.71, 37.3, 33.43, 11.33, 0.56]
[38.02, 37.31, 36.8, 31.8, 18.39, 10.49, 9.5, 8.98]
[38.12, 37.68, 37.84, 37.84]
[38.13, 37.95, 37.92, 37.54]
[37.99, 37.25, 33.32, 6.36, 2.72]
[37.99, 37.79, 37.1, 37.0]
[38.05, 37.16, 35.29, 19.58, 3.03, 2.87]
[37.86, 37.44, 36.98, 36.94, 36.81, 36.67]
[37.89, 36.54, 31.61, 6.2, 2.89, 2.62]
