[34.11, 5.75, 0.27, 0.13]
[34.23, 6.58, 0.25, 0.05]
[33.9, 7.41, 0.4, 0.3]
[34.2, 7.38, 0.18, 0.08]
[34.03, 4.56, 0.23, 0.15]
[34.18, 5.16, 0.27, 0.1]
[34.36, 6.76, 0.38, 0.06]
[34.16, 3.29, 0.58, 0.26]
[34.22, 5.04, 0.37, 0.25]
[34.12, 7.69, 0.31, 0.16]
[34.01, 2.48, 0.43, 0.11]
[34.29, 10.05, 0.21, 0.11]
[34.12, 6.47, 0.29, 0.15]
[34.09, 8.76, 0.14, 0.06]
[33.87, 2.62, 0.42, 0.16, 0.1]
[34.13, 6.98, 0.28, 0.11]
[34.22, 2.1, 0.6, 0.33, 0.11]
[34.18, 6.22, 0.22, 0.1]
[34.4, 7.82, 0.17, 0.15]
[34.47, 10.18, 0.19, 0.1]
[34.22, 8.06, 0.09]
[33.99, 3.51, 0.39, 0.17, 0.13]
[34.24, 2.63, 0.48, 0.1]
[34.27, 7.16, 0.32, 0.22]
[34.02, 5.66, 0.25]
[34.01, 2.29, 0.75, 0.31, 0.12]
[34.29, 7.37, 0.29, 0.1]
[34.17, 2.61, 0.36, 0.19, 0.14]
[34.16, 3.52, 0.31, 0.19]
[34.22, 8.88, 0.16, 0.1]
[34.43, 4.22, 0.38, 0.13, 0.1]
[34.06, 2.63, 0.35, 0.19, 0.08]
[34.42, 3.18, 0.3, 0.11]
[34.2, 4.6, 0.35, 0.11]
[34.06, 2.99, 0.39, 0.26, 0.15]
[34.23, 3.67, 0.43, 0.19, 0.1]
[33.85, 0.92, 0.68]
[34.28, 17.64, 0.06]
[33.93, 5.51, 0.24, 0.09]
[34.39, 12.11, 0.15]
[34.34, 7.2, 0.15]
[34.23, 9.82, 0.24, 0.13]
[34.21, 5.01, 0.45, 0.17, 0.13]
[34.31, 4.82, 0.48, 0.25, 0.14]
[34.0, 4.47, 0.24, 0.12]
[34.01, 5.46, 0.25, 0.19]
[34.43, 17.59, 0.18]
[34.16, 7.47, 0.32, 0.05]
[34.05, 4.43, 0.3, 0.15, 0.09]
[34.21, 4.56, 0.29, 0.11]
[34.11, 3.34, 0.5, 0.22, 0.07]
[33.93, 0.96, 0.66]
[34.27, 7.99, 0.16, 0.04]
[33.8, 2.86, 0.38, 0.25, 0.11]
[34.25, 6.69, 0.26, 0.17]
[33.95, 4.3, 0.26, 0.11]
[33.97, 3.28, 0.36, 0.24]
[33.98, 4.12, 0.38, 0.09]
[34.19, 4.87, 0.23, 0.08]
[34.17, 1.42, 0.73, 0.51, 0.1]
[34.12, 8.16, 0.21, 0.08]
[34.38, 13.01, 0.14, 0.1]
[34.1, 3.28, 0.25, 0.1]
[34.24, 7.14, 0.3, 0.28]
[34.18, 2.81, 0.45, 0.23, 0.14]
[34.08, 4.67, 0.47, 0.12]
[34.02, 8.37, 0.17, 0.06]
[34.18, 3.76, 0.34, 0.18, 0.12]
[34.25, 9.2, 0.17, 0.14]
[34.17, 1.98, 0.46, 0.19, 0.11]
[34.2, 3.42, 0.43, 0.31]
[34.33, 11.38, 0.12, 0.08]
[34.49, 8.57, 0.27, 0.15]
[34.06, 3.34, 0.48, 0.33]
[34.11, 6.03, 0.3, 0.18]
[33.96, 3.64, 0.34, 0.09]
[34.31, 9.18, 0.18, 0.06]
[34.28, 10.69, 0.14, 0.1]
[33.93, 3.55, 0.37, 0.22, 0.11]
[33.99, 4.28, 0.39, 0.21, 0.1]
[34.16, 5.85, 0.21, 0.14]
[34.35, 5.78, 0.15, 0.06]
[33.98, 2.86, 0.41, 0.23, 0.11]
[34.04, 2.82, 0.49, 0.38, 0.12]
[34.18, 8.47, 0.32, 0.17]
[34.13, 4.35, 0.36, 0.24]
[34.05, 5.74, 0.31, 0.16]
[34.16, 1.95, 0.67, 0.43, 0.14]
[34.16, 5.82, 0.18, 0.07]
[34.02, 5.86, 0.34, 0.12]
[34.2, 8.95, 0.38, 0.2]
[34.37, 12.8, 0.11]
[34.39, 9.78, 0.29, 0.04]
[33.84, 6.65, 0.18, 0.1]
[33.99, 6.31, 0.32, 0.09, 0.07]
[34.21, 5.2, 0.21, 0.14]
[33.75, 7.6, 0.2, 0.15]
[34.02, 4.18, 0.47, 0.1]
[34.06, 6.84, 0.35, 0.08]
[34.22, 4.55, 0.36, 0.12]
[34.08, 1.46, 0.29, 0.15, 0.13]
[34.4, 7.73, 0.25, 0.1]
[34.22, 1.25, 0.72]
[34.29, 7.34, 0.19, 0.11]
[33.99, 3.6, 0.31, 0.08]
[33.99, 5.08, 0.27, 0.09]
[34.3, 5.68, 0.22, 0.13]
[34.34, 7.39, 0.19, 0.08]
[34.17, 4.86, 0.27, 0.16]
[34.13, 1.72, 0.55, 0.26, 0.18]
[34.19, 5.82, 0.34, 0.16]
[34.36, 2.54, 0.5, 0.36]
[34.23, 5.0, 0.38, 0.2, 0.11]
[34.35, 6.0, 0.32, 0.23]
[34.26, 7.0, 0.27, 0.14, 0.1]
[34.23, 3.79, 0.27, 0.1]
[34.24, 5.8, 0.22, 0.13]
[34.08, 5.18, 0.27, 0.05]
[33.96, 2.83, 0.47, 0.1]
[34.23, 7.65, 0.27, 0.1]
[33.93, 3.28, 0.4, 0.14, 0.1]
[34.34, 6.66, 0.24, 0.07]
[34.21, 8.4, 0.28, 0.11]
[34.19, 8.98, 0.16, 0.13]
[33.94, 6.6, 0.37, 0.21, 0.19]
[34.03, 4.08, 0.31, 0.16, 0.12]
[34.11, 7.23, 0.36, 0.06]
[34.18, 3.0, 0.52, 0.23, 0.09]
[33.7, 3.5, 0.44, 0.1]
[33.9, 3.75, 0.46, 0.11, 0.09]
[34.13, 4.63, 0.23, 0.13]
[34.15, 6.63, 0.28, 0.14, 0.12]
[34.1, 7.67, 0.39, 0.17, 0.14]
[34.2, 5.38, 0.21, 0.09, 0.07]
[34.31, 6.56, 0.26, 0.13]
[33.94, 2.95, 0.45, 0.19, 0.1]
[33.9, 3.81, 0.32, 0.13]
[34.15, 10.82, 0.16, 0.11]
[33.99, 6.98, 0.19, 0.14]
[34.21, 6.55, 0.35, 0.08]
[34.32, 4.46, 0.33, 0.11]
[34.2, 2.79, 0.38, 0.19, 0.12]
[34.19, 5.51, 0.21, 0.09]
[34.14, 8.74, 0.06]
[34.13, 8.8, 0.15, 0.1]
[34.15, 14.88, 0.1, 0.07]
[34.05, 8.02, 0.19, 0.11]
[34.34, 15.24, 0.14, 0.08]
[34.19, 7.38, 0.34, 0.15]
[34.17, 4.9, 0.3, 0.06, 0.04]
[34.15, 4.71, 0.23, 0.09]
[33.96, 3.68, 0.36, 0.14, 0.12]
[34.09, 7.12, 0.11]
[34.08, 7.45, 0.41, 0.14, 0.08]
[33.94, 7.13, 0.24, 0.17]
[33.94, 2.87, 0.35, 0.29]
[34.08, 7.87, 0.2, 0.11]
[34.32, 4.61, 0.34, 0.1]
[34.03, 4.77, 0.23, 0.13]
[33.94, 2.85, 0.21, 0.13]
[34.08, 8.77, 0.17, 0.07]
[34.32, 7.3, 0.29, 0.16]
[34.16, 5.58, 0.27, 0.14]
[33.95, 8.35, 0.13, 0.11]
[34.08, 8.71, 0.44, 0.2]
[34.02, 10.06, 0.11, 0.06]
[34.32, 2.71, 0.41, 0.22, 0.14]
[33.92, 5.64, 0.28, 0.08]
[34.04, 7.8, 0.51, 0.14, 0.09]
[34.36, 7.74, 0.13, 0.08]
[33.77, 2.6, 0.39, 0.14, 0.13]
[33.89, 5.93, 0.31, 0.13]
[34.18, 6.17, 0.33, 0.11]
[33.92, 1.78, 0.53, 0.3, 0.1]
[34.01, 5.99, 0.37, 0.1]
[34.04, 5.36, 0.33, 0.27]
[33.98, 5.01, 0.3, 0.14]
[34.02, 5.87, 0.12, 0.07]
[34.3, 8.52, 0.41, 0.11]
[34.06, 8.96, 0.1]
[34.44, 5.49, 0.09]
[34.13, 2.58, 0.54, 0.2, 0.18]
[34.48, 8.63, 0.29, 0.19]
[34.26, 5.49, 0.22, 0.07]
[34.12, 10.67, 0.08]
[34.38, 9.67, 0.13, 0.1]
[34.19, 2.29, 0.46, 0.24, 0.16]
[34.37, 12.43, 0.18, 0.1]
[34.27, 4.7, 0.31, 0.11]
[34.31, 6.71, 0.45, 0.2, 0.12]
[34.31, 3.49, 0.36, 0.12, 0.09]
[34.07, 12.79, 0.16, 0.09]
[34.15, 5.32, 0.3, 0.18]
[34.17, 6.82, 0.46, 0.06]
[34.37, 9.7, 0.14]
[34.13, 5.54, 0.28, 0.13, 0.07]
[34.33, 4.47, 0.49, 0.15, 0.09]
[34.27, 3.81, 0.29, 0.18]
[34.26, 12.42, 0.14]
[34.1, 6.39, 0.17, 0.11]
[34.08, 3.55, 0.43, 0.16, 0.14]
[34.08, 1.24, 0.65, 0.52, 0.14]
[34.06, 5.04, 0.3, 0.13]
[34.1, 6.44, 0.48, 0.15, 0.09]
[34.11, 10.95, 0.18, 0.08]
[34.26, 10.58, 0.22, 0.08]
[34.32, 2.88, 0.47, 0.26, 0.14]
[33.98, 1.66, 0.66, 0.53, 0.12]
[34.34, 8.23, 0.21, 0.08]
[34.19, 5.88, 0.19, 0.16]
[34.1, 5.2, 0.33, 0.12]
[34.02, 7.43, 0.2, 0.09]
[33.85, 2.61, 0.36, 0.12]
[34.18, 5.37, 0.23, 0.17]
[34.26, 2.42, 0.36, 0.15, 0.1]
[33.88, 2.43, 0.37, 0.17, 0.1]
[34.3, 7.95, 0.22, 0.09]
[34.1, 4.97, 0.25, 0.11, 0.07]
[34.26, 6.12, 0.23, 0.11, 0.08]
[34.2, 9.57, 0.26, 0.13]
[33.99, 8.58, 0.24, 0.14]
[34.25, 3.41, 0.32, 0.09]
[34.34, 10.14, 0.24, 0.03]
[34.21, 2.54, 0.4, 0.18, 0.1]
[34.09, 6.22, 0.33, 0.09]
[34.28, 9.89, 0.19, 0.15]
[34.23, 8.57, 0.21, 0.06]
[34.28, 8.88, 0.11, 0.06]
[34.08, 6.23, 0.19, 0.1]
[34.04, 7.31, 0.2, 0.17]
[34.32, 8.46, 0.35, 0.09]
[33.89, 1.65, 0.56, 0.37, 0.12]
[34.11, 4.42, 0.18, 0.05]
[34.23, 5.66, 0.72, 0.08]
[33.97, 0.92, 0.58]
[34.09, 9.47, 0.22, 0.12]
[33.86, 9.72, 0.26, 0.1]
[34.24, 9.42, 0.13, 0.1]
[34.08, 12.0, 0.35, 0.13]
[34.22, 5.88, 0.33, 0.13]
[34.39, 4.68, 0.28, 0.05]
[34.13, 5.4, 0.46, 0.14]
[33.72, 1.49, 0.37, 0.24]
[34.16, 7.41, 0.19, 0.12]
[34.11, 1.7, 0.36, 0.27]
[34.27, 6.5, 0.18, 0.05]
[34.24, 6.33, 0.17, 0.09]
[34.01, 1.5, 0.46, 0.13, 0.1]
[34.3, 5.85, 0.27, 0.09]
[34.23, 7.56, 0.15, 0.1]
[34.31, 3.5, 0.28, 0.12]
[34.08, 4.94, 0.23, 0.13]
[34.03, 8.76, 0.31, 0.12]
[33.98, 3.46, 0.42, 0.28, 0.13]
[34.13, 4.25, 0.37, 0.11, 0.09]
[34.05, 8.06, 0.14, 0.07]
[34.29, 3.17, 0.42, 0.23, 0.17]
[33.96, 3.04, 0.4, 0.19]
[33.98, 6.63, 0.22, 0.12]
[34.29, 4.5, 0.36, 0.1]
[33.97, 4.71, 0.26, 0.08]
[34.02, 7.88, 0.18, 0.15]
[34.06, 8.76, 0.12, 0.1]
[33.96, 5.59, 0.1, 0.09]
[34.06, 4.29, 0.33, 0.14]
[34.23, 7.65, 0.25, 0.14]
[34.05, 9.5, 0.14, 0.05]
[34.0, 4.94, 0.34, 0.15, 0.07]
[34.31, 5.24, 0.37, 0.25]
[34.16, 2.06, 0.34, 0.09]
[34.06, 7.72, 0.26, 0.21]
[34.34, 5.66, 0.39, 0.14]
[34.04, 8.99, 0.23, 0.13]
[33.89, 8.05, 0.18, 0.05]
[34.24, 8.56, 0.23, 0.11]
[34.28, 6.92, 0.19, 0.12]
[34.3, 5.96, 0.36, 0.06]
[34.2, 5.77, 0.37, 0.16, 0.14]
[34.07, 2.85, 0.37, 0.08]
[34.19, 2.31, 0.39, 0.17, 0.12]
[34.08, 3.27, 0.39, 0.22, 0.14]
[34.33, 6.0, 0.15, 0.13]
[34.23, 9.71, 0.17, 0.06]
[34.32, 4.04, 0.3, 0.17, 0.14]
[34.12, 13.14, 0.33, 0.03]
[34.18, 3.82, 0.32, 0.15, 0.09]
[34.07, 5.41, 0.22, 0.1]
[34.22, 12.15, 0.12, 0.09]
[34.04, 4.89, 0.23, 0.12]
[34.05, 5.17, 0.19, 0.13]
[34.41, 4.0, 0.38, 0.29]
[33.88, 5.19, 0.24, 0.09]
[34.02, 5.04, 0.19, 0.08]
[34.27, 7.16, 0.14, 0.09]
[34.07, 1.27, 0.62, 0.4, 0.11]
[33.65, 1.24, 0.36, 0.14, 0.13]
[34.08, 4.07, 0.34, 0.12, 0.06]
[34.1, 7.42, 0.2, 0.13]
[34.2, 6.76, 0.23, 0.15]
[34.29, 3.15, 0.31, 0.23]
[34.14, 4.27, 0.32, 0.16]
[34.03, 2.57, 0.48, 0.12]
[33.98, 4.0, 0.26, 0.15]
[33.97, 2.07, 0.43, 0.21, 0.11]
[34.31, 8.64, 0.17, 0.08]
[34.07, 4.06, 0.34, 0.23]
[34.37, 4.01, 0.7, 0.16, 0.11]
[34.01, 3.68, 0.24, 0.1]
[34.21, 4.15, 0.54, 0.09, 0.06]
[34.21, 4.59, 0.43, 0.26, 0.12]
[33.97, 6.25, 0.14, 0.05]
[34.08, 4.14, 0.33, 0.14, 0.09]
[34.17, 12.32, 0.1, 0.07]
[34.13, 5.77, 0.2, 0.18]
[34.18, 1.56, 0.45, 0.23, 0.12]
[34.09, 8.97, 0.12, 0.07]
[34.14, 7.87, 0.18, 0.07]
[34.04, 7.17, 0.09, 0.06]
[33.98, 3.34, 0.19, 0.17]
[34.01, 8.14, 0.23, 0.15]
[34.12, 10.23, 0.12, 0.04]
[34.26, 2.24, 0.47, 0.3]
[34.12, 1.8, 0.44, 0.18, 0.14]
[34.18, 5.0, 0.3, 0.21]
[34.05, 5.31, 0.41, 0.11]
[34.24, 5.55, 0.29, 0.1]
[34.34, 13.1, 0.15]
[34.11, 2.92, 0.35, 0.17, 0.11]
[33.72, 3.32, 0.38, 0.13]
[34.08, 7.05, 0.19, 0.08]
[34.22, 11.15, 0.15, 0.08]
[34.14, 10.7, 0.13, 0.1]
[34.31, 8.99, 0.17, 0.1]
[34.02, 2.13, 0.64, 0.35, 0.19]
[34.08, 7.57, 0.28, 0.08]
[33.98, 2.86, 0.58, 0.25, 0.1]
[34.08, 4.48, 0.12, 0.1]
[33.79, 1.51, 0.44, 0.34]
[34.26, 3.35, 0.4, 0.22, 0.16]
[34.15, 10.49, 0.13, 0.08]
[34.26, 7.1, 0.3, 0.12, 0.1]
[34.06, 1.63, 0.5, 0.34, 0.12]
[34.22, 6.08, 0.28, 0.11]
[34.01, 9.74, 0.17, 0.13]
[34.37, 7.97, 0.15, 0.11]
[34.34, 5.23, 0.41, 0.14]
[34.22, 6.98, 0.27, 0.08]
[33.8, 1.95, 0.34, 0.19, 0.13]
[34.4, 9.26, 0.16, 0.07]
[33.96, 3.82, 0.34, 0.28]
[33.9, 1.1, 0.51, 0.19, 0.12]
[34.16, 4.81, 0.48, 0.15]
[34.3, 4.55, 0.22, 0.09]
[34.01, 4.05, 0.36, 0.21]
[34.03, 5.32, 0.3, 0.15]
[33.84, 2.26, 0.42, 0.23, 0.09]
[34.07, 4.51, 0.3, 0.08]
[34.24, 12.33, 0.17, 0.09]
[33.79, 1.61, 0.63, 0.35, 0.1]
[33.89, 8.06, 0.22, 0.04]
[34.35, 6.74, 0.23, 0.11]
[34.29, 8.71, 0.15, 0.12]
[34.15, 6.75, 0.49, 0.23, 0.2]
[34.29, 3.65, 0.39, 0.18, 0.09]
[34.37, 7.3, 0.2, 0.06]
[34.09, 7.43, 0.33, 0.12]
[34.33, 5.17, 0.33, 0.11, 0.08]
[34.01, 4.02, 0.31, 0.08]
[34.2, 8.39, 0.1, 0.07]
[34.17, 9.29, 0.16, 0.05]
[34.18, 8.38, 0.13, 0.01]
[34.03, 7.54, 0.28, 0.06]
[34.13, 3.14, 0.36, 0.19, 0.14]
[34.23, 2.97, 0.46, 0.26, 0.14]
[34.22, 5.68, 0.22, 0.1]
[34.24, 6.4, 0.27, 0.12]
[33.94, 6.22, 0.56, 0.21, 0.16]
[33.87, 2.31, 0.44, 0.28, 0.12]
[34.06, 0.86, 0.61]
[34.12, 7.24, 0.16, 0.09]
[34.09, 7.94, 0.13, 0.09]
[34.22, 7.51, 0.17, 0.08]
[33.93, 5.12, 0.23, 0.14]
[34.14, 4.21, 0.42, 0.06]
[34.2, 2.62, 0.42, 0.25, 0.07]
[34.13, 7.45, 0.34, 0.1]
[33.87, 1.09, 0.64, 0.31, 0.11]
[34.11, 5.18, 0.31, 0.14, 0.11]
[34.29, 8.08, 0.16, 0.1]
[34.28, 7.27, 0.28, 0.12]
[34.29, 10.96, 0.1]
[34.08, 14.25, 0.09]
[34.02, 3.87, 0.34, 0.16, 0.12]
[33.96, 3.71, 0.28, 0.12]
[34.05, 5.86, 0.27, 0.23]
[34.25, 1.25, 0.64, 0.49, 0.1]
[34.24, 12.04, 0.14, 0.03]
[34.27, 6.79, 0.18, 0.12]
[33.98, 2.95, 0.33, 0.15, 0.11]
[34.08, 4.47, 0.32, 0.17, 0.11]
[34.06, 6.49, 0.29, 0.11]
[34.23, 2.4, 0.64, 0.19, 0.17]
[34.16, 9.82, 0.2, 0.14]
[33.98, 8.66, 0.12, 0.09]
[34.16, 7.7, 0.34]
[34.1, 9.57, 0.25, 0.15]
[34.17, 2.62, 0.51, 0.31, 0.08]
[34.3, 5.02, 0.3, 0.18]
[34.44, 7.74, 0.32, 0.17]
[34.07, 7.15, 0.16, 0.06]
[34.15, 1.49, 0.57, 0.33, 0.09]
[34.33, 10.45, 0.19, 0.06]
[34.0, 9.74, 0.09, 0.06]
[34.14, 7.38, 0.23, 0.14]
[34.19, 7.57, 0.18, 0.12]
[34.03, 7.02, 0.21, 0.17]
[34.28, 4.47, 0.31, 0.14, 0.12]
[34.25, 6.47, 0.25, 0.12]
[34.23, 1.61, 0.37, 0.23, 0.21]
[33.96, 3.58, 0.39, 0.14]
[34.26, 0.83, 0.69, 0.58]
[34.33, 9.21, 0.14, 0.11]
[33.98, 3.19, 0.25, 0.16]
[33.99, 2.81, 0.46, 0.16, 0.1]
[34.05, 4.51, 0.33, 0.13, 0.09]
[34.25, 4.45, 0.37, 0.12]
[33.99, 6.04, 0.18, 0.05]
[34.26, 3.46, 0.4, 0.21, 0.13]
[34.2, 10.43, 0.18, 0.12]
[34.12, 5.25, 0.37, 0.14, 0.08]
[33.82, 3.75, 0.27, 0.16, 0.13]
[34.24, 8.35, 0.08, 0.04]
[34.06, 2.89, 0.38, 0.27]
[34.33, 3.71, 0.31, 0.14, 0.1]
[34.33, 9.25, 0.2, 0.1]
[34.13, 8.86, 0.18, 0.06]
[34.31, 8.47, 0.25, 0.1]
[34.1, 2.28, 0.43, 0.2, 0.11]
[34.19, 11.67, 0.15, 0.13]
[34.22, 8.76, 0.13, 0.05]
[33.88, 2.43, 0.37, 0.08, 0.06]
[33.87, 2.78, 0.52, 0.16]
[34.2, 10.61, 0.17, 0.04]
[34.15, 4.79, 0.55, 0.2, 0.14]
[34.14, 2.4, 0.52, 0.11]
[34.17, 4.54, 0.44, 0.1]
[34.04, 6.88, 0.33, 0.16]
[34.08, 5.36, 0.34, 0.13]
[34.14, 5.69, 0.14, 0.1]
[33.93, 4.93, 0.36, 0.11, 0.07]
[34.16, 4.27, 0.21, 0.13]
[34.22, 6.29, 0.26, 0.1]
[33.92, 3.69, 0.23, 0.15]
[34.24, 6.36, 0.26, 0.1, 0.06]
[34.14, 2.28, 0.59, 0.56]
[34.3, 5.64, 0.48, 0.11, 0.08]
[34.23, 5.35, 0.37, 0.11, 0.09]
[34.41, 3.14, 0.28, 0.22]
[34.35, 6.95, 0.37, 0.17, 0.13]
[33.92, 2.57, 0.53, 0.21, 0.07]
[34.45, 7.47, 0.19, 0.06]
[34.29, 8.24, 0.2, 0.16]
[34.15, 9.17, 0.15, 0.1]
[34.04, 3.48, 0.36, 0.27]
[34.17, 8.43, 0.1, 0.08]
[34.18, 6.84, 0.26, 0.15]
[34.16, 12.33, 0.09, 0.05]
[34.21, 7.27, 0.25, 0.1]
[34.13, 6.3, 0.38, 0.17, 0.15]
[33.94, 4.79, 0.32, 0.14, 0.12]
[34.11, 4.6, 0.16, 0.09]
[33.91, 4.34, 0.56, 0.23, 0.11]
[34.28, 8.9, 0.39, 0.15]
[33.82, 1.56, 0.37, 0.16, 0.1]
[34.09, 5.3, 0.46, 0.1]
[34.03, 3.89, 0.34, 0.23]
[34.25, 7.91, 0.23, 0.19]
[34.07, 5.81, 0.32, 0.19]
[34.14, 8.33, 0.07, 0.05]
[34.37, 6.74, 0.4, 0.15, 0.13]
[34.28, 2.32, 0.47, 0.33, 0.06]
[34.19, 6.62, 0.23, 0.15]
[33.94, 8.22, 0.24, 0.12]
[33.93, 4.07, 0.37, 0.29]
[34.01, 3.47, 0.3, 0.18]
[34.15, 3.79, 0.41, 0.22, 0.12]
[34.07, 4.71, 0.48, 0.08]
[34.05, 2.88, 0.5, 0.13, 0.07]
[34.13, 10.77, 0.1, 0.07]
[34.43, 1.94, 0.4, 0.31]
[33.88, 5.38, 0.25, 0.14]
[34.26, 5.82, 0.42, 0.14, 0.1]
[34.06, 7.52, 0.22, 0.09]
[34.17, 4.24, 0.16, 0.05]
[34.08, 3.02, 0.32, 0.07]
[34.06, 8.51, 0.26, 0.21]
[33.98, 6.89, 0.2, 0.1]
[34.05, 5.96, 0.27, 0.14]
[33.93, 4.17, 0.39, 0.17, 0.1]
[34.2, 6.13, 0.28, 0.14]
[34.13, 3.73, 0.23, 0.08]
[33.91, 7.38, 0.16, 0.12]
[34.14, 4.24, 0.29, 0.15, 0.08]
[33.8, 5.63, 0.3, 0.2]
[34.35, 5.73, 0.17, 0.09]
[33.97, 1.68, 0.44, 0.19, 0.09]
[34.22, 4.15, 0.29, 0.15, 0.1]
[33.9, 11.34, 0.13, 0.1]
[34.21, 3.5, 0.32, 0.26]
[34.4, 9.29, 0.15, 0.1]
[34.39, 3.93, 0.42, 0.19, 0.1]
[34.0, 5.64, 0.22, 0.06]
[34.27, 2.22, 0.4, 0.25, 0.09]
[33.92, 7.33, 0.14, 0.08]
[34.11, 4.15, 0.36, 0.09]
[34.27, 5.18, 0.28, 0.23]
[34.24, 3.98, 0.54, 0.11, 0.09]
[34.23, 4.88, 0.43, 0.09]
[33.92, 5.46, 0.24, 0.15]
[34.11, 4.28, 0.4, 0.14, 0.12]
[34.0, 3.71, 0.48, 0.08]
[34.14, 4.99, 0.14, 0.1]
[33.82, 2.95, 0.33, 0.09, 0.07]
[34.16, 11.74, 0.18, 0.12]
[34.01, 3.95, 0.37, 0.17, 0.08]
[34.27, 9.83, 0.1]
[34.13, 6.57, 0.31, 0.09]
[33.97, 6.05, 0.43, 0.16, 0.14]
[34.22, 10.58, 0.14, 0.1]
[34.0, 2.87, 0.46, 0.3, 0.16]
[34.14, 13.02, 0.25, 0.08]
[34.1, 5.85, 0.36, 0.13, 0.11]
[33.95, 6.55, 0.34, 0.11]
[34.17, 8.28, 0.19, 0.13]
[34.26, 6.89, 0.07]
[34.13, 9.11, 0.23, 0.11]
[33.94, 6.78, 0.39, 0.09]
[34.19, 6.33, 0.25, 0.15]
[34.05, 7.32, 0.26, 0.11]
[34.19, 7.01, 0.27, 0.08]
[34.0, 8.33, 0.25, 0.18]
[34.1, 4.13, 0.36, 0.22, 0.07]
[33.89, 4.4, 0.4, 0.13]
[34.11, 7.56, 0.25, 0.09]
[34.08, 9.02, 0.17, 0.08]
[34.04, 5.65, 0.15, 0.08]
[34.28, 4.27, 0.26, 0.14]
[34.2, 2.57, 0.44, 0.1]
[33.96, 7.32, 0.27, 0.17]
[34.26, 6.72, 0.21, 0.12]
[34.08, 2.33, 0.4, 0.35]
[34.07, 6.09, 0.2, 0.17]
[34.17, 3.59, 0.55, 0.24, 0.1]
[33.92, 1.05, 0.62, 0.08, 0.06]
[34.12, 10.09, 0.28, 0.16]
[34.05, 5.7, 0.38, 0.09, 0.05]
[34.07, 9.69, 0.15, 0.09]
[34.03, 7.59, 0.13, 0.08]
[34.14, 12.62, 0.22, 0.13]
[33.71, 2.26, 0.52, 0.09]
[34.04, 2.97, 0.32, 0.14]
[34.54, 12.89, 0.19, 0.16]
[34.36, 7.36, 0.13, 0.08]
[34.05, 3.86, 0.34, 0.14]
[34.33, 6.56, 0.24, 0.07]
[33.98, 2.56, 0.55, 0.11, 0.09]
[34.13, 5.3, 0.47, 0.24, 0.11]
[34.17, 4.75, 0.24, 0.13]
[34.33, 6.85, 0.16, 0.14]
[33.91, 6.68, 0.18, 0.11]
[34.43, 8.15, 0.41, 0.14, 0.11]
[34.02, 8.61, 0.23, 0.06]
[34.14, 8.78, 0.15, 0.11]
[34.0, 5.35, 0.27, 0.12]
[34.16, 5.05, 0.26, 0.08]
[33.99, 9.85, 0.25, 0.07]
[34.32, 6.65, 0.23, 0.07]
[34.25, 6.25, 0.26, 0.08]
[34.17, 5.95, 0.24, 0.07]
[34.19, 9.73, 0.21, 0.04]
[33.86, 2.69, 0.28, 0.12, 0.1]
[34.03, 7.71, 0.22, 0.14]
[34.39, 6.65, 0.22, 0.1]
[34.11, 4.73, 0.26, 0.09]
[34.16, 6.28, 0.39, 0.07]
[34.2, 8.67, 0.23, 0.13]
[34.13, 5.6, 0.34, 0.19]
[34.13, 4.14, 0.58, 0.38, 0.09]
[34.24, 6.13, 0.29, 0.22]
[34.1, 4.87, 0.25, 0.12]
[34.04, 5.04, 0.23, 0.07]
[34.21, 9.32, 0.23, 0.1]
[34.0, 2.78, 0.49, 0.14]
[34.06, 7.95, 0.38, 0.12]
[34.15, 8.46, 0.15, 0.1]
[34.52, 11.99, 0.06, 0.01]
[34.18, 5.41, 0.32, 0.28]
[34.11, 5.57, 0.37, 0.24]
[34.12, 5.25, 0.39, 0.16]
[34.1, 9.56, 0.16, 0.13]
[34.0, 6.91, 0.26, 0.16]
[33.87, 5.87, 0.35, 0.26]
[34.18, 2.15, 0.36, 0.18, 0.12]
[34.28, 9.45, 0.09, 0.06]
[33.92, 7.8, 0.28, 0.08]
[34.32, 6.27, 0.3, 0.19]
[33.92, 2.66, 0.47, 0.18, 0.11]
[34.15, 11.79, 0.16, 0.1]
[33.93, 6.42, 0.24, 0.06]
[34.14, 9.95, 0.2, 0.06]
[33.93, 2.57, 0.53, 0.2]
[34.04, 3.37, 0.3, 0.11]
[34.14, 4.91, 0.38, 0.21, 0.09]
[34.25, 5.03, 0.28, 0.07]
[33.9, 9.54, 0.1]
[34.28, 8.49, 0.21, 0.07]
[34.09, 3.07, 0.32, 0.17, 0.11]
[34.31, 2.35, 0.38, 0.1]
[34.17, 4.81, 0.51, 0.13]
[33.87, 4.17, 0.24, 0.16]
[34.05, 3.73, 0.41, 0.21, 0.06]
[34.04, 11.43, 0.23, 0.08]
[33.89, 9.08, 0.15, 0.12]
[34.13, 5.14, 0.21, 0.13]
[34.01, 3.25, 0.35, 0.2, 0.13]
[33.9, 2.15, 0.44, 0.2, 0.14]
[34.37, 3.81, 0.41, 0.1]
[34.12, 3.42, 0.44, 0.23, 0.11]
[34.09, 9.22, 0.29, 0.14]
[33.96, 7.44, 0.2, 0.09]
[34.31, 8.59, 0.15, 0.12]
[34.03, 5.97, 0.2, 0.12]
[34.1, 3.32, 0.26, 0.2]
[34.22, 7.07, 0.24, 0.09]
[34.04, 3.3, 0.37, 0.26]
[34.33, 6.11, 0.33, 0.15, 0.08]
[34.2, 6.95, 0.33, 0.15]
[33.83, 4.13, 0.39, 0.12]
[33.78, 2.87, 0.48, 0.14, 0.12]
[33.97, 7.4, 0.18, 0.11]
[34.25, 5.4, 0.24, 0.13]
[34.3, 3.76, 0.32, 0.08, 0.06]
[34.3, 5.13, 0.32, 0.12]
[34.07, 6.65, 0.28, 0.07, 0.05]
[34.04, 2.91, 0.53, 0.42, 0.14]
[34.05, 5.35, 0.27, 0.11, 0.09]
[34.14, 6.84, 0.51, 0.21]
[34.04, 7.18, 0.12, 0.1]
[34.13, 3.12, 0.38, 0.22, 0.12]
[34.03, 9.5, 0.21, 0.16]
[34.0, 5.94, 0.24, 0.18]
[34.07, 2.69, 0.39, 0.12, 0.08]
[34.21, 6.1, 0.31, 0.18]
[34.15, 4.07, 0.42, 0.24, 0.12]
[34.17, 8.34, 0.25, 0.1]
[34.3, 5.44, 0.29, 0.06]
[34.18, 7.91, 0.16, 0.07]
[34.15, 5.46, 0.31, 0.11]
[34.2, 3.13, 0.4, 0.11]
[34.51, 4.72, 0.31, 0.1]
[34.22, 6.21, 0.28, 0.12]
[33.98, 3.22, 0.43, 0.19, 0.07]
[33.93, 2.57, 0.62, 0.3, 0.1]
[33.81, 3.3, 0.26, 0.24]
[34.14, 9.26, 0.15, 0.04]
[33.89, 5.47, 0.36, 0.14, 0.12]
[34.47, 7.64, 0.27, 0.07]
[34.17, 5.82, 0.35, 0.16]
[34.28, 11.69, 0.1, 0.07]
[33.98, 3.22, 0.3, 0.1]
[34.09, 4.3, 0.28, 0.14, 0.12]
[33.82, 2.78, 0.45, 0.23, 0.1]
[34.27, 2.6, 0.33, 0.23]
[34.1, 2.93, 0.35, 0.13, 0.07]
[33.89, 1.23, 0.55, 0.21, 0.13]
[34.2, 3.83, 0.26, 0.1]
[34.25, 7.46, 0.3, 0.1, 0.07]
[34.29, 5.35, 0.25, 0.12]
[34.11, 7.12, 0.28, 0.07]
[34.05, 8.01, 0.19, 0.09]
[34.07, 7.45, 0.15, 0.05]
[34.3, 13.66, 0.13]
[34.22, 2.63, 0.29, 0.2]
[33.94, 3.99, 0.38, 0.12, 0.09]
[34.05, 6.06, 0.3, 0.17]
[34.09, 6.81, 0.18, 0.08]
[33.89, 2.07, 0.45, 0.22, 0.14]
[33.94, 0.94, 0.43, 0.22, 0.11]
[34.05, 2.35, 0.55, 0.27, 0.17]
[34.06, 4.18, 0.25, 0.07]
[34.23, 5.92, 0.3, 0.08]
[34.18, 8.45, 0.25, 0.1]
[34.18, 4.13, 0.32, 0.25]
[34.02, 2.84, 0.39, 0.18, 0.13]
[34.14, 5.72, 0.21, 0.12]
[33.92, 1.81, 0.37, 0.16, 0.14]
[33.96, 0.99, 0.72]
[34.04, 4.03, 0.42, 0.13]
[33.97, 2.82, 0.38, 0.12]
[34.0, 5.63, 0.28, 0.09]
[34.17, 5.22, 0.43, 0.18]
[34.36, 8.84, 0.19, 0.16]
[34.39, 5.3, 0.27, 0.14]
[33.95, 6.3, 0.24, 0.07]
[34.0, 7.79, 0.23, 0.13]
[33.94, 3.84, 0.26, 0.11]
[34.03, 5.87, 0.4, 0.14]
[34.32, 4.41, 0.47, 0.17, 0.13]
[34.05, 2.32, 0.25, 0.11]
[33.88, 9.07, 0.12, 0.09]
[34.44, 7.15, 0.18, 0.03]
[34.09, 2.27, 0.4, 0.22, 0.1]
[34.24, 6.58, 0.19, 0.13]
[34.12, 11.42, 0.09, 0.04]
[34.28, 9.17, 0.36, 0.09]
[34.0, 5.91, 0.23, 0.08]
[34.0, 2.26, 0.44, 0.18, 0.1]
[34.17, 9.75, 0.37, 0.1]
[34.12, 9.84, 0.18, 0.07]
[34.05, 5.66, 0.42, 0.11]
[33.9, 4.58, 0.26, 0.11]
[34.31, 2.5, 0.37, 0.25]
[34.08, 2.33, 0.49, 0.31, 0.28]
[33.91, 3.61, 0.33, 0.18]
[34.04, 7.14, 0.25, 0.12]
[34.11, 9.69, 0.13, 0.07]
[34.1, 6.64, 0.2, 0.11]
[34.12, 3.34, 0.41, 0.24, 0.13]
[34.1, 3.37, 0.45, 0.26, 0.15]
[34.1, 3.89, 0.38, 0.08, 0.07]
[34.27, 10.98, 0.14, 0.05]
[34.06, 4.32, 0.41, 0.23, 0.11]
[34.31, 4.12, 0.21, 0.11]
[34.28, 11.09, 0.13]
[33.89, 1.56, 0.52, 0.41, 0.16]
[33.93, 2.8, 0.34, 0.12, 0.08]
[34.13, 10.28, 0.08, 0.05]
[33.97, 1.86, 0.55, 0.19, 0.09]
[33.94, 9.13, 0.17, 0.08]
[33.98, 4.45, 0.37, 0.21]
[34.05, 12.59, 0.09, 0.06]
[33.97, 4.28, 0.41, 0.13]
[34.1, 2.9, 0.58, 0.33, 0.31]
[33.93, 3.43, 0.3, 0.19, 0.09]
[33.85, 4.64, 0.25, 0.07]
[33.86, 1.4, 0.49, 0.27, 0.11]
[34.13, 5.32, 0.25, 0.13]
[34.03, 5.59, 0.25, 0.11]
[34.32, 5.95, 0.33, 0.16]
[34.36, 10.3, 0.14]
[34.41, 10.06, 0.2, 0.11]
[34.24, 14.67, 0.21, 0.08]
[34.01, 5.74, 0.26, 0.08, 0.06]
[34.23, 8.89, 0.25, 0.13]
[34.19, 4.34, 0.45, 0.18, 0.13]
[34.24, 16.31, 0.25, 0.16]
[34.23, 11.29, 0.26, 0.13]
[34.45, 7.53, 0.13, 0.07]
[34.32, 7.78, 0.17, 0.09]
[34.17, 3.44, 0.22, 0.12]
[34.31, 8.64, 0.18, 0.14]
[34.24, 8.16, 0.2, 0.1]
[34.0, 4.65, 0.26, 0.11]
[34.01, 2.6, 0.32, 0.21]
[34.22, 6.47, 0.29, 0.11]
[34.21, 5.24, 0.53, 0.45]
[33.94, 6.69, 0.25, 0.15]
[34.11, 5.46, 0.31, 0.14, 0.08]
[34.11, 3.88, 0.4, 0.16]
[34.12, 4.53, 0.47, 0.21, 0.09]
[34.11, 10.85, 0.19, 0.15]
[34.15, 8.52, 0.26, 0.05, 0.01]
[34.23, 10.53, 0.11, 0.04]
[33.99, 2.34, 0.53, 0.16, 0.14]
[34.24, 1.46, 0.46, 0.25, 0.12]
[34.21, 4.49, 0.35, 0.18, 0.13]
[34.26, 6.1, 0.29, 0.09, 0.07]
[33.99, 4.61, 0.38, 0.31]
[34.16, 4.7, 0.4, 0.2, 0.1]
[33.99, 3.16, 0.35, 0.18, 0.14]
[34.27, 4.37, 0.36, 0.09]
[34.05, 5.84, 0.24, 0.06]
[34.24, 5.97, 0.18, 0.14]
[34.23, 1.32, 0.51, 0.33, 0.1]
[34.45, 7.11, 0.27, 0.17]
[34.02, 3.18, 0.36, 0.18, 0.16]
[34.2, 4.66, 0.29, 0.09]
[34.12, 7.99, 0.51, 0.14]
[33.97, 2.97, 0.35, 0.08]
[34.41, 7.56, 0.17, 0.09]
[34.15, 3.18, 0.38, 0.1, 0.08]
[34.0, 4.63, 0.29, 0.19]
[34.24, 7.01, 0.28, 0.11]
[33.64, 1.39, 0.41, 0.18, 0.12]
[34.28, 7.63, 0.21, 0.11]
[34.01, 7.93, 0.28, 0.05]
[34.18, 5.03, 0.27, 0.14]
[34.42, 10.11, 0.3, 0.18]
[34.16, 5.75, 0.46, 0.1, 0.06]
[34.12, 5.32, 0.26, 0.06]
[34.06, 9.97, 0.13, 0.1]
[34.0, 6.6, 0.16, 0.14]
[34.35, 7.6, 0.37, 0.15, 0.13]
[34.28, 9.93, 0.13, 0.08]
[34.25, 5.19, 0.34, 0.15, 0.13]
[33.89, 2.91, 0.36, 0.21, 0.08]
[33.95, 4.7, 0.32, 0.13]
[34.03, 1.33, 0.53, 0.32, 0.16]
[33.93, 6.19, 0.15, 0.09]
[34.25, 6.42, 0.3, 0.14, 0.12]
[34.18, 4.74, 0.19, 0.12]
[34.21, 5.91, 0.25, 0.21]
[34.18, 8.55, 0.13, 0.08]
[33.95, 6.27, 0.18, 0.09]
[34.09, 4.73, 0.34, 0.19, 0.14]
[33.76, 10.57, 0.14, 0.1]
[34.07, 2.15, 0.64, 0.29, 0.15]
[34.29, 6.29, 0.31, 0.19]
[34.07, 4.58, 0.37, 0.18, 0.15]
[34.28, 3.09, 0.32, 0.16, 0.08]
[34.14, 18.6, 0.1]
[34.11, 3.53, 0.49, 0.16, 0.13]
[34.33, 12.67, 0.12]
[34.25, 13.83, 0.06, 0.02]
[34.44, 5.92, 0.28, 0.1]
[34.12, 3.12, 0.47, 0.26, 0.16]
[34.1, 2.98, 0.58, 0.19, 0.09]
[34.05, 2.84, 0.36, 0.19]
[34.04, 1.84, 0.51, 0.28, 0.09]
[34.15, 9.7, 0.08, 0.04]
[34.02, 1.8, 0.7, 0.37, 0.1]
[34.19, 6.32, 0.34, 0.14, 0.09]
[33.96, 8.18, 0.12, 0.09]
[34.19, 6.56, 0.23, 0.08]
[34.27, 9.12, 0.12, 0.1]
[34.27, 6.75, 0.23, 0.12]
[33.8, 1.05, 0.37, 0.21, 0.13]
[33.97, 5.59, 0.24, 0.09]
[34.24, 7.16, 0.27, 0.09]
[34.34, 10.06, 0.15, 0.03]
[33.95, 4.06, 0.28, 0.11]
[34.32, 2.5, 0.35, 0.23]
[34.38, 3.9, 0.29, 0.22]
[34.22, 11.31, 0.23, 0.07]
[34.08, 5.7, 0.18, 0.12]
[33.81, 2.74, 0.36, 0.26]
[34.34, 2.3, 0.44, 0.35]
[34.15, 3.94, 0.34, 0.11]
[34.26, 5.77, 0.31, 0.14, 0.1]
[34.12, 11.56, 0.14, 0.08]
[34.26, 5.34, 0.26, 0.12]
[34.21, 6.95, 0.22, 0.07]
[34.03, 5.43, 0.23, 0.13]
[34.13, 10.22, 0.16, 0.04]
[34.12, 2.18, 0.48, 0.24, 0.12]
[33.89, 5.54, 0.22, 0.13]
[33.99, 6.31, 0.25, 0.11]
[34.33, 7.72, 0.17, 0.09]
[33.91, 1.04, 0.62, 0.47, 0.14]
[33.91, 6.32, 0.22, 0.1]
[34.08, 9.23, 0.11, 0.08]
[34.02, 7.57, 0.25, 0.09]
[34.14, 5.27, 0.2, 0.15]
[34.33, 5.72, 0.15, 0.1]
[34.03, 5.83, 0.45, 0.11]
[34.22, 7.65, 0.17, 0.05]
[34.41, 8.44, 0.23, 0.15]
[33.86, 4.62, 0.26, 0.16]
[34.18, 7.25, 0.16, 0.07]
[34.09, 1.8, 0.43, 0.31, 0.18]
[33.98, 7.69, 0.12, 0.1]
[34.28, 5.06, 0.35, 0.11]
[34.21, 6.57, 0.11, 0.08]
[34.16, 10.39, 0.33, 0.09]
[34.2, 8.39, 0.23, 0.1]
[34.04, 1.12, 0.48, 0.32, 0.12]
[34.36, 8.38, 0.29, 0.1, 0.08]
[34.07, 3.49, 0.47, 0.1]
[33.98, 2.04, 0.52, 0.36, 0.12]
[34.08, 3.46, 0.35, 0.31]
[34.24, 14.85, 0.11, 0.06]
[33.85, 5.22, 0.3, 0.11]
[34.03, 8.73, 0.12, 0.09]
[34.21, 5.69, 0.24, 0.09]
[34.13, 3.72, 0.3, 0.16, 0.14]
[34.27, 5.23, 0.2, 0.08]
[34.1, 3.01, 0.3, 0.22]
[34.19, 11.39, 0.12, 0.09]
[34.22, 8.32, 0.25, 0.15]
[34.43, 14.08, 0.16, 0.09]
[34.12, 3.84, 0.29, 0.16]
[34.33, 3.18, 0.28, 0.1]
[34.21, 6.16, 0.24, 0.11]
[34.18, 7.31, 0.19, 0.07]
[34.2, 2.23, 0.59, 0.34, 0.11]
[34.2, 5.22, 0.23, 0.09]
[34.07, 3.48, 0.26, 0.09]
[34.05, 6.31, 0.36, 0.17]
[34.39, 8.03, 0.19, 0.09]
[34.0, 7.67, 0.19, 0.13]
[34.15, 8.78, 0.22, 0.05]
[34.08, 8.62, 0.22]
[34.22, 7.04, 0.22, 0.1]
[34.12, 1.74, 0.52, 0.35, 0.14]
[34.35, 9.42, 0.29, 0.11]
[34.07, 1.79, 0.48, 0.34, 0.12]
[34.29, 5.69, 0.29, 0.1]
[33.95, 2.12, 0.52, 0.33, 0.2]
[34.21, 6.82, 0.2, 0.11]
[34.21, 5.88, 0.38, 0.24]
[34.24, 13.3, 0.1, 0.06]
[33.95, 2.06, 0.53, 0.29, 0.12]
[33.99, 1.11, 0.35, 0.2, 0.14]
[34.24, 13.47, 0.08]
[33.98, 7.6, 0.27, 0.12]
[34.04, 10.31, 0.18, 0.04]
[34.09, 3.18, 0.27, 0.1]
[34.12, 3.65, 0.33, 0.2]
[34.16, 7.23, 0.18, 0.13]
[33.75, 1.07, 0.68, 0.21, 0.09]
[34.35, 9.45, 0.32, 0.1]
[33.92, 1.93, 0.23, 0.12]
[34.3, 6.89, 0.21, 0.07]
[33.95, 0.97, 0.46, 0.19, 0.11]
[34.15, 3.24, 0.43, 0.31, 0.18]
[34.09, 2.84, 0.48, 0.33, 0.13]
[34.08, 8.43, 0.3, 0.15]
[34.19, 2.84, 0.27, 0.16]
[34.17, 8.18, 0.14, 0.08]
[34.0, 3.89, 0.58, 0.2, 0.1]
[34.28, 8.75, 0.23, 0.11]
[34.31, 13.15, 0.18, 0.07]
[34.26, 3.29, 0.26, 0.21]
[33.89, 4.94, 0.26, 0.15]
[33.9, 5.48, 0.32, 0.08]
[34.1, 2.88, 0.34, 0.13, 0.06]
[33.99, 7.03, 0.17, 0.09]
[34.2, 8.44, 0.25, 0.13]
[34.21, 6.77, 0.26, 0.06]
[34.08, 7.4, 0.2, 0.08]
[33.82, 4.67, 0.28, 0.07]
[34.36, 5.65, 0.34, 0.29]
[34.1, 2.34, 0.47, 0.28, 0.12]
[34.35, 9.0, 0.24, 0.11]
[34.29, 4.72, 0.4, 0.08]
[34.05, 2.93, 0.35, 0.11]
[34.45, 6.34, 0.19, 0.14]
[34.09, 1.96, 0.47, 0.1]
[34.32, 5.76, 0.25, 0.08]
[33.88, 2.63, 0.52, 0.34, 0.15]
[34.15, 11.2, 0.16, 0.09]
[34.06, 5.58, 0.3, 0.18]
[34.32, 11.44, 0.09, 0.06]
[34.22, 7.01, 0.22, 0.07]
[34.09, 5.22, 0.51, 0.07]
[34.07, 6.26, 0.34, 0.07]
[34.07, 6.08, 0.31, 0.09]
[34.17, 7.93, 0.26, 0.1]
[33.94, 8.5, 0.14, 0.11]
[34.17, 14.17, 0.14]
[33.85, 6.51, 0.18, 0.07]
[34.15, 1.58, 0.73, 0.5, 0.16, 0.13]
[34.25, 8.88, 0.3, 0.1]
[34.02, 1.97, 0.41, 0.28, 0.08]
[34.25, 6.79, 0.39, 0.17, 0.11]
[34.13, 5.03, 0.33, 0.14, 0.1]
[34.11, 7.57, 0.18, 0.14]
[34.1, 9.7, 0.33, 0.19]
[33.77, 2.93, 0.35, 0.1, 0.06]
[33.81, 4.93, 0.35, 0.09]
[33.92, 2.17, 0.49, 0.16, 0.14]
[34.06, 4.74, 0.32, 0.23]
[34.03, 4.89, 0.38, 0.15]
[34.09, 2.61, 0.44, 0.21, 0.11]
[34.27, 4.48, 0.22, 0.12]
[34.21, 5.36, 0.37, 0.09]
[34.09, 7.13, 0.12, 0.08]
[33.82, 4.47, 0.29, 0.14]
[34.27, 5.9, 0.25, 0.07]
[34.19, 2.55, 0.49, 0.25, 0.1]
[33.99, 2.48, 0.34, 0.24]
[34.19, 7.87, 0.09, 0.06]
[34.07, 8.67, 0.23, 0.1]
[34.15, 6.19, 0.24, 0.1]
[34.26, 6.82, 0.29, 0.17]
[34.14, 11.28, 0.21, 0.06]
[34.33, 3.26, 0.49, 0.19, 0.16]
[34.28, 5.29, 0.15, 0.13]
[34.02, 7.38, 0.15, 0.09]
[34.2, 8.86, 0.14, 0.08]
[34.04, 3.88, 0.39, 0.09]
[34.07, 1.27, 0.53, 0.42, 0.11]
[34.05, 6.71, 0.13, 0.1]
[34.08, 6.34, 0.29, 0.07]
[34.31, 9.71, 0.08, 0.06]
[34.09, 2.89, 0.37, 0.17, 0.13]
[34.0, 1.87, 0.45, 0.24, 0.11]
[33.99, 5.53, 0.34, 0.1]
[34.06, 9.76, 0.3, 0.09, 0.06]
[34.11, 3.32, 0.3, 0.18, 0.1]
