[40.79, 40.88]
[40.76, 40.84]
[40.93, 40.95]
[40.93, 40.98]
[40.86, 40.92, 40.92]
[40.9, 40.91]
[40.68, 40.82]
[40.75, 40.85]
[40.77, 40.84]
[40.68, 40.7]
[40.88, 40.92, 40.93]
[40.7, 40.74]
[40.77, 40.79]
[40.72, 40.75]
[40.65, 40.72]
[40.77, 40.82]
[40.85, 40.91, 40.92]
[40.63, 40.63, 40.63]
[40.73, 40.72, 40.66]
[40.8, 40.82]
[40.76, 40.83]
[40.78, 40.79]
[40.78, 40.8]
[40.88, 40.91, 40.92]
[40.84, 40.88]
[40.74, 40.78, 40.72]
[40.88, 40.91]
[40.77, 40.79, 40.8, 40.73]
[40.81, 40.88, 40.88]
[40.81, 40.9, 40.91, 40.84]
[40.98, 41.03]
[40.81, 40.85]
[40.75, 40.77, 40.76, 40.69]
[40.8, 40.78]
[40.8, 40.81]
[40.92, 40.91]
[40.71, 40.78]
[40.72, 40.81, 40.74]
[40.79, 40.78]
[40.84, 40.88]
[40.65, 40.69]
[40.76, 40.79]
[40.72, 40.76]
[40.73, 40.76]
[40.72, 40.74, 40.75]
[40.64, 40.72, 40.71]
[40.66, 40.67]
[40.68, 40.75, 40.75]
[40.79, 40.87]
[40.72, 40.78]
[40.72, 40.77]
[40.9, 40.93]
[40.8, 40.85]
[40.76, 40.8]
[40.7, 40.79]
[40.66, 40.74, 40.68]
[40.75, 40.76]
[40.73, 40.84, 40.84]
[40.87, 40.93]
[40.76, 40.78, 40.73]
[40.7, 40.77]
[40.8, 40.83]
[40.73, 40.77]
[40.83, 40.87]
[40.73, 40.77]
[40.69, 40.74]
[40.77, 40.81]
[40.9, 40.91]
[40.88, 40.92]
[40.79, 40.8, 40.8]
[40.8, 40.85]
[40.83, 40.89, 40.9]
[40.8, 40.82]
[40.72, 40.67, 40.68, 40.61]
[40.88, 40.92, 40.92]
[40.68, 40.7]
[40.83, 40.9]
[40.78, 40.81, 40.8, 40.75]
[40.74, 40.75]
[40.71, 40.75]
[40.74, 40.77]
[40.71, 40.74]
[40.7, 40.76]
[40.82, 40.75]
[40.75, 40.8]
[40.82, 40.86]
[40.74, 40.75]
[40.75, 40.8, 40.81]
[40.72, 40.78]
[40.91, 40.94]
[40.81, 40.83, 40.77]
[41.02, 41.06]
[40.7, 40.73]
[40.76, 40.86]
[40.68, 40.73, 40.73, 40.66]
[40.78, 40.86]
[40.79, 40.79]
[40.76, 40.84]
[40.69, 40.73, 40.67]
[40.82, 40.85, 40.85]
[40.75, 40.77]
[40.78, 40.88]
[40.71, 40.81]
[40.87, 40.92]
[40.7, 40.78]
[40.74, 40.82, 40.83]
[40.61, 40.66, 40.66, 40.6]
[40.71, 40.77, 40.76, 40.77]
[40.85, 40.9]
[40.84, 40.88]
[40.86, 40.89]
[40.79, 40.84]
[40.75, 40.75]
[40.91, 40.94]
[40.68, 40.77, 40.78]
[40.78, 40.82]
[40.74, 40.73]
[40.66, 40.7]
[40.78, 40.8]
[40.83, 40.86]
[40.77, 40.8, 40.8]
[40.69, 40.72]
[40.75, 40.76]
[40.73, 40.8, 40.8]
[40.83, 40.88]
[40.71, 40.79]
[40.59, 40.72, 40.72]
[40.62, 40.73, 40.72, 40.66]
[40.87, 40.9]
[40.82, 40.84]
[40.8, 40.87]
[40.74, 40.79, 40.78]
[40.81, 40.85]
[40.86, 40.91]
[40.66, 40.74]
[40.79, 40.87]
[40.83, 40.84]
[40.74, 40.79]
[40.72, 40.79]
[40.76, 40.77]
[40.76, 40.79]
[40.74, 40.8, 40.8]
[40.75, 40.77]
[40.81, 40.92, 40.86]
[40.8, 40.86]
[40.69, 40.68, 40.68]
[40.7, 40.69, 40.68]
[40.62, 40.7]
[40.73, 40.76]
[40.68, 40.71]
[40.84, 40.88]
[40.69, 40.78, 40.76, 40.66]
[40.67, 40.73]
[40.76, 40.82]
[40.73, 40.79]
[40.67, 40.69]
[40.76, 40.82]
[40.67, 40.76]
[40.79, 40.87]
[40.72, 40.76]
[40.77, 40.83, 40.83]
[40.74, 40.79]
[40.73, 40.7]
[40.66, 40.73]
[40.68, 40.72]
[40.85, 40.92]
[40.74, 40.82]
[40.75, 40.8]
[40.73, 40.81]
[40.72, 40.76]
[40.55, 40.67]
[40.77, 40.77]
[40.68, 40.7]
[40.92, 40.93]
[40.66, 40.72]
[40.74, 40.81]
[40.81, 40.89, 40.89]
[40.79, 40.92]
[40.64, 40.67]
[40.67, 40.75]
[40.81, 40.9, 40.9, 40.83]
[40.72, 40.73]
[40.81, 40.75]
[40.78, 40.8]
[40.76, 40.79]
[40.74, 40.82]
[40.66, 40.65]
[40.82, 40.84]
[40.71, 40.78, 40.78]
[40.72, 40.75, 40.69]
[40.94, 41.04]
[40.9, 40.95]
[40.9, 40.92]
[40.84, 40.86, 40.85]
[40.91, 40.93]
[40.81, 40.86, 40.86]
[40.72, 40.8, 40.79]
[40.86, 40.89]
[40.73, 40.83]
[40.81, 40.82]
[40.78, 40.8]
[40.7, 40.76]
[40.91, 40.98]
[40.84, 40.87]
[40.8, 40.85]
[40.72, 40.73]
[40.71, 40.8, 40.8]
[40.74, 40.81, 40.82]
[40.85, 40.92]
[40.82, 40.86]
[40.78, 40.8]
[40.89, 40.96, 40.89]
[40.72, 40.78]
[40.82, 40.85]
[40.81, 40.83]
[40.82, 40.85]
[40.77, 40.86]
[40.77, 40.88, 40.88]
[40.55, 40.62]
[40.74, 40.75]
[40.86, 40.89]
[40.83, 40.87]
[40.84, 40.85]
[40.8, 40.81]
[40.79, 40.81]
[40.77, 40.82]
[40.79, 40.81, 40.81]
[40.8, 40.79]
[40.81, 40.85, 40.86]
[40.77, 40.8, 40.74]
[40.73, 40.69]
[40.85, 40.89]
[40.81, 40.85]
[40.71, 40.78, 40.66]
[40.86, 40.88, 40.89, 40.83]
[40.74, 40.79]
[40.77, 40.77]
[40.76, 40.83]
[40.8, 40.85]
[40.79, 40.84]
[40.81, 40.86]
[40.69, 40.76, 40.76]
[40.79, 40.89]
[40.75, 40.78]
[40.61, 40.72]
[40.75, 40.8]
[40.86, 40.94]
[40.72, 40.77]
[40.77, 40.82]
[40.73, 40.84]
[40.72, 40.77, 40.77]
[40.67, 40.73]
[40.86, 40.89]
[40.69, 40.74]
[40.82, 40.84]
[40.86, 40.89]
[40.8, 40.86]
[40.89, 40.92]
[40.62, 40.69]
[40.79, 40.84]
[40.8, 40.85]
[40.83, 40.89]
[40.77, 40.82]
[40.76, 40.8]
[40.76, 40.82, 40.82, 40.82]
[40.78, 40.84]
[40.66, 40.66]
[40.79, 40.93]
[40.68, 40.7]
[40.77, 40.83]
[40.73, 40.79]
[40.79, 40.84]
[40.84, 40.9]
[40.74, 40.79]
[40.88, 40.94]
[40.84, 40.86, 40.86]
[40.83, 40.82]
[40.65, 40.75]
[40.77, 40.79]
[40.72, 40.73]
[40.72, 40.76, 40.68]
[40.71, 40.75]
[40.83, 40.85]
[40.82, 40.91]
[40.84, 40.81, 40.81, 40.81]
[40.83, 40.9, 40.91]
[40.66, 40.76]
[40.69, 40.76]
[40.81, 40.84]
[40.64, 40.65, 40.63, 40.58]
[40.79, 40.83, 40.81, 40.74]
[40.77, 40.84]
[40.89, 40.91]
[40.75, 40.8]
[40.88, 40.9]
[40.68, 40.71]
[40.78, 40.82]
[40.84, 40.83]
[40.66, 40.72]
[40.77, 40.84]
[40.78, 40.79, 40.78]
[40.7, 40.76]
[40.87, 40.92]
[40.77, 40.81]
[40.89, 40.92]
[40.72, 40.8, 40.8]
[40.69, 40.75]
[40.78, 40.8]
[40.7, 40.74]
[40.75, 40.8, 40.78, 40.71]
[40.7, 40.75]
[40.77, 40.82]
[40.8, 40.84, 40.83]
[40.72, 40.82, 40.82]
[40.96, 41.01]
[40.79, 40.79]
[40.76, 40.84]
[40.85, 40.89]
[40.88, 40.95, 40.95]
[40.77, 40.81]
[40.72, 40.79, 40.78]
[40.76, 40.81]
[40.74, 40.77]
[40.88, 40.92, 40.91]
[40.73, 40.71]
[40.67, 40.73]
[40.8, 40.81]
[40.86, 40.9]
[40.85, 40.86]
[40.83, 40.85]
[40.77, 40.84]
[40.72, 40.83, 40.83]
[40.69, 40.78, 40.78]
[40.69, 40.71]
[40.74, 40.83]
[40.8, 40.85]
[40.79, 40.87]
[40.7, 40.82, 40.82]
[40.72, 40.76]
[40.65, 40.75]
[40.76, 40.82, 40.77]
[40.89, 40.9]
[40.87, 40.91]
[40.71, 40.76]
[40.72, 40.82]
[40.75, 40.8]
[40.71, 40.76]
[40.77, 40.75, 40.75, 40.61]
[40.89, 40.91]
[40.79, 40.84]
[40.73, 40.8]
[40.86, 40.91, 40.86]
[40.79, 40.83]
[40.81, 40.84]
[40.73, 40.79, 40.72]
[40.74, 40.77]
[40.79, 40.83]
[40.8, 40.86]
[40.74, 40.84, 40.84, 40.84]
[40.75, 40.84]
[40.75, 40.8]
[40.89, 40.9]
[40.72, 40.82]
[40.75, 40.79]
[40.69, 40.77, 40.77]
[40.79, 40.8]
[40.81, 40.86]
[40.85, 40.87]
[40.83, 40.85, 40.84]
[40.84, 40.89]
[40.8, 40.84]
[40.68, 40.69, 40.69]
[40.69, 40.74, 40.74]
[40.71, 40.76]
[40.91, 41.01, 41.02]
[40.85, 40.89]
[40.79, 40.81, 40.81]
[40.81, 40.96]
[40.86, 40.88]
[40.75, 40.8]
[40.79, 40.83]
[40.73, 40.77]
[40.98, 40.98]
[40.9, 40.92]
[40.93, 40.95]
[40.72, 40.74]
[40.78, 40.84]
[40.7, 40.76]
[40.64, 40.69]
[40.72, 40.85]
[40.81, 40.89]
[40.76, 40.81]
[40.98, 41.05, 41.06, 41.01]
[40.82, 40.88]
[40.71, 40.76, 40.77]
[40.86, 40.85]
[40.69, 40.73, 40.73]
[40.91, 40.93, 40.92, 40.93]
[40.76, 40.81]
[40.75, 40.89]
[40.76, 40.75, 40.75]
[40.8, 40.82]
[40.74, 40.77, 40.71]
[40.84, 40.85, 40.86]
[40.68, 40.69, 40.68, 40.63]
[40.77, 40.79]
[40.91, 40.93]
[40.78, 40.81]
[40.71, 40.76]
[40.87, 40.94]
[40.76, 40.78]
[40.66, 40.72]
[40.66, 40.69]
[40.71, 40.69]
[40.67, 40.68]
[40.73, 40.82, 40.81, 40.75]
[40.72, 40.75]
[40.79, 40.82]
[40.84, 40.87]
[40.65, 40.71, 40.73]
[40.75, 40.84]
[40.82, 40.86]
[40.62, 40.65]
[40.72, 40.73]
[40.78, 40.85]
[40.88, 40.91]
[40.8, 40.86, 40.8]
[40.7, 40.72, 40.65]
[40.83, 40.87]
[40.78, 40.82]
[40.85, 40.93]
[40.82, 40.85]
[40.8, 40.85, 40.84, 40.79]
[40.71, 40.84, 40.78]
[40.8, 40.83]
[40.77, 40.78, 40.78]
[40.62, 40.65]
[40.81, 40.83]
[40.71, 40.76, 40.76]
[40.85, 40.87]
[40.77, 40.76]
[40.73, 40.77]
[40.76, 40.77]
[40.66, 40.59, 40.65, 40.54]
[40.68, 40.82, 40.78]
[40.81, 40.83]
[40.83, 40.88]
[40.68, 40.75]
[40.76, 40.79]
[40.74, 40.8]
[40.64, 40.7]
[40.71, 40.72]
[40.76, 40.79]
[40.81, 40.89]
[40.7, 40.75]
[40.74, 40.78]
[40.76, 40.77]
[40.76, 40.8, 40.8]
[40.77, 40.82, 40.76]
[40.77, 40.83]
[40.95, 40.96]
[40.63, 40.73]
[40.75, 40.76]
[40.72, 40.71]
[40.83, 40.88]
[40.77, 40.8]
[40.95, 40.98]
[40.78, 40.8]
[40.81, 40.9]
[40.8, 40.87]
[40.76, 40.83, 40.83]
[40.86, 40.88]
[40.76, 40.81, 40.75]
[40.78, 40.82]
[40.8, 40.88, 40.88]
[40.78, 40.85]
[40.9, 40.92]
[40.75, 40.77]
[40.8, 40.85]
[40.8, 40.84]
[40.67, 40.68]
[40.75, 40.8]
[40.66, 40.74, 40.74]
[40.84, 40.88, 40.87, 40.87, 40.81]
[40.71, 40.81]
[40.8, 40.86]
[40.82, 40.86]
[40.73, 40.75]
[40.72, 40.82]
[40.77, 40.88]
[40.67, 40.77]
[40.77, 40.85]
[40.8, 40.82]
[40.79, 40.81]
[40.82, 40.84]
[40.65, 40.73, 40.73]
[40.77, 40.83]
[40.76, 40.79]
[40.75, 40.84]
[40.74, 40.82, 40.82]
[40.76, 40.76]
[40.74, 40.79, 40.74]
[40.89, 40.96]
[40.78, 40.84]
[40.8, 40.8]
[40.77, 40.84, 40.84]
[40.71, 40.79]
[40.73, 40.78]
[40.59, 40.64]
[40.77, 40.8, 40.8]
[40.86, 40.88]
[40.83, 40.93]
[40.77, 40.82]
[40.72, 40.72]
[40.87, 40.88]
[40.62, 40.7, 40.63]
[40.91, 40.98]
[40.78, 40.85, 40.85]
[40.83, 40.87]
[40.77, 40.82]
[40.75, 40.8]
[40.86, 40.86]
[40.67, 40.7]
[40.87, 40.9, 40.84]
[40.81, 40.91]
[40.85, 40.85, 40.85]
[40.85, 40.89]
[40.8, 40.85]
[40.77, 40.78]
[40.73, 40.8]
[40.77, 40.8]
[40.81, 40.85]
[40.83, 40.86, 40.86]
[40.85, 40.98]
[40.92, 40.95]
[40.83, 40.84]
[40.66, 40.71]
[40.78, 40.9, 40.89]
[40.82, 40.87]
[40.74, 40.78]
[40.75, 40.82, 40.81]
[40.74, 40.76]
[40.79, 40.86]
[40.88, 40.89, 40.89, 40.83]
[40.69, 40.74]
[40.64, 40.68]
[40.79, 40.87]
[40.93, 40.95]
[40.87, 40.91, 40.92]
[40.77, 40.76]
[40.76, 40.79]
[40.86, 40.92]
[40.79, 40.82]
[40.81, 40.85, 40.85]
[40.82, 40.84]
[40.78, 40.8]
[40.78, 40.81]
[40.8, 40.86]
[40.68, 40.74]
[40.66, 40.74, 40.76]
[40.75, 40.8]
[40.84, 40.85]
[40.75, 40.79]
[40.8, 40.89, 40.89]
[40.91, 40.93]
[40.84, 40.92]
[40.77, 40.81]
[40.74, 40.82, 40.82]
[40.81, 40.86]
[40.83, 40.95]
[40.88, 40.94]
[40.78, 40.83]
[40.78, 40.82]
[40.71, 40.71]
[40.75, 40.76, 40.76]
[40.8, 40.82]
[40.7, 40.72, 40.72]
[40.7, 40.72]
[40.74, 40.81]
[40.8, 40.83]
[40.66, 40.75, 40.75]
[40.88, 40.9]
[40.93, 40.95]
[40.71, 40.76]
[40.78, 40.82]
[40.74, 40.83]
[40.71, 40.75]
[40.81, 40.82, 40.77]
[40.89, 40.94]
[40.55, 40.6]
[40.73, 40.81]
[40.84, 40.86, 40.86]
[40.84, 40.86]
[40.73, 40.75]
[40.62, 40.76, 40.69]
[40.92, 40.99]
[40.71, 40.76]
[40.91, 40.9]
[40.66, 40.67]
[40.76, 40.78]
[40.78, 40.83]
[40.87, 40.89, 40.85]
[40.78, 40.8]
[40.75, 40.77, 40.77]
[40.78, 40.8]
[40.79, 40.83, 40.83]
[40.82, 40.87, 40.87]
[40.8, 40.82]
[40.82, 40.84]
[40.75, 40.84, 40.84, 40.85]
[40.76, 40.8]
[40.79, 40.79]
[40.83, 40.8, 40.81]
[40.73, 40.82, 40.8]
[40.64, 40.68]
[40.71, 40.76]
[40.8, 40.82]
[40.85, 40.87]
[40.75, 40.8, 40.8]
[40.79, 40.84, 40.78]
[40.88, 40.89]
[40.84, 40.87]
[40.83, 40.87]
[40.74, 40.8, 40.74]
[40.73, 40.77, 40.79]
[40.65, 40.71, 40.71]
[40.8, 40.83]
[40.75, 40.8, 40.79, 40.75]
[40.78, 40.81]
[40.64, 40.66]
[40.76, 40.78]
[40.77, 40.81]
[40.71, 40.71, 40.71]
[40.84, 40.88]
[40.76, 40.79, 40.79]
[40.83, 40.88]
[40.86, 40.92, 40.92]
[40.73, 40.8, 40.8]
[40.7, 40.75]
[40.85, 40.89]
[40.78, 40.8]
[40.8, 40.82]
[40.62, 40.65]
[40.76, 40.83]
[40.72, 40.81]
[40.74, 40.77]
[40.87, 40.94]
[40.69, 40.71, 40.71]
[40.65, 40.69, 40.7]
[40.79, 40.81]
[40.72, 40.76]
[40.77, 40.85]
[40.7, 40.71, 40.71]
[40.72, 40.75]
[40.78, 40.81]
[40.79, 40.89, 40.89]
[40.8, 40.82]
[40.65, 40.68, 40.68]
[40.8, 40.83]
[40.83, 40.88]
[40.8, 40.84]
[40.8, 40.81, 40.74]
[40.83, 40.85, 40.85]
[40.6, 40.7]
[40.81, 40.86]
[40.81, 40.84]
[40.82, 40.84]
[40.68, 40.74, 40.74]
[40.79, 40.83]
[40.86, 40.98]
[40.7, 40.72]
[40.83, 40.85]
[40.74, 40.8]
[40.77, 40.81]
[40.84, 40.86]
[40.84, 40.87]
[40.83, 40.86]
[40.83, 40.87]
[40.81, 40.86]
[40.81, 40.8]
[40.84, 40.88]
[40.76, 40.81]
[40.75, 40.78]
[40.73, 40.73]
[40.73, 40.76, 40.77]
[40.73, 40.82, 40.82]
[40.71, 40.59, 40.66, 40.67, 40.6]
[40.84, 40.91, 40.89, 40.85]
[40.68, 40.75]
[40.76, 40.83]
[40.87, 40.88]
[40.75, 40.75, 40.68]
[40.73, 40.79]
[40.73, 40.75, 40.75]
[40.8, 40.8]
[40.68, 40.71]
[40.69, 40.7]
[40.81, 40.84]
[40.97, 41.02, 41.02]
[40.61, 40.68]
[40.72, 40.77]
[40.81, 40.84]
[40.87, 40.92]
[40.73, 40.77, 40.76]
[40.71, 40.73]
[40.81, 40.83]
[40.72, 40.67]
[40.75, 40.81]
[40.68, 40.77]
[40.76, 40.8]
[40.84, 40.89]
[40.75, 40.77]
[40.81, 40.84, 40.84]
[40.59, 40.65]
[40.78, 40.81]
[40.75, 40.79]
[40.74, 40.85, 40.84, 40.77]
[40.74, 40.8]
[40.81, 40.84]
[40.73, 40.82]
[40.78, 40.82]
[40.87, 40.88]
[40.76, 40.82]
[40.86, 40.87]
[40.72, 40.75]
[40.92, 40.93]
[40.74, 40.78]
[40.84, 40.89]
[40.66, 40.75, 40.71]
[40.82, 40.89]
[40.82, 40.85]
[40.77, 40.84, 40.85]
[40.65, 40.73]
[40.73, 40.75]
[40.78, 40.85]
[40.93, 40.98, 40.98]
[40.65, 40.75, 40.75]
[40.72, 40.77]
[40.9, 40.93]
[40.69, 40.77]
[40.69, 40.7, 40.7]
[40.71, 40.76]
[40.58, 40.69]
[40.82, 40.88]
[40.84, 40.84, 40.78]
[40.81, 40.81, 40.81]
[40.64, 40.75]
[40.77, 40.79]
[40.75, 40.76, 40.75, 40.7]
[40.81, 40.81]
[40.76, 40.8]
[40.76, 40.83]
[40.75, 40.82]
[40.74, 40.83]
[40.78, 40.83, 40.83]
[40.72, 40.8]
[40.71, 40.73]
[40.75, 40.87, 40.86, 40.81]
[40.77, 40.83]
[40.73, 40.77]
[40.72, 40.8]
[40.72, 40.75]
[40.86, 40.87]
[40.81, 40.86]
[40.71, 40.77]
[40.85, 40.89]
[40.91, 40.93]
[40.83, 40.86]
[40.92, 40.96]
[40.72, 40.78]
[40.75, 40.74]
[40.7, 40.71]
[40.81, 40.84]
[40.71, 40.73]
[40.86, 40.89]
[40.8, 40.86, 40.86]
[40.74, 40.81]
[40.63, 40.71]
[40.78, 40.83, 40.83, 40.83]
[40.84, 40.91, 40.9, 40.86]
[40.73, 40.82, 40.82, 40.75]
[40.68, 40.71]
[40.75, 40.78, 40.78, 40.71]
[40.78, 40.79]
[40.7, 40.74]
[40.84, 40.9]
[40.71, 40.76]
[40.79, 40.82, 40.83]
[40.74, 40.75]
[40.62, 40.65, 40.59]
[40.8, 40.83]
[40.76, 40.8]
[40.74, 40.81]
[40.72, 40.74, 40.74]
[40.83, 40.85]
[40.71, 40.74, 40.68, 40.57]
[40.77, 40.82, 40.82, 40.76]
[40.6, 40.64]
[40.82, 40.89]
[40.63, 40.78, 40.71]
[40.74, 40.79]
[40.88, 40.94]
[40.73, 40.77]
[40.9, 40.95]
[40.81, 40.85, 40.85]
[40.73, 40.78]
[40.91, 40.93]
[40.77, 40.79]
[40.87, 40.93]
[40.77, 40.79, 40.8]
[40.76, 40.82, 40.83]
[40.81, 40.97, 40.99]
[40.92, 41.01]
[40.73, 40.8]
[40.67, 40.73, 40.74]
[40.66, 40.71]
[40.81, 40.83]
[40.81, 40.84]
[40.78, 40.88, 40.89]
[40.84, 40.86]
[40.75, 40.84]
[40.72, 40.72, 40.72]
[40.68, 40.77]
[40.87, 40.89]
[40.75, 40.83]
[40.67, 40.79]
[40.79, 40.8]
[40.64, 40.67]
[40.92, 40.95]
[40.78, 40.82]
[40.73, 40.84, 40.84]
[40.66, 40.7]
[40.79, 40.85]
[40.8, 40.81]
[40.85, 40.87]
[40.77, 40.82, 40.81, 40.8, 40.74]
[40.81, 40.9, 40.84]
[40.71, 40.81]
[40.62, 40.66, 40.64, 40.58]
[40.84, 40.87]
[40.75, 40.79]
[40.68, 40.76]
[40.66, 40.71]
[40.69, 40.75, 40.76]
[40.79, 40.83]
[40.72, 40.75, 40.75]
[40.75, 40.8, 40.8]
[40.76, 40.77]
[40.96, 41.02]
[40.85, 40.89]
[40.82, 40.84]
[40.75, 40.79]
[40.79, 40.86]
[40.69, 40.73]
[40.85, 40.91]
[40.84, 40.89]
[40.81, 40.87]
[40.83, 40.86]
[40.7, 40.78]
[40.8, 40.84]
[40.8, 40.82]
[40.72, 40.74, 40.75, 40.67]
[40.8, 40.85]
[40.8, 40.83, 40.76]
[40.68, 40.76, 40.68]
[40.82, 40.85, 40.86]
[40.69, 40.77]
[40.79, 40.89]
[40.78, 40.82]
[40.82, 40.86]
[40.77, 40.81, 40.8, 40.75]
[40.65, 40.64]
[40.77, 40.8]
[40.78, 40.81]
[40.74, 40.79]
[40.69, 40.73]
[40.8, 40.85, 40.85]
[40.67, 40.73]
[40.82, 40.87]
[40.7, 40.77]
[40.7, 40.73, 40.73]
[40.69, 40.72]
[40.72, 40.81]
[40.75, 40.82]
[40.73, 40.8]
[40.83, 40.94]
[40.68, 40.71, 40.71]
[40.74, 40.81]
[40.83, 40.91]
[40.83, 40.89]
[40.8, 40.85]
[40.81, 40.83]
[40.73, 40.75]
[40.74, 40.77, 40.78]
[40.83, 40.96]
[40.81, 40.81]
[40.72, 40.74]
[40.87, 40.91]
[40.78, 40.86]
[40.74, 40.78]
[40.8, 40.83]
[40.81, 40.84]
[40.75, 40.77, 40.77]
[40.78, 40.79]
[40.67, 40.73]
[40.74, 40.76]
[40.77, 40.79]
[40.73, 40.75, 40.75, 40.69]
[40.71, 40.74]
[40.89, 40.94]
[40.79, 40.78]
[40.78, 40.81]
[40.75, 40.78]
[40.84, 40.87, 40.87]
[40.8, 40.89]
[40.73, 40.75]
[40.77, 40.83]
[40.81, 40.84]
[40.78, 40.81]
[40.69, 40.75]
[40.68, 40.77]
[40.6, 40.67, 40.67]
[40.81, 40.82]
[40.72, 40.78]
[40.79, 40.83]
[40.78, 40.8]
[40.82, 40.89]
[40.79, 40.86, 40.86]
[40.63, 40.69]
[40.8, 40.84, 40.85]
[40.72, 40.76]
[40.85, 40.94]
[40.71, 40.77]
[40.74, 40.78]
[40.73, 40.74]
[40.77, 40.81]
[40.77, 40.77]
[40.72, 40.81, 40.81]
[40.82, 40.84]
[40.76, 40.85]
[40.67, 40.71]
[40.81, 40.85]
[40.83, 40.85]
[40.69, 40.72, 40.72]
[40.8, 40.86]
[40.76, 40.79]
[40.71, 40.78]
[40.81, 40.84, 40.84, 40.78]
[40.77, 40.81, 40.75]
[40.82, 40.84]
[40.79, 40.83]
[40.67, 40.68]
[40.7, 40.72]
[40.69, 40.77]
[40.83, 40.87]
[40.63, 40.69]
[40.84, 40.87]
[40.69, 40.77]
[40.75, 40.78]
[40.86, 40.88]
[40.8, 40.85]
[40.85, 40.92, 40.86]
[40.82, 40.9, 40.9]
[40.82, 40.89, 40.83]
[40.87, 40.91]
[40.62, 40.7, 40.71]
[40.71, 40.81, 40.82]
[40.82, 40.83]
[40.88, 40.9]
[40.64, 40.69]
[40.72, 40.78]
[40.7, 40.72]
[40.89, 40.99]
[40.64, 40.6, 40.61, 40.61]
[40.75, 40.81]
[40.73, 40.76]
[40.77, 40.78, 40.78]
[40.93, 40.97]
[40.89, 40.96]
[40.9, 40.92]
[40.54, 40.62, 40.6, 40.54]
[40.78, 40.85, 40.85]
[40.68, 40.67]
[40.73, 40.8, 40.8]
[40.86, 40.8]
[40.88, 40.93]
[40.75, 40.8]
[40.67, 40.73, 40.74]
[40.9, 40.94]
[40.8, 40.88]
[40.71, 40.76]
[40.84, 40.88]
[40.84, 40.87]
[40.71, 40.78, 40.77]
[40.69, 40.7, 40.71]
[40.78, 40.84]
[40.81, 40.89]
[40.66, 40.72]
[40.71, 40.75]
[40.7, 40.73]
