[2.77]
[4.12]
[1.84]
[4.15]
[1.15]
[1.52]
[2.19]
[1.83]
[1.49]
[1.37]
[1.97]
[2.05]
[2.39]
[1.85]
[2.28]
[2.37]
[1.51]
[1.89]
[1.61]
[0.86]
[3.59]
[1.95]
[1.87]
[2.5]
[1.68]
[1.33]
[2.02]
[1.22]
[2.1]
[1.44]
[1.38]
[2.48]
[1.86]
[1.56]
[1.89]
[1.92]
[3.35]
[1.75]
[1.64]
[1.47]
[2.32]
[1.95]
[1.99]
[2.07]
[3.12]
[0.95]
[1.79]
[1.84]
[1.52]
[1.85]
[1.13]
[1.49]
[2.51]
[2.33]
[1.67]
[1.95]
[1.91]
[3.19]
[1.65]
[2.57]
[3.14]
[1.13]
[2.74]
[1.76]
[1.95]
[1.98]
[1.27]
[2.48]
[1.19]
[2.63]
[1.45]
[1.18]
[1.53]
[2.95]
[0.87]
[1.57]
[1.11]
[1.86]
[2.25]
[1.33]
[3.03]
[2.79]
[1.36]
[1.22]
[2.63]
[1.46]
[1.79]
[1.91]
[1.91]
[1.89]
[1.47]
[2.59]
[1.35]
[2.43]
[1.22]
[2.15]
[0.89]
[1.88]
[1.42]
[1.38]
[2.48]
[1.84]
[1.57]
[2.72]
[1.36]
[1.7]
[1.61]
[1.7]
[1.62]
[1.34]
[1.95]
[1.41]
[1.54]
[2.13]
[1.23]
[1.79]
[1.96]
[1.2]
[0.98]
[1.38]
[1.07]
[1.62]
[2.06]
[1.96]
[1.58]
[2.44]
[1.55]
[3.2]
[1.79]
[1.38]
[2.01]
[1.58]
[1.61]
[1.45]
[1.24]
[2.59]
[2.36]
[2.0]
[1.42]
[1.98]
[1.48]
[1.8]
[1.61]
[2.6]
[1.83]
[1.78]
[1.44]
[2.09]
[2.02]
[1.21]
[1.57]
[1.5]
[1.46]
[1.93]
[1.87]
[1.37]
[2.25]
[2.5]
[2.12]
[1.6]
[3.64]
[2.37]
[1.49]
[1.8]
[1.73]
[1.08]
[1.23]
[3.9]
[1.89]
[1.29]
[3.17]
[1.97]
[2.83]
[1.41]
[2.11]
[5.19]
[2.34]
[1.48]
[1.26]
[1.67]
[2.21]
[2.05]
[1.58]
[2.59]
[1.55]
[1.32]
[1.63]
[2.06]
[3.28]
[3.22]
[1.23]
[2.05]
[1.34]
[1.37]
[5.3]
[3.36]
[1.82]
[2.65]
[2.25]
[2.09]
[1.77]
[1.92]
[1.54]
[1.76]
[1.83]
[1.08]
[1.43]
[1.25]
[1.64]
[1.82]
[0.79]
[1.66]
[1.44]
[2.35]
[1.29]
[1.33]
[1.62]
[1.69]
[4.57]
[1.79]
[1.33]
[3.94]
[1.77]
[3.87]
[1.71]
[1.14]
[1.41]
[1.62]
[1.17]
[1.39]
[2.74]
[1.8]
[1.57]
[2.0]
[2.12]
[2.08]
[1.96]
[1.28]
[1.46]
[2.46]
[4.78]
[1.85]
[2.45]
[2.71]
[2.03]
[1.31]
[1.84]
[1.3]
[1.84]
[1.3]
[1.69]
[2.2]
[2.52]
[1.75]
[3.39]
[1.63]
[1.19]
[2.15]
[1.59]
[2.68]
[3.69]
[1.96]
[6.96]
[2.47]
[1.79]
[2.34]
[2.22]
[1.61]
[2.66]
[1.36]
[1.39]
[2.07]
[1.63]
[1.41]
[2.12]
[1.02]
[1.7]
[2.89]
[2.01]
[1.99]
[3.89]
[1.57]
[1.67]
[1.82]
[2.14]
[1.29]
[2.67]
[1.96]
[2.33]
[2.7]
[1.32]
[2.27]
[1.84]
[2.23]
[1.86]
[2.61]
[2.66]
[1.7]
[1.43]
[1.81]
[1.08]
[1.44]
[2.26]
[2.34]
[1.73]
[2.57]
[1.4]
[1.64]
[1.98]
[1.76]
[0.92]
[2.68]
[1.85]
[2.34]
[2.12]
[1.94]
[1.87]
[2.23]
[1.76]
[2.0]
[1.46]
[3.23]
[1.48]
[3.66]
[3.2]
[1.71]
[1.21]
[4.51]
[1.49]
[1.65]
[3.66]
[2.42]
[0.98]
[1.59]
[2.11]
[1.52]
[4.75]
[1.7]
[5.14]
[2.39]
[1.97]
[1.92]
[1.78]
[0.79]
[1.02]
[1.42]
[1.94]
[2.0]
[2.01]
[1.52]
[2.19]
[1.63]
[3.46]
[1.05]
[1.14]
[1.1]
[4.48]
[2.87]
[1.42]
[0.89]
[1.87]
[2.95]
[1.92]
[1.34]
[2.65]
[1.94]
[1.65]
[1.98]
[1.62]
[1.16]
[1.76]
[1.25]
[0.92]
[2.2]
[1.5]
[1.19]
[2.28]
[2.97]
[1.39]
[2.18]
[0.97]
[2.12]
[1.6]
[1.78]
[1.78]
[1.68]
[2.16]
[1.63]
[1.3]
[1.94]
[1.68]
[1.61]
[1.86]
[1.44]
[1.78]
[1.41]
[1.53]
[1.56]
[2.17]
[2.69]
[3.3]
[1.83]
[1.69]
[1.67]
[1.69]
[1.6]
[4.63]
[2.74]
[2.87]
[1.99]
[1.62]
[2.64]
[1.53]
[1.78]
[1.37]
[1.52]
[1.63]
[1.53]
[1.46]
[2.08]
[2.31]
[1.57]
[1.55]
[1.49]
[2.98]
[1.47]
[2.38]
[2.11]
[1.59]
[1.04]
[1.94]
[1.78]
[1.81]
[1.6]
[2.21]
[1.98]
[2.1]
[1.92]
[1.41]
[1.16]
[1.75]
[1.77]
[1.37]
[3.89]
[2.66]
[2.36]
[2.2]
[1.67]
[1.93]
[1.94]
[2.0]
[3.18]
[1.13]
[1.08]
[3.77]
[1.32]
[1.73]
[2.16]
[2.08]
[1.15]
[1.24]
[1.85]
[1.29]
[1.95]
[1.74]
[3.88]
[1.16]
[1.5]
[1.33]
[1.67]
[3.09]
[2.88]
[3.27]
[3.31]
[3.95]
[1.86]
[0.93]
[1.47]
[1.2]
[1.29]
[1.62]
[2.0]
[2.87]
[1.23]
[2.65]
[2.33]
[0.95]
[1.19]
[1.5]
[1.79]
[1.19]
[0.94]
[4.03]
[1.12]
[1.48]
[1.95]
[1.67]
[3.57]
[1.52]
[2.22]
[1.95]
[2.63]
[1.92]
[3.93]
[2.48]
[1.73]
[1.46]
[2.44]
[1.77]
[1.31]
[1.6]
[2.59]
[1.19]
[1.23]
[1.79]
[0.97]
[1.44]
[1.49]
[1.14]
[2.43]
[1.33]
[1.45]
[1.42]
[1.38]
[2.46]
[1.62]
[1.43]
[1.61]
[2.49]
[1.47]
[1.76]
[2.04]
[1.46]
[4.4]
[2.66]
[2.62]
[2.6]
[1.59]
[1.58]
[1.37]
[1.24]
[2.38]
[1.88]
[1.67]
[2.79]
[1.3]
[1.48]
[5.09]
[2.08]
[2.58]
[4.76]
[1.5]
[1.33]
[1.26]
[1.52]
[2.1]
[2.56]
[1.95]
[2.03]
[1.32]
[1.63]
[1.17]
[1.42]
[2.53]
[1.75]
[2.36]
[1.46]
[1.96]
[1.96]
[1.19]
[2.52]
[1.76]
[1.35]
[1.81]
[2.17]
[4.01]
[1.6]
[2.01]
[2.26]
[1.76]
[1.23]
[2.08]
[1.73]
[2.43]
[1.61]
[1.61]
[1.76]
[1.34]
[2.75]
[1.58]
[1.89]
[1.47]
[1.74]
[1.11]
[1.92]
[1.91]
[1.76]
[1.26]
[1.39]
[1.3]
[1.86]
[1.98]
[1.31]
[1.95]
[1.79]
[4.3]
[0.89]
[1.69]
[2.2]
[1.69]
[3.44]
[1.64]
[2.01]
[1.8]
[2.2]
[1.28]
[1.13]
[1.98]
[2.24]
[1.97]
[1.89]
[1.7]
[1.97]
[3.73]
[2.18]
[2.7]
[2.47]
[2.83]
[1.2]
[1.63]
[3.87]
[1.38]
[1.87]
[2.09]
[2.13]
[2.27]
[2.27]
[2.33]
[2.22]
[2.4]
[1.77]
[1.41]
[1.67]
[1.98]
[1.29]
[1.12]
[1.14]
[1.17]
[1.08]
[1.46]
[1.48]
[1.26]
[1.92]
[1.21]
[3.47]
[2.81]
[1.89]
[1.53]
[1.57]
[1.32]
[2.23]
[1.65]
[3.39]
[0.96]
[2.12]
[1.49]
[1.94]
[1.02]
[4.47]
[3.39]
[3.14]
[1.67]
[1.46]
[2.07]
[1.79]
[2.1]
[1.81]
[2.06]
[2.04]
[1.43]
[1.29]
[1.4]
[1.44]
[1.69]
[1.06]
[3.51]
[1.22]
[1.23]
[1.55]
[0.9]
[2.7]
[2.58]
[1.36]
[2.11]
[2.52]
[1.2]
[1.35]
[1.92]
[1.71]
[2.24]
[2.59]
[1.79]
[2.37]
[1.97]
[1.58]
[1.61]
[2.43]
[1.5]
[3.53]
[2.26]
[1.9]
[1.62]
[2.23]
[2.04]
[1.13]
[1.25]
[1.85]
[3.87]
[1.26]
[1.55]
[1.75]
[1.61]
[2.22]
[1.82]
[1.63]
[2.8]
[1.3]
[1.49]
[2.2]
[2.8]
[3.27]
[4.07]
[1.12]
[1.46]
[2.09]
[5.23]
[1.15]
[2.33]
[3.54]
[1.51]
[1.83]
[1.01]
[1.74]
[1.24]
[1.52]
[1.64]
[2.01]
[1.34]
[1.41]
[2.76]
[1.56]
[1.9]
[3.33]
[1.49]
[4.8]
[2.39]
[2.03]
[2.21]
[1.89]
[3.14]
[1.31]
[2.89]
[1.31]
[2.01]
[2.42]
[1.52]
[1.85]
[1.95]
[2.21]
[1.66]
[1.13]
[1.35]
[2.19]
[1.44]
[9.72]
[1.89]
[1.55]
[1.56]
[1.8]
[2.88]
[1.34]
[1.73]
[1.75]
[1.33]
[1.86]
[2.38]
[1.17]
[2.7]
[1.84]
[1.51]
[3.91]
[2.08]
[2.31]
[1.45]
[1.14]
[1.36]
[2.45]
[2.04]
[2.15]
[1.07]
[1.37]
[1.64]
[1.69]
[1.84]
[1.9]
[1.79]
[1.72]
[2.32]
[2.6]
[1.42]
[2.08]
[1.45]
[1.81]
[2.09]
[1.83]
[2.41]
[3.18]
[1.07]
[2.79]
[1.7]
[4.49]
[1.83]
[0.76]
[1.82]
[1.51]
[2.68]
[1.4]
[1.94]
[3.11]
[1.69]
[1.64]
[3.14]
[1.56]
[3.36]
[1.47]
[3.48]
[1.35]
[1.8]
[1.43]
[1.64]
[1.72]
[2.33]
[1.96]
[2.85]
[2.26]
[2.06]
[1.68]
[2.05]
[1.64]
[1.83]
[2.54]
[1.15]
[2.29]
[1.79]
[1.9]
[1.68]
[2.69]
[1.6]
[1.76]
[2.18]
[0.99]
[1.39]
[2.14]
[4.13]
[2.19]
[2.24]
[1.96]
[1.57]
[1.37]
[2.24]
[1.58]
[2.09]
[2.88]
[2.21]
[1.52]
[1.95]
[1.69]
[1.78]
[3.32]
[1.59]
[1.66]
[1.07]
[2.63]
[1.1]
[1.72]
[1.36]
[1.41]
[1.97]
[2.06]
[1.37]
[1.96]
[1.61]
[2.91]
[3.67]
[2.07]
[2.77]
[1.53]
[1.52]
[2.98]
[2.81]
[1.55]
[2.49]
[1.3]
[2.03]
[1.84]
[2.19]
[2.09]
[4.07]
[1.42]
[1.42]
[2.58]
[1.99]
[1.61]
[1.98]
[1.19]
[1.48]
[1.72]
[1.98]
[1.98]
[1.24]
[1.57]
[2.08]
[1.97]
[2.12]
[1.79]
[1.76]
[1.66]
[2.7]
[2.26]
[1.2]
[2.16]
[1.86]
[5.7]
[1.76]
[1.23]
[1.97]
[1.74]
[0.87]
[2.81]
[2.97]
[2.88]
[2.15]
[1.67]
[1.66]
[1.27]
[1.8]
[2.23]
[1.07]
[2.66]
[2.23]
[2.74]
[1.9]
[1.94]
[3.91]
[3.82]
[3.06]
[4.79]
[2.71]
[1.63]
[0.81]
[3.62]
[1.3]
[1.29]
[2.34]
[1.05]
[1.11]
[3.02]
[1.17]
[2.47]
[2.18]
[1.84]
[1.56]
[2.29]
[1.61]
[1.93]
[1.03]
[2.13]
[2.64]
[3.58]
[2.05]
[1.6]
[2.25]
[2.75]
[1.3]
[2.69]
[1.53]
[1.59]
[1.12]
[1.87]
[2.45]
[1.05]
[1.13]
[3.9]
[2.22]
[2.08]
[3.54]
[2.08]
[1.56]
[1.71]
[1.95]
