[23.05, 3.68, 0.82]
[22.47, 0.92]
[22.58, 1.19, 0.98]
[23.3, 3.35, 0.42, 0.33]
[22.76, 1.44, 0.73]
[23.89, 4.04, 0.8, 0.71]
[23.86, 7.06, 0.55, 0.51]
[23.25, 5.53, 0.45, 0.33]
[23.38, 3.95, 1.03, 0.69]
[22.81, 1.53, 0.93]
[23.26, 3.46, 0.39, 0.26]
[23.54, 8.92, 0.62, 0.55]
[23.53, 17.25, 2.47, 1.16, 1.1]
[22.59, 1.44, 1.1]
[23.62, 13.15, 0.76, 0.76]
[23.3, 2.7, 0.52]
[23.81, 8.06, 0.65, 0.62]
[24.23, 14.9, 1.33, 1.3]
[23.52, 17.32, 4.91, 2.79, 1.71]
[23.3, 10.54, 0.44, 0.42]
[23.32, 5.57, 1.55, 1.22]
[23.09, 0.67, 0.62]
[22.24, 0.73, 0.58]
[23.26, 1.7, 0.76]
[23.11, 6.56, 0.75, 0.73]
[23.5, 6.09, 0.62, 0.57]
[23.64, 4.91, 0.7, 0.62]
[22.56, 4.19, 0.55, 0.45]
[23.09, 0.86, 0.74]
[22.98, 2.52, 0.71]
[23.21, 0.94, 0.67]
[23.24, 0.87]
[23.19, 2.82, 1.58, 1.36]
[22.96, 2.81, 0.89]
[23.4, 6.55, 0.6, 0.51]
[22.63, 1.09, 0.74]
[22.9, 0.9]
[23.08, 0.37, 0.34]
[23.17, 0.99, 0.85]
[23.05, 1.87, 0.68]
[23.79, 9.21, 0.38, 0.34]
[22.37, 1.02, 0.81]
[23.66, 8.99, 0.76, 0.65]
[23.09, 7.59, 0.57, 0.54]
[22.06, 0.77, 0.71]
[23.32, 3.75, 1.55, 1.48]
[22.66, 1.15, 0.78]
[23.36, 4.28, 0.6, 0.55]
[23.03, 6.24, 1.11, 1.0]
[23.67, 16.0, 3.46, 1.89, 1.27]
[23.8, 11.84, 1.2, 1.19]
[23.1, 3.99, 0.59]
[23.68, 5.85, 0.67, 0.64]
[23.35, 2.64, 0.68]
[24.02, 15.86, 3.27, 2.6]
[23.51, 17.83, 4.43, 1.49, 1.43]
[23.53, 7.56, 0.9, 0.88]
[22.37, 0.47]
[22.51, 0.71]
[23.32, 4.47, 0.75, 0.66]
[23.04, 6.42, 0.64, 0.56]
[23.99, 3.33, 0.6]
[22.53, 0.61]
[23.35, 2.09, 1.45, 1.22]
[22.18, 0.8, 0.7]
[23.71, 13.68, 0.54, 0.53]
[22.78, 0.85]
[22.93, 0.93]
[22.68, 0.59]
[23.25, 10.35, 0.36, 0.31]
[23.63, 8.75, 1.18, 0.9]
[23.48, 4.61, 0.53, 0.49]
[23.6, 9.27, 0.32, 0.3]
[23.53, 9.66, 1.15, 1.09]
[23.52, 10.23, 0.44, 0.41]
[23.21, 2.0, 0.94]
[22.8, 0.85, 0.58]
[23.61, 2.12, 0.82]
[23.02, 7.35, 0.58, 0.54]
[22.95, 2.71, 0.7]
[23.8, 13.42, 1.38, 1.27]
[22.98, 3.17, 0.5]
[22.59, 1.06, 0.8]
[23.34, 12.62, 2.42, 1.86, 1.59]
[23.29, 2.73, 0.67]
[22.97, 2.25, 0.66]
[23.36, 7.63, 0.39, 0.37]
[23.5, 3.2, 0.65, 0.48]
[23.5, 6.88, 0.74, 0.7]
[23.59, 6.14, 0.68, 0.46]
[23.19, 1.63, 0.96]
[23.58, 8.33, 0.81, 0.78]
[23.12, 2.28, 0.9]
[23.56, 6.43, 0.47, 0.38]
[23.4, 4.35, 0.47, 0.33]
[23.28, 7.98, 0.73, 0.59]
[24.13, 10.89, 1.27, 1.18]
[23.6, 4.82, 0.46, 0.33]
[23.0, 1.21, 0.83]
[23.6, 7.27, 0.37, 0.32]
[23.71, 10.96, 0.9, 0.91]
[23.1, 2.49, 0.67]
[23.39, 12.85, 0.19, 0.19]
[23.18, 1.02, 0.8]
[22.68, 0.65, 0.58]
[22.94, 1.19, 1.12]
[23.19, 3.23, 1.32]
[23.21, 6.64, 0.64, 0.57]
[23.58, 12.98, 0.51, 0.51]
[23.38, 8.49, 0.45, 0.41]
[22.65, 0.8, 0.76]
[23.38, 10.08, 0.77, 0.56]
[22.96, 3.67, 0.51, 0.37]
[23.13, 4.57, 0.81, 0.69]
[23.88, 9.67, 0.63, 0.55]
[23.49, 3.28, 0.81]
[22.87, 0.93, 0.88]
[23.58, 2.29, 0.57]
[22.42, 2.21, 0.95]
[23.05, 8.05, 0.46, 0.39]
[23.56, 5.66, 0.69, 0.6]
[23.5, 8.18, 0.96, 0.96]
[23.45, 5.33, 1.12, 1.03]
[23.82, 5.16, 0.92, 0.48]
[23.47, 10.21, 0.41, 0.37]
[22.7, 0.93, 0.66]
[23.7, 6.28, 0.61, 0.56]
[22.87, 1.5, 0.72]
[23.1, 4.27, 0.86, 0.75]
[23.14, 0.58]
[23.71, 10.1, 1.54, 1.56]
[23.48, 7.45, 1.01, 0.91]
[23.02, 1.93, 0.73]
[23.14, 3.1, 0.78]
[22.8, 0.79]
[23.92, 8.01, 0.84, 0.73]
[23.82, 20.09, 11.0, 5.77, 5.4, 5.03]
[22.85, 0.72]
[23.85, 9.32, 0.67, 0.59]
[22.5, 0.41]
[23.61, 5.27, 0.63, 0.46]
[23.74, 9.78, 1.04, 0.83]
[23.23, 1.63, 1.12]
[22.9, 1.38, 1.0]
[23.26, 8.39, 0.65, 0.61]
[23.01, 3.11, 0.77]
[23.73, 5.79, 0.9, 0.8]
[23.5, 12.77, 0.79, 0.68]
[22.54, 0.36]
[23.17, 3.25, 1.33]
[23.63, 6.49, 1.6, 1.61]
[23.04, 0.94, 0.84]
[23.23, 5.16, 0.86, 0.73]
[22.66, 0.86]
[23.16, 4.78, 0.69, 0.64]
[23.02, 3.77, 0.99]
[23.64, 2.26, 0.68]
[23.26, 6.97, 1.19, 1.06]
[23.15, 0.99, 0.84]
[23.72, 13.53, 0.64]
[23.02, 2.07, 0.87]
[22.71, 0.71, 0.61]
[23.98, 10.8, 0.86, 0.84]
[23.06, 8.06, 0.49, 0.4]
[22.97, 1.31, 0.98]
[23.41, 10.11, 0.55, 0.52]
[22.88, 0.94]
[23.14, 2.08, 1.13, 1.07]
[23.06, 4.89, 0.47, 0.43]
[23.19, 5.03, 1.0]
[23.2, 5.81, 0.66, 0.52]
[23.37, 6.62, 0.71, 0.5]
[23.31, 1.07, 0.61]
[23.83, 10.78, 0.57, 0.45]
[23.09, 1.68, 0.61]
[22.95, 1.1, 0.85]
[22.77, 3.81, 0.66]
[23.13, 1.09, 0.9]
[22.82, 1.31, 1.0]
[23.65, 12.16, 3.61, 3.31, 2.53]
[23.47, 1.28, 1.1]
[23.44, 12.16, 0.64, 0.63]
[22.56, 0.41, 0.4]
[23.62, 6.98, 0.55, 0.45]
[23.55, 10.96, 1.6, 1.45]
[23.3, 5.9, 0.98, 0.94]
[23.32, 2.07, 1.21]
[22.93, 1.24, 0.74]
[23.6, 11.73, 0.28, 0.25]
[23.4, 1.81, 1.46]
[23.07, 3.31, 1.03]
[21.86, 0.53]
[22.97, 1.07, 0.9]
[22.96, 1.72, 0.67]
[22.98, 1.78, 0.76]
[23.53, 8.02, 0.72, 0.68]
[22.92, 2.18, 0.62]
[23.42, 16.47, 1.79, 0.77]
[23.04, 1.64, 1.35]
[22.94, 3.67, 0.97]
[23.33, 5.24, 0.72, 0.6]
[22.98, 1.28, 0.79]
[22.72, 2.39, 1.27]
[22.95, 4.86, 0.58, 0.5]
[23.91, 3.69, 0.82]
[22.3, 0.92, 0.82]
[23.52, 7.82, 0.68, 0.64]
[23.48, 2.63, 0.56]
[23.41, 3.96, 0.62, 0.43]
[23.29, 1.47, 0.8]
[22.91, 1.02, 0.95]
[24.05, 12.74, 1.13, 1.11]
[23.16, 5.14, 1.18]
[22.43, 0.94, 0.87]
[23.01, 2.79, 0.87]
[23.33, 3.05, 1.02]
[22.9, 1.55, 1.15]
[23.27, 12.28, 0.6, 0.57]
[22.41, 0.73]
[23.54, 16.83, 1.64, 1.48, 1.16]
[23.37, 2.43, 0.61]
[23.63, 4.94, 0.72, 0.66]
[22.72, 0.6, 0.59]
[23.57, 15.39, 1.2, 1.15]
[22.91, 1.28, 0.63]
[23.8, 20.04, 10.13, 6.43, 5.33, 4.24]
[23.14, 3.2, 0.86]
[22.66, 0.71, 0.63]
[23.28, 10.79, 0.32, 0.26]
[23.68, 11.44, 0.86, 0.74]
[23.58, 1.65, 0.91]
[23.24, 0.79, 0.73]
[22.44, 0.57]
[22.66, 0.99, 0.59]
[22.83, 2.33, 1.0]
[23.39, 10.95, 1.33, 1.29]
[23.02, 1.11, 0.86]
[23.34, 7.84, 0.42, 0.32]
[22.47, 0.62]
[23.74, 9.19, 0.56, 0.51]
[22.96, 4.39, 0.43, 0.37]
[23.3, 3.76, 1.15]
[22.73, 0.55]
[22.58, 1.21, 0.93]
[23.08, 5.38, 0.41, 0.26]
[23.3, 5.82, 0.88, 0.8]
[23.26, 3.64, 0.69]
[23.78, 18.26, 8.25, 5.67, 5.56]
[23.06, 1.19, 0.69]
[23.25, 5.03, 0.75, 0.69]
[22.69, 0.7]
[23.38, 10.97, 1.14, 0.79]
[24.03, 10.86, 2.43, 2.48, 2.27]
[23.61, 3.87, 0.78, 0.76]
[23.49, 2.23, 0.94]
[23.28, 6.71, 0.65, 0.52]
[23.37, 5.89, 1.02, 0.93]
[23.31, 7.17, 0.9, 0.9]
[23.14, 6.0, 0.57, 0.43]
[23.06, 1.97, 1.2]
[23.65, 8.64, 0.52, 0.39]
[23.57, 10.87, 0.71, 0.61]
[22.48, 0.5]
[23.48, 11.91, 0.79, 0.76]
[23.56, 18.08, 3.17, 1.99, 1.07]
[23.57, 6.53, 0.7, 0.63]
[22.78, 2.1, 0.83]
[22.94, 0.54]
[23.06, 1.73, 1.44]
[23.68, 14.16, 0.77, 0.69]
[23.72, 8.92, 1.13, 1.14]
[23.19, 1.78, 1.12]
[22.81, 3.96, 0.83]
[23.27, 8.15, 0.7, 0.66]
[23.52, 8.43, 0.82, 0.71]
[23.37, 5.01, 0.71, 0.66]
[22.77, 1.85, 1.06]
[23.75, 16.52, 1.21, 1.15]
[22.97, 1.17, 0.86]
[22.9, 0.42]
[22.58, 1.15, 0.76]
[23.37, 4.13, 0.46, 0.35]
[23.43, 6.9, 0.5, 0.44]
[22.57, 0.78, 0.69]
[23.27, 2.06, 0.86]
[23.59, 3.83, 1.0]
[23.34, 5.67, 0.73, 0.71]
[23.09, 3.53, 0.73, 0.48]
[23.25, 6.31, 0.64, 0.54]
[23.19, 2.7, 1.77, 1.69]
[23.09, 0.73, 0.68]
[22.78, 0.45]
[22.95, 0.87, 0.67]
[23.59, 11.65, 0.45, 0.43]
[23.82, 3.68, 0.58, 0.4]
[22.78, 1.25, 0.64]
[23.35, 3.22, 1.74]
[23.14, 3.87, 0.66, 0.52]
[22.9, 0.63, 0.58]
[22.83, 6.81, 0.58, 0.49]
[23.83, 13.39, 0.97, 0.93]
[22.76, 1.19, 0.88]
[22.26, 0.83, 0.79]
[23.05, 1.77, 0.69]
[22.81, 0.78, 0.7]
[23.74, 14.0, 0.71, 0.7]
[22.87, 1.58, 0.93]
[23.51, 6.82, 0.58, 0.54]
[22.64, 0.5]
[23.78, 8.95, 0.91, 0.89]
[22.79, 0.74, 0.6]
[23.34, 5.0, 1.33, 1.36]
[23.58, 12.83, 0.43, 0.42]
[23.27, 3.03, 0.73]
[23.16, 1.75, 0.99]
[22.75, 1.37, 1.14, 1.09]
[23.58, 7.51, 0.46, 0.32]
[23.41, 3.63, 0.77]
[22.42, 0.36]
[22.29, 0.75]
[22.98, 2.06, 0.67]
[23.19, 2.93, 0.65]
[22.78, 1.07, 0.69]
[23.62, 12.46, 1.74, 1.64]
[23.67, 14.13, 1.42, 1.42]
[22.72, 0.62, 0.61]
[23.85, 8.4, 0.39, 0.36]
[23.71, 6.27, 0.65, 0.61]
[23.72, 10.97, 0.8, 0.79]
[23.62, 9.39, 1.11, 1.01]
[23.6, 14.52, 0.61, 0.59]
[23.43, 1.78, 1.25]
[23.41, 2.22, 1.03]
[23.45, 2.96, 0.49, 0.34]
[23.07, 1.06, 0.81]
[22.22, 0.39]
[23.72, 13.43, 0.54, 0.5]
[23.45, 2.27, 0.87]
[23.45, 1.41, 0.57]
[22.83, 2.68, 0.72]
[23.06, 1.54, 1.02]
[23.37, 3.76, 1.28, 0.85]
[22.85, 0.91, 0.71]
[22.92, 0.54, 0.51]
[23.13, 1.79, 0.57]
[23.24, 6.09, 0.73, 0.63]
[22.98, 2.42, 0.78]
[23.91, 10.36, 0.69, 0.42]
[23.59, 8.85, 0.62, 0.6]
[23.45, 3.26, 0.72, 0.69]
[23.27, 12.96, 1.22, 1.14]
[24.14, 17.91, 4.22, 3.16]
[23.35, 8.93, 0.47, 0.42]
[23.79, 13.34, 1.58, 1.1, 1.08]
[22.99, 3.81, 1.2, 1.18]
[23.32, 3.41, 0.52, 0.46]
[23.22, 2.97, 0.7]
[24.01, 15.71, 1.41, 0.97]
[22.12, 0.72, 0.6]
[22.96, 4.78, 1.18, 1.14]
[23.7, 6.52, 1.18, 1.15]
[23.0, 4.93, 1.9, 1.52]
[23.55, 11.64, 1.68, 1.4, 1.22]
[21.38, 0.41]
[22.96, 2.46, 0.78]
[23.27, 10.85, 1.11, 1.04]
[23.73, 9.27, 0.87, 0.85]
[23.1, 1.72, 0.55]
[22.64, 0.65, 0.64]
[23.33, 1.31, 0.88, 0.82]
[22.74, 0.67]
[24.01, 19.98, 12.67, 8.88, 8.25, 8.15, 8.03]
[23.69, 15.04, 2.02, 0.87]
[22.62, 0.6]
[22.49, 0.44, 0.43]
[23.48, 12.19, 0.75, 0.73]
[23.21, 2.83, 0.56]
[23.37, 7.97, 1.02, 1.02]
[23.65, 11.91, 1.08, 0.87]
[23.61, 10.04, 0.61, 0.58]
[23.9, 5.28, 0.83, 0.79]
[23.04, 1.08, 0.81]
[24.11, 12.66, 1.92, 1.95]
[22.98, 2.92, 1.32]
[23.03, 2.23, 0.62]
[22.01, 0.57]
[23.01, 1.46, 0.64]
[22.83, 2.94, 0.53]
[23.16, 3.92, 0.89]
[22.58, 1.27, 0.78]
[22.85, 5.11, 0.42, 0.35]
[23.69, 1.82, 1.17]
[23.61, 14.21, 2.08, 1.61]
[22.69, 0.45]
[23.5, 8.33, 0.64, 0.55]
[23.0, 0.61, 0.58]
[23.55, 2.26, 1.15]
[22.49, 0.54]
[22.55, 0.82]
[23.9, 17.79, 5.31, 3.82, 2.85]
[22.76, 3.2, 0.64]
[23.51, 6.81, 0.62, 0.58]
[23.11, 1.43, 0.84]
[22.8, 2.36, 0.66]
[23.7, 11.4, 0.65, 0.63]
[22.64, 0.42, 0.39]
[24.0, 16.58, 4.96, 3.48, 2.94, 2.83]
[23.53, 3.29, 0.64]
[22.71, 2.03, 1.38]
[23.15, 1.85, 1.36]
[22.97, 1.94, 0.82]
[23.02, 2.2, 0.71]
[22.51, 2.74, 0.9, 0.85]
[22.63, 0.73]
[21.53, 0.22]
[23.21, 5.99, 0.4, 0.36]
[23.67, 8.18, 0.56, 0.51]
[23.7, 15.72, 1.13, 0.85]
[23.36, 4.16, 0.83]
[24.06, 12.77, 0.71, 0.59]
[22.98, 0.83]
[23.63, 3.33, 0.88]
[23.1, 1.45, 0.66, 0.63]
[22.91, 0.62]
[22.66, 0.7, 0.63]
[23.62, 7.73, 0.67, 0.63]
[23.61, 2.07, 0.85]
[23.88, 10.42, 2.08, 1.93]
[23.12, 1.54, 1.16]
[23.34, 4.26, 0.45, 0.32]
[23.16, 4.92, 0.62, 0.48]
[23.87, 5.54, 0.95, 0.93]
[23.98, 13.07, 2.98, 2.76]
[23.4, 6.63, 0.62, 0.57]
[22.99, 1.08, 1.04]
[22.78, 1.14, 0.63]
[23.51, 12.07, 2.07, 1.73]
[23.55, 18.8, 9.95, 5.28, 5.23]
[22.91, 1.98, 1.06]
[22.37, 0.5]
[22.31, 0.87, 0.79]
[22.6, 0.48, 0.46]
[23.83, 14.23, 1.24, 1.18]
[24.31, 5.3, 0.4, 0.35]
[22.74, 0.89, 0.79]
[23.55, 6.0, 0.49, 0.42]
[23.0, 2.1, 0.85]
[23.05, 2.21, 0.87]
[23.51, 8.33, 0.68, 0.6]
[23.29, 1.73, 1.36]
[23.02, 6.01, 0.9, 0.84]
[23.7, 12.46, 1.32, 1.22]
[23.42, 1.35, 0.67]
[22.61, 0.73]
[22.93, 2.08, 1.38]
[22.34, 1.05, 0.79]
[22.92, 2.12, 0.65]
[23.49, 14.0, 0.61, 0.56]
[22.93, 2.42, 0.87, 0.8]
[22.48, 0.63]
[23.28, 1.02, 0.86]
[23.07, 1.08, 0.87]
[23.28, 2.84, 0.51]
[24.27, 3.29, 0.81]
[23.26, 3.77, 0.72, 0.64]
[22.94, 3.86, 0.48]
[22.6, 0.69, 0.65]
[23.24, 3.4, 0.78]
[22.89, 1.01, 0.78]
[23.48, 7.07, 1.09, 1.07]
[23.32, 3.16, 0.72]
[23.33, 4.13, 0.9]
[22.6, 0.61, 0.58]
[22.84, 1.89, 0.56]
[23.39, 2.79, 1.22]
[23.55, 2.44, 0.91]
[23.61, 11.04, 0.93, 0.93]
[23.12, 1.56, 0.79, 0.78]
[24.12, 4.86, 0.59, 0.54]
[23.56, 7.12, 0.47, 0.4]
[23.43, 6.91, 0.9, 0.83]
[22.9, 1.02, 0.68]
[23.74, 13.99, 0.84, 0.83]
[23.46, 6.84, 0.88, 0.82]
[22.98, 0.99, 0.63]
[22.14, 0.41]
[22.61, 0.43]
[23.66, 20.58, 13.17, 6.65, 5.63]
[23.77, 15.16, 0.78, 0.66]
[23.4, 7.93, 0.65, 0.6]
[23.32, 2.02, 1.11, 1.09]
[23.33, 4.81, 0.68, 0.56]
[22.97, 2.21, 1.46]
[23.23, 1.64, 1.23, 1.14]
[23.53, 3.5, 1.3]
[23.76, 7.29, 1.31, 1.3]
[23.39, 4.14, 0.78, 0.71]
[23.17, 10.11, 0.81, 0.66]
[23.17, 1.21, 0.8]
[22.97, 0.55]
[23.1, 3.41, 0.72]
[23.36, 7.32, 0.42, 0.37]
[23.29, 12.71, 0.85, 0.8]
[23.0, 5.81, 0.69, 0.54]
[23.09, 4.23, 0.75, 0.64]
[23.33, 13.2, 1.62, 1.48]
[22.84, 0.97, 0.83]
[23.87, 11.04, 1.23, 0.91]
[22.54, 0.69]
[23.15, 2.33, 0.93, 0.93]
[22.38, 0.69]
[23.27, 8.22, 0.71, 0.68]
[23.38, 2.93, 0.58]
[23.38, 8.58, 0.78, 0.75]
[23.55, 8.85, 0.6, 0.55]
[23.05, 4.2, 1.08]
[23.58, 5.34, 0.6, 0.5]
[22.88, 0.85, 0.7]
[23.38, 9.82, 0.76, 0.69]
[23.16, 5.54, 0.79, 0.57]
[23.33, 1.17, 0.75]
[23.21, 2.12, 1.45, 1.33]
[22.78, 0.7, 0.63]
[23.74, 2.41, 0.45]
[23.22, 2.28, 0.82, 0.8]
[22.35, 0.47]
[22.67, 0.96, 0.76]
[23.05, 0.58]
[23.3, 9.89, 0.87, 0.86]
[22.78, 0.61]
[22.71, 1.75, 0.8]
[23.3, 0.84, 0.82]
[22.62, 0.6, 0.58]
[23.08, 1.93, 0.95]
[22.67, 0.94]
[22.42, 1.45, 0.61]
[23.64, 5.73, 0.62, 0.51]
[23.04, 1.13, 0.63]
[23.0, 3.08, 0.93]
[22.05, 0.66]
[23.54, 3.89, 1.56]
[23.21, 4.7, 0.88]
[23.77, 14.96, 1.4, 1.41]
[23.6, 9.27, 0.78, 0.76]
[23.37, 7.0, 1.0, 0.96]
[23.35, 4.58, 0.77, 0.62]
[22.92, 1.67, 0.7]
[22.97, 1.63, 0.75]
[23.05, 2.32, 0.68]
[23.12, 1.87, 1.04]
[23.28, 5.05, 1.02, 1.04]
[22.86, 4.03, 1.55]
[23.07, 3.06, 0.75]
[23.02, 0.71, 0.68]
[23.21, 1.21, 0.81, 0.79]
[23.17, 1.85, 0.97]
[23.22, 0.61, 0.6]
[23.39, 1.09, 0.73]
[22.17, 0.61]
[23.45, 7.69, 0.69, 0.66]
[23.58, 5.44, 0.77, 0.64]
[23.47, 4.22, 0.36, 0.29]
[23.6, 9.47, 1.21, 1.12]
[23.6, 16.07, 4.27, 2.79, 2.16]
[23.31, 9.09, 0.48, 0.46]
[23.25, 6.35, 0.87, 0.84]
[22.56, 0.56]
[23.05, 6.15, 0.42, 0.33]
[23.72, 20.34, 10.72, 4.02, 1.56]
[22.51, 0.54]
[23.17, 1.7, 1.48]
[23.38, 7.22, 0.61, 0.51]
[23.46, 10.94, 0.89, 0.89]
[22.69, 0.61, 0.55]
[22.36, 0.9, 0.75]
[23.4, 1.0, 0.82]
[22.83, 0.52]
[23.48, 4.64, 0.62, 0.5]
[22.63, 0.97, 0.77]
[22.99, 3.93, 0.64, 0.4]
[21.62, 0.28]
[23.26, 2.11, 1.22]
[22.84, 1.54, 0.68, 0.65]
[23.31, 2.57, 1.15]
[23.5, 3.1, 0.67, 0.55]
[22.73, 2.52, 0.73]
[23.0, 7.1, 0.79, 0.75]
[23.7, 8.23, 0.91, 0.85]
[22.92, 0.8, 0.78]
[23.53, 7.76, 0.86, 0.86]
[24.06, 13.55, 0.83, 0.82]
[23.37, 8.35, 0.87, 0.82]
[23.21, 1.45, 1.08]
[23.66, 11.18, 1.48, 1.51]
[23.37, 1.78, 1.04]
[23.4, 1.92, 1.2]
[23.09, 4.18, 1.0, 0.85]
[23.92, 19.66, 10.02, 6.14, 5.71]
[23.93, 11.24, 0.78, 0.78]
[22.84, 0.76]
[23.14, 3.86, 0.61, 0.45]
[22.6, 1.15, 0.67]
[22.82, 1.93, 0.75, 0.65]
[23.22, 2.22, 0.84, 0.82]
[23.42, 10.16, 0.48, 0.44]
[23.34, 4.62, 0.77, 0.76]
[23.38, 6.96, 0.7, 0.59]
[23.38, 1.07, 0.87, 0.84]
[22.67, 0.71, 0.67]
[23.19, 0.8, 0.67]
[22.94, 2.1, 1.38]
[23.36, 2.11, 0.49]
[23.29, 3.03, 1.08, 1.04]
[22.72, 1.15, 0.77]
[22.48, 1.7, 1.01]
[22.87, 2.13, 0.61]
[23.26, 0.85, 0.73]
[23.22, 4.25, 0.48, 0.41]
[23.62, 11.98, 1.4, 1.42]
[23.16, 1.35, 1.12]
[23.47, 2.43, 0.8]
[23.12, 1.07, 0.81]
[23.05, 0.88]
[22.82, 1.05, 0.87]
[23.41, 11.39, 0.67, 0.6]
[23.49, 5.65, 0.51, 0.47]
[22.92, 0.71]
[23.15, 1.2, 0.78]
[22.86, 0.64, 0.63]
[23.18, 6.61, 1.34, 1.33]
[23.06, 1.31, 0.51]
[22.74, 1.3, 1.13]
[23.69, 1.99, 1.15, 1.0]
[23.61, 5.82, 1.07, 0.97]
[23.1, 2.78, 0.96]
[23.66, 13.37, 1.2, 0.76]
[23.73, 13.99, 0.36, 0.32]
[23.06, 3.54, 0.59]
[23.29, 3.95, 0.74]
[23.48, 10.05, 0.75, 0.7]
[23.31, 4.77, 0.86, 0.78]
[23.02, 4.48, 0.49, 0.35]
[23.47, 5.73, 0.6, 0.5]
[23.33, 7.64, 0.7, 0.65]
[23.56, 15.55, 1.62, 1.28]
[23.88, 18.52, 8.45, 5.32, 4.09]
[23.26, 3.06, 0.63]
[23.38, 8.25, 0.74, 0.69]
[23.38, 6.03, 0.55, 0.5]
[23.61, 9.74, 0.64, 0.63]
[23.62, 9.08, 0.54, 0.5]
[23.67, 3.09, 0.97]
[22.78, 1.91, 0.54]
[23.15, 8.07, 0.49, 0.39]
[23.24, 0.86, 0.84]
[22.23, 0.79]
[22.51, 0.7, 0.65]
[23.78, 7.93, 0.4, 0.31]
[22.79, 2.62, 0.73]
[23.85, 17.29, 2.87, 2.74]
[23.3, 7.66, 0.46, 0.4]
[22.67, 1.03, 0.89]
[23.46, 13.76, 0.71, 0.7]
[22.59, 0.88, 0.51]
[22.9, 2.81, 0.67]
[22.62, 0.63]
[23.65, 4.58, 0.76, 0.58]
[23.71, 4.92, 0.85, 0.82]
[23.03, 1.8, 0.69]
[23.99, 15.08, 2.39, 2.32]
[23.0, 2.08, 0.82]
[22.89, 1.21, 1.03]
[23.24, 1.0, 0.71]
[23.21, 4.79, 0.41, 0.36]
[22.8, 1.02, 0.88]
[23.05, 0.93, 0.77]
[22.98, 0.51, 0.44]
[23.35, 0.9, 0.7]
[23.34, 4.53, 0.7, 0.67]
[23.78, 3.92, 0.69]
[23.02, 3.82, 0.99]
[22.39, 0.47]
[23.37, 10.32, 0.9, 0.6]
[23.81, 5.16, 0.64, 0.59]
[23.45, 8.65, 0.47, 0.38]
[22.97, 0.73, 0.71]
[23.84, 8.55, 0.5, 0.43]
[23.39, 4.13, 1.01, 0.9]
[23.62, 5.25, 0.59, 0.56]
[23.76, 2.73, 0.7]
[22.36, 0.76]
[22.92, 4.93, 1.13, 0.89]
[22.5, 1.43, 1.2]
[23.08, 0.74, 0.5]
[23.32, 7.0, 0.58, 0.52]
[23.06, 1.9, 0.71]
[22.38, 0.5, 0.5]
[23.42, 12.42, 0.86, 0.81]
[22.15, 0.63, 0.53]
[23.49, 7.29, 1.25, 1.25]
[22.82, 1.0, 0.89]
[23.19, 2.7, 0.97]
[23.38, 10.69, 0.55, 0.52]
[22.23, 0.44]
[23.58, 8.4, 0.52, 0.45]
[22.76, 1.84, 1.29]
[22.17, 0.94, 0.68]
[22.67, 0.93, 0.86]
[22.36, 0.65, 0.61]
[23.11, 1.04, 0.97]
[22.92, 1.59, 0.83]
[23.32, 3.58, 0.65, 0.49]
[23.44, 2.81, 0.51, 0.45]
[22.63, 0.62]
[23.35, 1.48, 0.91]
[23.46, 1.23, 0.74]
[22.8, 1.51, 0.93]
[23.19, 2.23, 1.06, 0.97]
[23.76, 9.7, 2.3, 2.33]
[22.83, 0.68]
[23.52, 8.41, 0.57, 0.55]
[22.84, 1.01, 0.85]
[22.57, 0.8]
[22.95, 0.84]
[22.73, 1.46, 1.04]
[23.72, 5.99, 0.45, 0.35]
[23.27, 5.59, 0.74, 0.61]
[22.74, 2.12, 0.85]
[23.03, 2.75, 0.71]
[22.94, 6.4, 0.6, 0.54]
[23.59, 3.28, 0.81]
[22.91, 1.82, 0.62]
[23.58, 5.13, 0.79, 0.76]
[23.15, 11.15, 1.02, 0.69]
[23.16, 1.93, 1.04]
[22.87, 1.43, 0.83]
[23.65, 7.32, 0.88, 0.72]
[23.34, 4.67, 0.61, 0.46]
[23.69, 9.84, 0.6, 0.6]
[23.25, 3.32, 0.47, 0.29]
[23.0, 1.57, 1.31]
[22.86, 1.78, 1.05]
[23.27, 6.23, 0.86, 0.73]
[22.62, 0.94, 0.83]
[23.1, 5.31, 0.51, 0.41]
[23.14, 1.08, 0.98]
[23.81, 7.36, 1.99, 2.05]
[23.05, 1.97, 0.73]
[23.13, 1.08, 0.71]
[23.19, 1.93, 0.97]
[23.02, 1.68, 0.73]
[22.9, 1.8, 0.89]
[22.87, 2.32, 0.79]
[23.0, 6.34, 0.35, 0.3]
[23.08, 2.44, 0.91, 0.85]
[23.37, 2.77, 0.85]
[23.05, 1.3, 0.7, 0.65]
[23.4, 5.39, 1.52]
[22.11, 0.48]
[22.95, 2.39, 0.93]
[22.89, 1.57, 1.33]
[23.67, 13.58, 1.56, 1.6]
[22.74, 0.79, 0.59]
[22.7, 0.96]
[23.74, 8.17, 0.69, 0.6]
[22.29, 0.83, 0.73]
[23.11, 1.71, 0.95, 0.92]
[22.36, 0.68, 0.55]
[23.48, 3.52, 1.03]
[22.97, 3.17, 0.59]
[23.13, 2.27, 0.96]
[23.06, 1.94, 0.56]
[23.61, 6.93, 1.27, 0.98]
[23.18, 2.48, 1.11]
[22.04, 0.46]
[23.0, 0.8, 0.7]
[23.7, 14.67, 2.75, 1.03]
[23.45, 5.33, 0.4, 0.37]
[22.31, 1.4, 0.7]
[23.04, 0.99, 0.82]
[23.58, 6.85, 0.75, 0.72]
[23.08, 2.0, 0.89]
[23.36, 1.72, 1.12]
[22.79, 1.0, 0.98]
[23.44, 2.02, 0.59]
[23.16, 1.07, 0.89]
[23.13, 1.31, 0.6]
[23.68, 15.06, 3.04, 2.31]
[22.96, 0.86, 0.71]
[23.35, 2.21, 0.57]
[23.6, 8.48, 0.57, 0.54]
[22.4, 0.73, 0.68]
[23.53, 2.45, 1.01]
[23.14, 5.26, 0.65, 0.49]
[22.71, 1.09, 0.93]
[23.01, 1.14, 1.12]
[22.99, 6.44, 0.75, 0.55]
[23.72, 11.81, 0.52, 0.39]
[21.87, 0.63]
[23.19, 4.23, 0.49, 0.34]
[23.59, 3.81, 0.82]
[23.46, 7.77, 0.47, 0.39]
[23.3, 3.09, 0.86]
[22.77, 1.5, 0.89]
[23.42, 6.36, 0.7, 0.65]
[22.62, 2.05, 0.79, 0.76, 0.74]
[23.56, 4.65, 0.48, 0.42]
[23.1, 1.48, 1.11]
[23.52, 4.46, 0.83, 0.73]
[23.17, 3.46, 0.5, 0.23]
[23.94, 15.28, 1.01, 0.66]
[23.05, 3.03, 0.9]
[22.86, 0.9, 0.84]
[23.53, 0.74, 0.74]
[23.17, 3.38, 0.78]
[23.5, 8.75, 0.74, 0.7]
[22.89, 3.15, 1.0]
[23.5, 8.15, 0.63, 0.49]
[22.87, 0.54]
[23.6, 10.53, 1.35, 1.37]
[23.36, 9.9, 0.45, 0.43]
[23.57, 12.95, 0.51, 0.48]
[23.2, 1.71, 0.6]
[23.18, 1.16, 0.83, 0.79]
[23.7, 12.74, 0.92, 0.9]
[23.49, 11.2, 2.6, 2.39, 1.88]
[23.18, 4.93, 0.51, 0.42]
[23.68, 9.28, 0.52, 0.43]
[23.77, 6.5, 0.93, 0.9]
[23.28, 6.98, 0.56, 0.42]
[22.96, 2.5, 1.13]
[22.96, 3.44, 1.58]
[22.43, 0.56]
[23.26, 8.97, 0.72, 0.59]
[23.19, 1.33, 0.95]
[22.92, 2.55, 1.09]
[22.62, 1.11, 0.88]
[23.02, 1.12, 0.84]
[23.63, 1.53, 1.23]
[22.68, 0.72]
[22.7, 0.71]
[22.58, 1.3, 0.99]
[23.47, 11.33, 0.95, 0.86]
[23.06, 8.89, 0.57, 0.54]
[23.29, 5.56, 0.71, 0.63]
[23.64, 9.75, 0.4, 0.36]
[23.11, 6.34, 0.39, 0.3]
[21.87, 0.46]
[22.7, 4.02, 0.65, 0.54]
[23.47, 4.22, 0.51, 0.39]
[23.73, 12.49, 1.01, 0.98]
[23.91, 2.24, 0.99]
[23.13, 7.81, 0.4, 0.36]
[22.59, 0.75, 0.66, 0.56]
[22.99, 2.02, 0.79]
[23.64, 9.32, 0.39, 0.32]
[23.09, 3.35, 0.61]
[23.2, 5.16, 0.57, 0.53]
[22.79, 1.15, 1.01]
[22.75, 0.85, 0.73]
[23.54, 3.0, 0.72]
[22.44, 0.67, 0.55]
[23.71, 13.51, 1.06, 1.05]
[23.06, 1.95, 0.79]
[23.43, 3.89, 0.37, 0.24]
[23.59, 14.77, 1.59, 0.97]
[23.44, 6.69, 0.45, 0.36]
[23.4, 9.6, 0.4, 0.3]
[23.01, 3.6, 0.93]
[23.14, 2.23, 0.99]
[23.71, 10.0, 1.3, 0.88]
[23.27, 1.96, 1.56]
[22.42, 1.24, 1.16]
[22.87, 3.13, 1.08, 1.04]
[23.32, 2.91, 1.05]
[23.6, 5.66, 0.73, 0.71]
[23.85, 9.57, 0.65, 0.6]
[23.38, 1.96, 0.7]
[23.52, 5.88, 0.74, 0.58]
[23.79, 20.83, 14.53, 9.0, 8.07, 7.26]
[23.65, 11.47, 0.92, 0.92]
[23.56, 11.99, 0.55, 0.52]
[23.31, 3.46, 0.79]
[23.25, 3.07, 0.58, 0.35]
[22.92, 1.68, 0.73]
[23.29, 9.18, 0.96, 0.97]
[23.36, 7.13, 0.79, 0.77]
[22.72, 1.01, 0.86]
[23.77, 9.12, 0.71, 0.64]
[23.74, 11.98, 1.13, 0.93]
[23.47, 13.5, 0.74, 0.73]
[23.29, 6.81, 1.26, 1.3]
[23.67, 18.05, 3.79, 1.38, 1.07]
[22.63, 0.63]
[23.56, 9.98, 0.66, 0.64]
[22.52, 0.68, 0.64]
[23.31, 7.24, 1.08, 0.82]
[22.75, 1.38, 0.75]
[23.12, 5.0, 1.49]
[22.96, 3.08, 0.67, 0.65]
[23.09, 4.69, 1.64, 1.51]
[23.86, 14.65, 3.67, 3.59]
[23.49, 10.71, 1.05, 1.05]
[23.16, 5.06, 1.04, 0.97]
[23.05, 1.38, 1.1, 0.98]
[22.96, 1.0, 0.9]
[22.68, 1.29, 0.83, 0.83]
[23.18, 5.61, 1.6]
[23.87, 14.41, 0.54, 0.53]
[23.51, 4.17, 0.79]
[23.26, 2.47, 0.69]
[23.45, 9.05, 0.5, 0.44]
[22.64, 0.85, 0.74]
[23.75, 11.46, 1.03, 0.77]
[22.59, 0.71, 0.66]
[23.33, 6.21, 1.14, 1.08]
[22.32, 0.65]
[23.66, 10.52, 0.62, 0.61]
[23.17, 3.52, 0.59]
[22.96, 0.5]
[22.5, 0.63, 0.55]
[23.42, 10.19, 0.41, 0.38]
[23.44, 1.95, 0.89]
[23.47, 6.62, 0.9, 0.8]
[22.92, 1.03, 0.99]
[23.49, 1.92, 0.88]
[23.43, 0.53]
[23.19, 3.13, 0.82, 0.8]
[22.61, 0.84, 0.67]
[23.06, 2.13, 0.51]
[23.55, 7.96, 0.54, 0.51]
[22.6, 0.64]
[23.24, 1.23, 0.64]
[23.32, 10.39, 0.81, 0.71]
[22.63, 0.91, 0.89]
[23.42, 2.45, 1.28]
[23.22, 4.85, 0.74, 0.67]
[22.45, 0.42]
[23.74, 15.37, 2.28, 1.31]
[23.34, 1.46, 1.0]
[22.7, 1.07, 0.6]
[23.36, 7.47, 0.55, 0.5]
[22.86, 1.79, 1.3]
[23.02, 2.3, 0.98]
[23.09, 1.31, 0.7]
[22.45, 0.75, 0.63]
[22.82, 0.9, 0.71]
[23.58, 11.25, 0.29, 0.27]
[21.69, 0.36]
[23.3, 1.3, 0.83]
[22.91, 2.23, 0.87]
[22.9, 1.11, 1.0]
[23.28, 1.48, 0.85]
[22.84, 0.79]
[22.01, 0.42]
[23.19, 2.62, 1.03]
[22.68, 1.15, 0.99]
[23.68, 7.6, 0.43, 0.39]
[21.56, 0.35]
[22.71, 0.73]
[22.62, 1.69, 0.8]
[22.68, 0.73, 0.62]
[22.7, 0.73]
[23.28, 1.57, 0.74]
[22.6, 0.71, 0.65, 0.49]
[22.73, 0.77, 0.65, 0.63]
[23.19, 4.61, 0.91]
[22.52, 1.09]
[23.05, 2.9, 0.66, 0.64]
[23.15, 1.2, 0.82]
[23.77, 14.51, 0.84, 0.83]
[23.76, 12.25, 0.89, 0.89]
[22.41, 0.64]
[23.31, 8.78, 2.43, 2.33]
[23.62, 11.39, 0.51, 0.48]
[22.68, 0.77, 0.72]
[22.95, 1.28, 0.87]
[23.1, 2.3, 1.01]
[22.28, 0.88, 0.74]
[23.45, 7.1, 0.65, 0.57]
[23.2, 5.11, 1.03]
[22.77, 2.19, 0.72]
[23.11, 2.39, 0.58]
[22.89, 0.87, 0.76]
[23.27, 4.07, 1.59]
[23.29, 1.01, 0.79]
[22.39, 0.91, 0.77]
[22.81, 0.85]
[22.38, 0.39]
[23.51, 5.96, 1.85, 1.43]
[23.42, 2.9, 0.82]
[22.9, 2.84, 1.38]
[23.47, 6.21, 1.06, 1.03, 0.99]
[22.95, 0.92, 0.71]
[22.78, 3.02, 0.69]
[23.17, 4.55, 0.57, 0.41]
[23.82, 16.4, 1.63, 1.63]
[22.66, 0.7]
[23.51, 9.08, 0.52, 0.47]
[23.13, 5.58, 0.78, 0.63]
