[34.08, 33.22, 29.83, 22.78, 18.6, 17.56, 17.16]
[34.12, 32.16, 23.5, 11.27, 7.18, 6.91]
[33.81, 32.18, 25.97, 10.88, 6.39, 6.1]
[34.36, 34.2, 33.88]
[34.08, 31.72, 24.69, 7.44, 3.31, 2.11, 2.04]
[34.17, 33.29, 31.42, 27.8, 23.87, 21.74, 21.55]
[34.16, 33.94, 33.85, 33.85, 33.8]
[34.14, 33.5, 32.19, 30.93, 29.13, 27.08, 26.84]
[34.06, 33.63, 33.22, 32.99, 32.79, 32.72]
[34.32, 33.85, 33.62, 33.56]
[34.14, 33.74, 32.76, 31.89, 31.24]
[34.22, 33.37, 32.75, 32.29, 32.3]
[34.34, 34.23, 34.08, 34.02]
[34.22, 33.63, 31.96, 29.34, 25.59, 22.37, 20.56, 20.49]
[34.38, 32.84, 28.99, 22.69, 17.98, 17.06, 16.84]
[34.06, 34.1, 33.98]
[34.31, 34.08, 33.4, 33.06, 32.98]
[34.22, 33.67, 33.3, 33.21]
[33.99, 33.36, 31.75, 27.66, 19.6, 13.89, 12.84]
[34.33, 33.77, 33.1, 32.22, 31.34, 31.21]
[34.34, 33.37, 30.88, 28.05, 23.76, 21.41, 20.34]
[34.31, 33.89, 33.72, 33.67]
[34.14, 33.68, 33.51, 33.3, 33.24]
[33.95, 32.91, 29.12, 20.98, 11.74, 10.25]
[34.03, 33.43, 31.86, 29.29, 24.52, 20.89, 20.07, 19.76]
[34.58, 34.39, 34.04, 33.91]
[34.11, 33.87, 33.69, 33.65]
[34.15, 33.56, 32.96, 32.67, 32.57]
[33.8, 32.23, 24.55, 11.66, 5.41, 4.67]
[34.07, 32.92, 30.09, 23.68, 15.17, 10.61, 10.43]
[33.95, 32.48, 27.86, 17.81, 6.97, 5.44, 5.14]
[34.24, 33.85, 33.51, 33.38]
[34.04, 32.31, 26.48, 19.04, 14.89, 14.05]
[34.11, 32.79, 30.18, 25.03, 17.55, 12.76, 12.39]
[34.18, 34.11, 34.05]
[34.01, 31.85, 24.71, 16.15, 11.9, 11.84]
[34.26, 34.05, 33.94]
[34.39, 34.15, 33.87, 33.82]
[34.37, 34.23, 33.99, 33.95]
[34.27, 33.77, 33.35, 33.2]
[34.05, 32.16, 26.22, 12.78, 7.41, 5.76]
[34.02, 32.47, 25.63, 10.84, 4.76, 4.4]
[33.93, 32.29, 28.05, 15.17, 10.53, 9.69]
[34.18, 32.05, 22.51, 10.59, 7.89, 7.09, 6.99]
[34.34, 33.9, 33.38, 33.11, 33.07]
[34.05, 31.75, 21.42, 7.18, 5.23, 5.1]
[33.81, 31.9, 22.62, 2.41, 0.89, 0.76]
[34.13, 32.62, 28.45, 20.11, 12.03, 10.79]
[33.81, 30.79, 13.19, 0.41, 0.4]
[34.13, 33.75, 33.29, 33.07, 33.03]
[33.85, 32.38, 28.39, 19.68, 10.5, 9.4, 9.31]
[33.99, 33.3, 31.44, 28.63, 25.41, 22.35, 20.54, 20.49, 20.28]
[34.29, 33.37, 30.99, 26.44, 21.23, 19.28, 19.05]
[34.27, 32.53, 25.97, 13.38, 6.95, 5.54, 4.91, 4.14]
[34.11, 33.0, 29.96, 23.99, 19.7, 17.88, 17.46]
[34.11, 33.32, 32.12, 30.85, 29.16, 28.85, 28.85, 28.87]
[34.03, 33.12, 28.7, 19.46, 13.55, 12.26, 10.94, 10.85]
[33.96, 32.95, 30.31, 24.38, 17.14, 14.79]
[34.04, 32.71, 27.03, 15.41, 7.56, 6.29, 6.1]
[34.34, 33.77, 32.73, 30.33, 29.05, 28.57, 28.46]
[34.04, 33.14, 30.93, 26.38, 20.32, 16.0, 15.26]
[34.06, 33.18, 29.42, 23.51, 18.79, 17.48]
[33.99, 33.04, 30.25, 25.85, 21.49, 19.63, 19.16]
[34.37, 34.21, 34.08, 34.02]
[34.16, 33.54, 31.93, 29.37, 25.58, 22.82, 22.0, 21.64]
[34.04, 32.58, 29.71, 22.54, 16.13, 14.85, 14.48, 14.41]
[34.2, 33.88, 33.57]
[33.95, 31.83, 25.12, 15.87, 9.96, 9.1]
[33.94, 31.09, 24.65, 8.51, 5.36, 5.09]
[34.26, 33.63, 33.42, 33.38]
[34.16, 33.41, 32.66, 31.1, 30.13, 29.85, 29.61]
[34.24, 33.13, 30.72, 24.88, 17.01, 15.69]
[34.54, 33.66, 31.44, 27.87, 24.39, 23.26, 23.1]
[33.96, 33.66, 33.39, 33.34]
[34.12, 33.58, 33.11, 33.0, 32.94]
[33.99, 33.57, 32.09, 29.75, 22.6, 17.19, 14.67]
[34.18, 33.12, 30.85, 23.32, 14.39, 12.17]
[34.0, 33.55, 32.13, 30.38, 24.46, 19.9, 17.47, 17.35]
[34.15, 34.0, 33.82]
[34.13, 32.53, 28.39, 22.26, 16.8, 15.59, 15.53]
[34.39, 34.28, 34.15, 34.12]
[34.36, 34.23, 33.92, 33.88]
[33.84, 31.34, 21.52, 10.36, 6.01, 5.45, 5.12]
[33.78, 31.67, 26.15, 15.21, 11.64, 11.25]
[34.06, 33.39, 31.37, 27.35, 21.46, 18.07, 17.29]
[33.86, 31.88, 24.95, 15.12, 8.11, 6.75, 6.34, 5.66]
[34.25, 34.11, 33.63]
[34.32, 34.19, 33.95, 33.95]
[34.07, 33.64, 33.29, 33.17]
[34.29, 33.81, 32.75, 32.06, 31.57, 31.06]
[33.98, 33.21, 32.47, 32.17, 31.91]
[34.17, 33.82, 33.42, 33.27]
[34.14, 33.86, 33.04, 31.88, 30.72, 30.53, 30.33]
[34.09, 31.25, 16.84, 4.6, 4.03]
[33.96, 33.07, 31.39, 29.49, 28.14, 28.06]
[34.23, 33.43, 32.86, 32.23, 31.83, 31.71]
[34.04, 33.22, 32.54, 31.95, 31.64]
[34.09, 33.77, 33.44, 32.98, 32.79]
[34.24, 33.34, 31.82, 28.86, 25.02, 23.42, 23.27, 23.06]
[34.06, 33.11, 31.47, 27.95, 23.23, 19.39, 17.8, 17.56, 17.19]
[34.15, 33.82, 33.06, 32.3, 32.08]
[34.29, 33.84, 33.44, 33.16]
[34.07, 33.74, 33.17, 33.01, 32.93]
[34.03, 33.04, 30.13, 24.07, 19.39, 17.71, 17.64, 17.55, 17.37]
[34.3, 34.1, 33.98]
[34.13, 33.37, 30.95, 28.19, 22.91, 18.58, 16.42]
[34.09, 33.7, 33.09, 32.8, 32.74]
[34.16, 33.05, 30.3, 25.7, 20.26, 17.27, 15.54]
[34.19, 33.57, 32.49, 31.21, 28.08, 25.35, 24.67, 24.3, 23.87]
[34.05, 33.59, 33.3]
[34.23, 33.66, 33.2, 32.94, 32.88]
[34.08, 33.23, 31.08, 26.18, 21.47, 18.36, 17.86]
[34.0, 31.03, 16.05, 3.27, 1.93, 1.88]
[34.25, 33.45, 32.08, 28.6, 22.75, 18.95, 17.94, 17.74]
[34.24, 34.19, 34.16]
[33.99, 33.7, 33.3, 32.72, 30.63, 29.16, 28.65]
[33.92, 31.32, 19.21, 7.06, 4.98, 3.18, 2.97]
[34.14, 33.77, 33.64, 33.61]
[34.05, 33.07, 30.85, 23.77, 14.35, 10.48, 10.17]
[34.35, 33.19, 30.61, 23.43, 17.46, 15.0, 14.29]
[34.03, 33.46, 31.73, 26.04, 12.7, 10.16, 9.11]
[34.14, 33.72, 33.34, 32.96, 32.81]
[34.17, 33.43, 32.0, 29.43, 23.78, 20.07, 18.48, 17.39]
[34.25, 33.34, 32.08, 29.05, 24.03, 20.32, 19.55]
[34.12, 32.58, 28.83, 21.11, 11.96, 9.2, 8.78]
[34.17, 33.86, 33.59, 33.55]
[34.05, 32.63, 29.23, 22.14, 15.8, 13.75, 13.67]
[34.05, 33.32, 32.74, 31.79, 31.44, 31.07, 31.07]
[34.08, 33.54, 32.18, 29.81, 26.03, 22.65, 20.18, 19.72]
[33.92, 32.36, 25.29, 11.46, 6.44, 6.28]
[34.05, 33.29, 31.33, 27.25, 19.76, 12.84, 8.32, 8.22, 8.08]
[33.97, 32.53, 27.42, 17.18, 10.77, 9.76]
[34.16, 33.32, 31.85, 29.16, 25.08, 23.26, 22.29]
[34.01, 33.59, 33.35, 33.08]
[34.13, 33.31, 32.01, 30.17, 27.72, 24.85, 24.59, 24.39]
[34.22, 32.84, 28.65, 19.28, 12.95, 10.79, 10.71]
[34.25, 33.84, 33.26, 33.16]
[34.33, 33.75, 32.45, 30.07, 27.65, 26.56, 26.38]
[33.97, 33.49, 33.04, 32.67, 32.48, 32.4, 32.34]
[34.35, 33.45, 30.05, 24.77, 17.77, 15.07, 14.08]
[34.2, 33.53, 32.64, 31.09, 27.94, 23.19, 20.05, 18.46]
[34.34, 33.5, 32.1, 30.75, 28.44, 26.8, 26.72, 26.55]
[34.01, 30.1, 14.71, 3.27, 2.62, 2.27]
[34.28, 33.39, 30.34, 25.04, 18.92, 16.54, 16.22]
[33.83, 30.55, 11.21, 0.36]
[34.08, 33.17, 30.15, 22.09, 14.59, 11.81, 10.96]
[34.07, 32.8, 29.64, 23.79, 19.77, 18.77, 18.57]
[34.09, 33.79, 33.77, 33.5, 33.45]
[34.1, 33.24, 30.04, 24.37, 20.14, 19.15]
[34.12, 31.99, 23.41, 12.35, 9.5, 9.21]
[33.98, 33.6, 33.41, 33.32, 33.27]
[34.02, 33.3, 32.24, 31.76, 31.12, 30.96]
[34.02, 33.77, 33.51, 33.4, 33.36]
[33.98, 32.87, 30.31, 27.25, 23.78, 21.71, 21.55]
[33.99, 33.11, 30.56, 24.61, 19.51, 15.52, 14.78, 14.72]
[34.38, 33.93, 33.41, 33.21, 32.98]
[34.04, 32.59, 29.14, 16.36, 4.24, 1.12]
[33.95, 31.53, 24.4, 13.03, 9.97, 9.8]
[34.27, 33.71, 32.81, 30.68, 28.91, 28.13, 27.97]
[34.09, 33.29, 31.89, 28.54, 25.23, 22.61, 21.6, 21.52]
[34.11, 32.14, 24.06, 9.6, 5.28, 5.2]
[34.19, 32.68, 28.94, 23.04, 17.76, 16.21]
[34.13, 33.92, 33.55, 33.44]
[34.11, 33.7, 33.07, 32.54, 32.21]
[34.12, 32.32, 25.64, 15.02, 9.56, 9.23]
[34.33, 34.28, 34.21]
[34.29, 33.68, 33.2, 32.73, 32.65]
[34.23, 33.34, 32.48, 32.23, 32.1]
[34.17, 32.72, 28.72, 21.46, 14.87, 13.78, 13.63]
[34.01, 31.83, 24.14, 9.24, 6.71, 6.43]
[34.18, 33.49, 32.59, 31.88, 31.59, 31.37]
[33.98, 33.26, 31.27, 29.34, 28.72, 28.6, 28.6]
[34.29, 33.43, 31.71, 28.36, 22.83, 19.56, 17.3, 16.41]
[34.41, 34.27, 33.97]
[34.06, 33.47, 32.87, 32.28, 32.06]
[34.26, 33.63, 32.62, 31.89, 31.54, 31.53]
[34.15, 33.83, 33.77, 33.72]
[34.13, 33.87, 33.48, 33.38]
[33.91, 30.5, 13.42, 2.75, 1.9, 1.22]
[34.23, 33.79, 33.23, 32.29, 31.31, 31.06]
[34.37, 34.32, 34.21]
[34.19, 34.03, 33.59, 33.5, 33.42]
[34.21, 33.11, 29.57, 24.68, 19.76, 19.22, 19.02]
[34.4, 34.21, 33.98, 33.93]
[34.03, 33.59, 33.0, 32.59, 32.25]
[34.03, 33.04, 31.11, 27.94, 21.77, 15.72, 12.77]
[34.18, 34.05, 33.79, 33.66]
[34.5, 33.92, 33.18, 32.73, 32.59, 32.5]
[34.43, 33.55, 32.23, 29.37, 23.94, 20.92, 20.39, 20.23]
[34.22, 34.1, 33.61, 33.49, 33.43]
[34.3, 33.52, 32.88, 32.77]
[33.98, 33.15, 31.82, 30.17, 28.32, 25.61, 24.3, 24.09]
[34.04, 32.68, 28.42, 23.05, 18.56, 17.83]
[34.26, 33.91, 33.62, 33.56, 33.5]
[33.99, 33.23, 31.43, 27.19, 21.58, 14.9, 12.95, 12.87]
[34.38, 34.11, 33.97, 33.91]
[34.03, 33.58, 33.25, 33.2]
[34.12, 33.44, 32.28, 30.29, 27.25, 25.35, 24.24, 24.06]
[34.05, 31.56, 25.0, 15.53, 13.16]
[33.74, 32.15, 26.85, 16.83, 8.91, 7.77]
[34.21, 33.52, 32.74, 32.26, 31.69, 31.68]
[34.06, 33.58, 32.11, 29.5, 25.21, 21.34, 19.67, 19.47]
[33.99, 33.37, 32.52, 31.36, 29.69, 28.73, 28.74]
[34.17, 33.88, 33.83, 33.76]
[34.0, 32.61, 27.55, 17.87, 9.14, 8.12, 8.04]
[34.13, 33.95, 33.5, 33.37, 33.31]
[33.88, 30.67, 17.6, 2.61, 2.5]
[34.06, 33.13, 30.78, 26.07, 21.28, 19.92]
[34.26, 33.6, 32.59, 31.53, 30.13, 29.64]
[33.88, 32.16, 28.33, 15.02, 2.15, 1.96, 1.89]
[33.99, 30.38, 11.93, 0.62, 0.57]
[34.2, 33.61, 32.38, 31.24, 29.78, 28.73, 28.04]
[34.03, 33.04, 30.95, 27.04, 21.9, 18.22, 17.91, 17.84, 17.63]
[34.2, 33.66, 32.5, 31.2, 30.18, 30.03]
[34.01, 32.25, 27.23, 17.02, 11.25, 10.16]
[34.31, 33.34, 31.19, 26.37, 21.56, 20.07]
[34.28, 33.55, 32.93, 32.31, 31.55, 31.51]
[33.88, 33.22, 31.68, 28.57, 23.03, 19.08, 17.49, 17.46]
[33.95, 33.77, 33.57, 33.5]
[34.18, 33.67, 33.4, 33.23]
[33.69, 32.08, 24.66, 10.29, 6.52, 5.5]
[34.05, 33.46, 31.69, 28.32, 25.13, 23.55, 22.74]
[34.17, 33.51, 31.79, 28.48, 21.99, 17.33, 16.26, 15.53]
[34.31, 34.2, 34.07, 34.02]
[33.73, 31.86, 26.98, 15.7, 9.16, 6.49, 6.08]
[34.21, 33.45, 32.62, 31.45, 29.2, 27.69, 27.44]
[34.28, 33.43, 31.94, 30.14, 29.06, 28.76, 28.57]
[34.19, 33.96, 33.87, 33.83]
[34.1, 33.36, 30.99, 27.55, 23.4, 22.16]
[34.25, 33.84, 32.83, 32.06, 31.8, 31.74]
[34.43, 33.56, 32.13, 28.13, 23.58, 21.22, 20.32]
[34.2, 33.84, 33.2, 32.26, 31.55, 31.43]
[34.37, 33.54, 31.54, 28.93, 25.42, 23.62, 23.12]
[34.16, 33.59, 32.49, 31.54, 30.24, 29.46]
[33.99, 32.87, 30.1, 24.6, 18.06, 15.77, 15.55, 15.29]
[34.29, 33.69, 33.3, 33.16, 33.17, 33.08]
[34.12, 33.84, 33.69, 33.65]
[34.04, 33.75, 32.75, 30.9, 29.82, 29.43, 29.41]
[33.94, 32.55, 30.09, 23.2, 14.61, 10.62]
[33.97, 33.42, 32.36, 30.49, 27.43, 24.21, 22.29, 21.91, 21.89]
[34.17, 33.03, 31.45, 28.56, 24.67, 21.86, 21.67]
[34.05, 33.3, 31.76, 29.76, 28.29, 27.85, 27.61]
[34.01, 33.4, 32.75, 32.39, 31.98]
[34.52, 33.74, 32.41, 31.77, 31.64, 31.45]
[34.02, 32.89, 29.77, 25.57, 20.49, 18.69, 18.4]
[34.46, 33.89, 33.69]
[33.95, 32.27, 28.35, 20.19, 12.78, 9.84]
[34.18, 33.17, 30.22, 24.91, 15.89, 13.31, 13.1]
[34.34, 33.97, 33.62]
[34.18, 33.66, 33.45, 33.37, 33.29]
[34.3, 34.09, 33.73, 33.33]
[33.98, 32.23, 27.46, 15.01, 9.84, 8.96]
[34.13, 33.29, 31.72, 28.56, 23.4, 19.67, 18.88, 18.84]
[34.26, 32.62, 27.13, 18.02, 12.13, 11.66]
[34.14, 33.0, 30.92, 27.06, 21.65, 16.93, 14.49, 14.35]
[34.06, 32.7, 29.08, 21.71, 10.72, 8.76, 8.71]
[33.97, 32.04, 25.8, 10.04, 3.99, 1.91, 1.79]
[33.93, 33.36, 32.4, 32.0, 31.92, 31.85]
[34.25, 33.7, 32.77, 31.73, 28.89, 26.23, 25.43, 25.24]
[34.07, 33.52, 32.65, 29.97, 26.11, 23.44, 23.04]
[34.34, 33.88, 33.25, 33.01]
[34.09, 33.49, 32.98, 32.86]
[34.42, 34.24, 34.06]
[34.21, 33.8, 32.93, 31.75, 30.53, 30.52, 30.38]
[34.07, 33.21, 31.19, 26.03, 19.33, 16.13, 15.76]
[34.33, 33.95, 32.93, 32.16, 31.84]
[34.24, 33.59, 31.32, 25.76, 17.7, 14.5, 14.03]
[34.36, 33.67, 32.97, 32.74, 32.59]
[34.09, 33.56, 31.52, 28.16, 25.36, 24.26, 23.56]
[33.9, 32.82, 31.04, 27.15, 20.21, 15.02, 14.53]
[34.28, 33.71, 33.48, 33.01, 32.85]
[34.21, 33.61, 31.6, 28.09, 22.0, 17.69, 16.26, 16.07]
[33.88, 31.23, 17.47, 5.67, 4.57, 4.48]
[34.17, 33.74, 33.3, 32.63, 32.56, 32.53]
[34.2, 33.34, 32.21, 30.67, 29.49, 29.38]
[34.18, 33.92, 33.75, 33.65, 33.59]
[34.29, 33.32, 31.29, 28.08, 24.36, 22.54, 22.33]
[34.31, 34.25, 34.12]
[34.32, 34.13, 34.08, 34.02]
[34.07, 33.19, 31.19, 28.81, 25.42, 21.48, 18.61]
[34.09, 33.65, 33.27, 33.22, 33.08, 33.0]
[33.73, 30.63, 11.84, 0.25]
[33.82, 30.49, 16.67, 1.18, 1.13]
[34.17, 33.79, 33.41, 33.35]
[33.94, 32.9, 29.15, 17.94, 12.46, 11.3]
[33.86, 32.96, 31.01, 27.69, 22.08, 18.93, 18.51]
[34.01, 33.11, 31.38, 28.17, 22.87, 19.7, 18.73]
[33.9, 30.21, 17.83, 2.59, 2.06]
[34.15, 33.11, 28.87, 16.33, 8.05, 6.91]
[34.3, 33.6, 32.78, 32.17, 31.65]
[34.14, 33.91, 33.68]
[34.3, 33.91, 33.85, 33.86]
[34.05, 33.43, 32.1, 31.59, 31.37]
[34.3, 33.27, 31.31, 29.03, 24.96, 23.09]
[34.42, 33.9, 33.65, 33.58]
[34.28, 34.01, 33.69]
[34.32, 33.99, 33.7, 33.6]
[34.17, 33.85, 33.59, 33.17, 33.05]
[34.25, 33.48, 32.64, 31.37, 29.99, 29.27, 29.11]
[33.83, 32.59, 27.87, 13.77, 6.92, 6.37]
[34.41, 34.34, 34.21, 34.17]
[34.19, 34.03, 33.59, 33.55]
[34.03, 33.46, 32.85, 32.83, 32.75]
[34.14, 33.81, 33.31, 33.31]
[33.97, 32.7, 30.26, 25.29, 18.44, 15.65, 15.34]
[34.19, 33.97, 33.78]
[34.03, 33.48, 32.96, 32.76]
[34.35, 33.95, 33.08, 32.71, 32.63, 32.57]
[34.36, 34.09, 33.7, 33.65]
[34.34, 33.76, 32.68, 30.76, 27.35, 25.36, 24.58, 24.34]
[34.04, 33.28, 31.42, 28.59, 24.21, 20.81, 19.74, 19.64]
[33.95, 32.73, 29.48, 22.29, 15.48, 14.67]
[33.98, 32.13, 26.71, 14.1, 8.68, 8.54]
[33.99, 32.83, 29.78, 22.56, 15.08, 11.89, 11.47]
[34.05, 31.51, 20.88, 7.72, 4.85, 4.11]
[34.32, 34.18, 33.9, 33.8]
[33.94, 32.4, 25.73, 16.69, 13.52, 12.87, 12.61]
[34.12, 32.84, 28.57, 19.74, 12.61, 10.97]
[33.92, 33.47, 32.42, 32.18, 32.1]
[34.47, 34.14, 33.18, 32.19, 32.04, 31.93]
[34.29, 33.98, 33.61, 33.47, 33.42]
[34.08, 33.96, 33.65]
[33.82, 31.81, 23.23, 11.82, 8.7, 8.59, 8.34]
[34.03, 32.34, 26.54, 15.47, 9.07, 8.28]
[34.17, 33.95, 33.53, 33.47]
[33.94, 32.6, 29.84, 24.77, 18.66, 14.29, 13.91]
[34.12, 33.43, 32.1, 29.41, 23.82, 20.26, 19.89]
[34.21, 33.67, 33.15, 32.92, 32.92, 32.86]
[34.36, 33.56, 32.6, 30.69, 29.02, 28.26, 28.25]
[34.55, 33.17, 27.86, 20.21, 14.54, 13.49, 13.11, 13.01]
[34.15, 32.98, 30.09, 25.25, 19.15, 17.28, 17.04]
[34.38, 34.03, 33.73, 33.67]
[34.06, 33.37, 32.55, 31.57, 30.42, 30.29]
[34.05, 33.69, 33.27, 33.26]
[33.9, 31.91, 23.76, 10.71, 7.13, 7.0]
[34.03, 33.55, 32.74, 31.23, 28.03, 23.78, 21.15, 20.82]
[33.97, 32.02, 23.76, 9.87, 7.27, 7.07]
[34.03, 33.41, 32.92, 32.8, 32.79]
[34.25, 33.71, 33.16, 32.76, 32.22, 32.2]
[33.96, 33.45, 32.93, 32.68]
[34.22, 33.83, 33.59, 33.54]
[34.17, 32.91, 29.53, 23.44, 16.55, 14.44, 13.94]
[34.17, 33.27, 30.6, 27.25, 21.31, 16.33, 14.97]
[34.33, 33.96, 33.86, 33.78]
[34.16, 33.14, 31.85, 28.16, 24.69, 23.18, 23.15]
[34.27, 33.82, 32.01, 28.07, 21.41, 16.0, 15.64]
[33.95, 33.69, 32.92, 32.91, 32.71]
[34.09, 33.2, 32.45, 31.98, 31.81]
[34.25, 33.33, 32.08, 31.0, 30.12, 29.93, 29.89]
[34.21, 33.73, 33.14, 32.88, 32.77]
[34.18, 33.25, 31.17, 26.4, 18.58, 13.96, 12.89, 12.72]
[34.09, 32.65, 29.15, 21.95, 14.03, 11.59, 11.19]
[34.0, 33.26, 31.77, 29.07, 24.41, 21.16, 20.32, 20.31]
[34.3, 33.84, 33.34, 32.68, 31.63, 31.07, 30.91]
[34.18, 33.89, 33.6, 33.45]
[34.17, 33.59, 32.69, 30.02, 26.5, 22.59, 21.5, 21.49]
[33.93, 32.93, 30.14, 23.35, 15.02, 12.41]
[34.43, 34.26, 34.02]
[33.94, 32.08, 25.31, 8.36, 4.71, 4.53]
[34.19, 33.77, 33.03, 32.99, 32.92]
[34.27, 33.77, 33.5]
[34.02, 33.21, 32.49, 31.76, 30.77, 30.49]
[33.97, 30.14, 12.9, 2.57, 1.68]
[34.09, 33.64, 33.27, 33.13]
[34.07, 33.68, 33.36, 33.16]
[34.15, 34.05, 33.81, 33.76]
[33.95, 33.6, 33.34, 33.3]
[34.26, 33.74, 33.27, 32.97, 32.93]
[34.27, 33.88, 33.62, 33.4, 33.36]
[34.16, 33.72, 33.32, 33.31, 33.26]
[34.36, 33.76, 33.18, 33.15]
[33.99, 33.18, 31.45, 27.46, 19.8, 17.18, 17.02]
[34.05, 29.65, 12.56, 3.9, 2.66]
[34.41, 34.21, 34.04]
[33.94, 32.93, 31.74, 28.91, 24.03, 18.74, 16.87, 15.97]
[33.81, 30.55, 16.48, 1.62, 1.38]
[34.29, 33.41, 30.43, 25.77, 22.01, 19.88, 19.67]
[34.16, 33.34, 31.47, 29.67, 27.12, 24.84, 24.31, 24.08, 24.06]
[34.09, 33.74, 33.35, 33.32]
[34.42, 34.15, 33.92, 33.75]
[34.05, 31.86, 23.72, 9.05, 5.0, 3.59, 3.18, 2.09]
[34.12, 33.22, 30.58, 24.15, 19.23, 17.98]
[34.02, 31.7, 23.66, 11.44, 8.78, 7.97]
[34.11, 33.32, 32.43, 31.58, 30.55, 30.43]
[34.17, 34.04, 33.92]
[34.04, 33.69, 33.54, 33.48, 33.39]
[34.3, 33.89, 33.43]
[34.11, 33.92, 33.41, 33.24]
[34.42, 34.24, 33.69]
[34.17, 33.8, 33.19, 32.33, 31.96, 31.97]
[34.01, 33.25, 32.13, 30.86, 27.44, 23.08, 20.69, 20.07]
[34.06, 33.13, 31.61, 27.91, 22.76, 18.16, 16.88]
[34.05, 33.33, 32.66, 32.55, 32.49]
[33.93, 30.61, 11.73, 0.45, 0.44]
[34.1, 32.72, 28.05, 19.78, 13.35, 11.43]
[34.12, 33.48, 32.49, 31.47, 30.68, 30.33, 30.24]
[34.26, 33.93, 33.54, 33.33, 33.23]
[34.36, 33.97, 33.24, 32.83, 32.84]
[34.37, 34.19, 33.58, 33.58, 33.52]
[34.17, 33.08, 29.72, 23.91, 14.97, 11.75, 11.16, 10.95]
[34.15, 33.88, 33.07, 32.33, 32.14]
[34.43, 34.04, 33.79, 33.69]
[34.06, 32.6, 29.13, 24.06, 20.39, 19.08, 18.93]
[34.23, 33.89, 33.39, 33.17, 33.02]
[34.08, 33.59, 32.76, 32.73, 32.66]
[34.09, 33.72, 33.27, 33.23, 33.1]
[34.13, 33.69, 33.14, 32.93]
[34.07, 32.75, 28.64, 20.06, 11.21, 9.74, 8.7]
[34.4, 34.25, 34.01, 33.79]
[33.71, 30.06, 9.97, 0.98, 0.97]
[34.07, 32.48, 27.84, 15.63, 10.66, 9.72]
[34.44, 33.74, 32.92, 31.45, 29.56, 28.46, 28.07]
[34.2, 33.73, 33.39]
[34.02, 32.28, 27.24, 14.29, 6.45, 6.16]
[34.26, 34.16, 33.83, 33.78]
[33.61, 32.07, 27.05, 14.47, 4.83, 3.36, 3.21]
[34.11, 33.82, 33.44, 33.38]
[34.23, 34.2, 34.2]
[34.3, 33.98, 33.47, 33.25]
[34.27, 33.99, 33.86]
[34.13, 34.04, 33.72]
[34.4, 34.33, 34.12, 34.13]
[34.16, 33.96, 33.86, 33.8]
[34.45, 34.35, 34.15, 34.1]
[34.1, 33.71, 33.27, 32.91, 32.86]
[33.9, 32.54, 27.39, 10.37, 5.24, 4.71]
[33.84, 32.88, 29.83, 22.94, 14.26, 10.07, 9.85, 9.77]
[34.19, 33.19, 32.47, 31.06, 29.66, 28.89]
[34.15, 33.36, 31.87, 29.76, 28.06, 27.45]
[34.08, 32.91, 30.18, 25.93, 19.69, 16.77]
[34.05, 31.94, 25.2, 15.18, 9.07, 8.62]
[33.97, 33.04, 31.52, 28.19, 24.37, 22.33, 21.55]
[34.07, 32.97, 29.42, 24.18, 18.96, 17.35]
[34.07, 33.77, 33.53, 33.41]
[34.15, 32.88, 30.41, 23.15, 15.98, 13.94, 13.87]
[34.15, 33.62, 33.25, 33.2]
[34.33, 33.72, 31.85, 28.87, 24.18, 19.32, 16.4, 16.34]
[34.19, 33.85, 33.61]
[34.03, 32.54, 26.42, 14.9, 8.6, 7.28, 7.09]
[34.5, 34.15, 33.85, 33.75, 33.69]
[34.36, 33.76, 33.08, 32.17, 31.74, 31.73, 31.64]
[34.21, 33.71, 33.26, 33.13]
[34.46, 34.03, 33.26, 33.08, 32.93]
[34.25, 33.9, 33.57, 33.32, 33.25]
[34.09, 33.7, 33.29, 33.01, 32.95]
[34.29, 34.01, 33.43, 33.17, 33.16]
[34.21, 33.07, 31.93, 30.08, 25.79, 21.56, 19.83]
[34.0, 33.52, 32.46, 30.72, 28.07, 25.47, 24.85]
[34.06, 32.52, 29.22, 24.4, 18.57, 16.54, 16.35]
[34.3, 33.32, 29.3, 19.77, 13.79, 11.28, 9.8]
[34.15, 32.62, 27.42, 14.81, 10.35, 9.38, 9.29]
[34.13, 33.59, 31.81, 27.45, 22.96, 20.92, 20.82]
[34.1, 32.91, 29.75, 24.35, 19.05, 15.54, 14.5]
[33.92, 32.49, 27.43, 18.89, 11.91, 8.09, 6.84]
[34.21, 32.9, 29.3, 15.69, 6.81, 6.54, 6.47]
[33.89, 31.81, 19.21, 1.18, 1.08]
[33.59, 28.64, 3.83, 1.52]
[34.34, 33.71, 33.38, 33.32]
[33.93, 33.11, 31.09, 27.13, 22.85, 18.44, 17.36]
[34.15, 33.32, 31.72, 30.27, 28.82, 28.52]
[34.32, 34.1, 33.79, 33.73]
[34.37, 33.87, 33.02, 31.95, 31.88]
[34.21, 33.1, 30.28, 23.8, 15.15, 13.19, 13.12]
[34.33, 32.31, 25.07, 13.79, 8.09, 8.01]
[34.29, 33.03, 30.25, 26.14, 22.35, 21.01, 20.94]
[34.18, 33.55, 32.77, 31.91, 31.53, 31.29]
[34.44, 33.87, 32.98, 31.81, 29.82, 27.93, 27.49]
[34.4, 34.15, 33.82, 33.49]
[34.19, 33.61, 31.05, 26.89, 19.87, 15.79, 15.31]
[34.08, 33.63, 33.07, 32.55, 32.47]
[34.25, 33.54, 31.67, 28.11, 22.31, 18.51, 18.2]
[34.08, 32.86, 30.22, 23.66, 16.7, 13.69, 12.97]
[33.9, 32.42, 26.83, 17.45, 12.02, 11.49, 11.42]
[34.19, 33.12, 30.31, 24.24, 17.1, 13.85, 12.29]
[34.46, 34.21, 33.99, 33.93]
[33.92, 33.03, 32.37, 31.74, 31.52, 31.42]
[33.94, 33.23, 32.35, 31.43, 30.15, 30.02, 30.01, 29.89]
[34.33, 33.49, 31.21, 26.94, 22.75, 21.05, 20.93, 20.36]
[34.22, 33.41, 31.62, 27.33, 19.61, 14.92, 14.78]
[34.19, 32.64, 24.51, 7.35, 3.15, 2.99]
[33.92, 31.0, 22.02, 3.28, 0.66]
[33.99, 32.78, 26.55, 9.84, 2.06]
[34.25, 33.41, 31.97, 29.75, 28.44, 27.67, 27.19, 27.02]
[34.26, 34.16, 33.82]
[34.28, 33.81, 33.21, 32.95, 32.9]
[34.2, 33.85, 33.5, 33.2]
[34.03, 33.06, 30.74, 27.3, 20.03, 14.53, 13.14, 12.26]
[34.28, 34.26, 34.16, 34.02]
[34.16, 33.35, 31.38, 26.16, 19.74, 15.92, 15.14]
[34.03, 31.35, 22.53, 10.26, 4.31, 3.67]
[34.09, 33.89, 33.66, 33.59]
[34.31, 33.24, 30.51, 22.31, 14.03, 12.91]
[34.07, 33.23, 30.53, 27.55, 20.22, 15.2, 12.73, 11.64, 11.56]
[34.28, 33.23, 30.73, 26.11, 21.62, 20.43, 20.0]
[34.29, 33.75, 33.39, 33.2]
[34.34, 33.77, 33.35, 33.31]
[34.24, 33.78, 33.37, 33.23, 33.16]
[34.27, 34.07, 33.8, 33.75]
[33.82, 29.16, 7.13, 0.96, 0.91]
[34.05, 33.83, 33.43, 33.42]
[34.17, 33.75, 33.6]
[34.44, 34.08, 33.12, 31.86, 30.74, 30.47, 30.34]
[33.97, 33.48, 32.73, 32.44, 32.43, 32.39]
[34.28, 34.1, 33.87]
[34.2, 32.79, 29.49, 23.8, 16.35, 12.39, 12.12]
[34.22, 33.9, 33.71, 33.54]
[34.07, 33.85, 33.57]
[34.2, 33.28, 30.02, 24.41, 18.0, 15.04, 14.64]
[34.1, 33.64, 32.8, 31.86, 30.93, 30.36, 30.27]
[34.18, 33.43, 32.29, 30.31, 28.33, 27.01, 26.41]
[34.05, 33.46, 32.17, 30.37, 28.12, 26.72, 25.82, 25.62]
[33.95, 30.84, 12.09, 0.74, 0.73]
[34.33, 32.58, 27.18, 16.26, 10.87, 10.42]
[34.38, 33.54, 30.98, 23.0, 16.36, 13.47, 13.32]
[34.29, 34.06, 33.72, 33.71]
[34.26, 33.94, 33.65, 33.58, 33.52]
[34.35, 33.7, 33.31, 33.27]
[34.11, 33.71, 33.16, 32.95, 32.81]
[34.21, 33.29, 31.8, 28.7, 24.17, 21.64, 20.68, 20.47]
[34.17, 33.54, 32.18, 30.46, 28.24, 26.19, 26.12]
[34.48, 33.46, 31.58, 28.88, 25.22, 22.3, 21.89]
[34.08, 33.68, 32.93, 32.75]
[33.87, 31.86, 24.04, 7.91, 5.76]
[34.23, 33.97, 33.58, 33.59]
[33.91, 32.91, 30.1, 26.4, 18.64, 14.38, 13.19, 12.95]
[34.03, 33.19, 31.29, 26.25, 17.87, 15.43, 14.58]
[34.25, 33.5, 32.54, 30.44, 27.1, 24.51, 23.27, 23.07]
[34.25, 33.74, 33.66, 33.56]
[33.91, 31.71, 22.72, 7.33, 4.83]
[34.24, 34.1, 33.8, 33.74]
[34.25, 33.65, 32.52, 31.18, 28.33, 23.38, 18.17, 17.1]
[33.94, 32.66, 29.35, 20.74, 8.81, 6.14, 6.05]
[34.32, 34.12, 34.0, 34.01]
[34.18, 33.85, 33.18, 32.97]
[33.87, 31.68, 24.39, 5.43, 2.74, 1.79]
[33.89, 33.45, 32.6, 31.95, 31.47, 31.37]
[34.02, 32.96, 30.33, 23.12, 18.11, 16.47, 16.06]
[33.82, 31.71, 26.0, 14.52, 9.17, 8.64]
[34.29, 33.64, 32.02, 27.83, 22.96, 20.65, 20.56]
[34.35, 33.44, 31.72, 27.9, 18.68, 13.44, 10.17, 9.82]
[34.46, 34.07, 33.86, 33.82]
[34.32, 33.18, 30.86, 27.66, 25.06, 23.55]
[34.41, 34.22, 34.0, 33.86]
[34.48, 34.43, 34.34, 34.24]
[34.15, 33.77, 33.19, 32.73, 32.49]
[34.26, 33.54, 30.75, 27.09, 20.94, 19.04, 18.8]
[34.3, 33.69, 32.38, 30.59, 28.12, 26.2, 25.15]
[34.26, 33.51, 32.06, 29.39, 28.24, 28.17]
[34.39, 34.23, 34.04, 33.99]
[34.06, 32.9, 30.17, 23.67, 14.5, 12.35, 12.3]
[34.21, 33.04, 30.03, 25.15, 17.57, 13.96, 13.16, 12.99]
[34.07, 33.03, 29.76, 23.22, 17.59, 15.21, 14.98, 14.93]
[34.06, 33.56, 32.42, 29.27, 25.21, 22.09, 21.61, 21.41]
[34.0, 32.61, 28.4, 18.32, 11.71, 8.53, 8.45]
[34.16, 34.0, 33.79]
[33.98, 31.55, 22.49, 7.18, 4.88, 4.72]
[34.21, 34.12, 34.1, 34.02]
[34.17, 32.99, 29.83, 23.15, 19.53, 18.91]
[34.14, 33.62, 32.94, 32.84, 32.71]
[34.08, 32.16, 25.78, 12.49, 9.09, 8.84, 8.32]
[33.82, 31.48, 18.83, 2.16, 1.45, 1.36, 1.1]
[33.7, 32.2, 27.41, 14.05, 5.64, 2.74, 2.56, 1.58]
[34.12, 33.74, 32.02, 29.54, 26.8, 24.96, 24.8]
[34.32, 33.91, 33.75, 33.6]
[33.98, 33.23, 32.03, 30.64, 30.32, 30.24]
[34.29, 33.29, 31.18, 26.68, 22.91, 21.44, 21.3, 21.08]
[33.97, 32.54, 28.15, 17.37, 9.66, 9.23]
[33.9, 30.63, 17.49, 3.52, 2.96]
[34.04, 33.65, 32.69, 32.48, 32.15, 32.14, 32.07]
[34.1, 33.5, 32.4, 30.95, 27.94, 26.08, 24.51, 24.23]
[34.11, 32.18, 25.37, 14.76, 8.37, 7.39, 7.3]
[34.24, 34.24, 34.23, 34.2]
[34.2, 33.04, 30.16, 25.25, 20.45, 18.28, 18.1]
[34.09, 33.2, 30.61, 26.59, 21.65, 18.48, 17.66]
[34.4, 33.81, 33.21, 33.16]
[34.26, 33.7, 33.24, 32.72, 32.12, 32.12]
[34.11, 33.48, 32.72, 32.43, 32.09]
[34.18, 33.18, 29.87, 22.27, 11.45, 9.35]
[34.02, 33.4, 32.37, 30.77, 28.38, 25.98, 25.42, 25.23]
[34.15, 32.98, 30.63, 26.5, 24.12, 21.85, 21.4]
[33.94, 32.97, 30.31, 20.86, 15.49, 14.9]
[34.24, 33.49, 32.33, 30.48, 28.98, 28.49]
[34.2, 33.1, 29.54, 22.47, 16.76, 15.1]
[34.1, 33.43, 32.39, 28.95, 23.12, 19.21, 18.66, 18.49]
[34.08, 33.66, 33.17, 32.84, 32.7]
[34.09, 33.11, 29.89, 21.48, 14.66, 13.24]
[34.21, 33.26, 30.78, 23.99, 17.38, 13.97, 13.42, 13.36]
[34.07, 33.83, 33.49, 33.38]
[34.41, 34.14, 34.08, 33.98]
[34.01, 33.56, 33.04, 32.9, 32.85]
[34.39, 33.33, 27.99, 17.26, 11.45, 10.87]
[34.02, 32.58, 29.48, 20.16, 10.81, 9.91, 9.85]
[34.08, 33.46, 32.19, 29.36, 25.06, 19.32, 15.29, 14.3, 13.27]
[34.05, 33.82, 33.62, 33.54]
[34.19, 33.54, 32.45, 31.52, 30.97, 30.97]
[34.34, 33.82, 33.3, 33.19, 33.2]
[34.22, 34.14, 34.06, 34.01]
[34.04, 33.52, 33.23, 33.22]
[34.03, 33.34, 31.54, 28.57, 24.35, 21.02, 19.97, 19.93]
[34.36, 33.52, 31.65, 26.84, 22.27, 19.89, 19.86]
[34.47, 34.1, 33.86, 33.71]
[34.07, 32.9, 30.34, 25.72, 20.21, 17.61, 17.55]
[34.34, 33.93, 33.63, 33.29, 33.22]
[33.96, 30.94, 15.91, 2.66, 2.0]
[34.1, 33.7, 33.36, 32.44, 31.86, 31.55, 31.25]
[34.32, 34.09, 33.79, 33.78]
[34.01, 33.1, 31.42, 29.45, 25.71, 23.03, 22.31]
[33.97, 33.1, 31.59, 27.89, 22.56, 19.97, 19.66]
[34.08, 30.2, 9.27, 0.84, 0.83]
[34.44, 34.28, 34.1]
[33.98, 32.89, 29.25, 18.98, 10.06, 8.28]
[34.23, 34.03, 33.95]
[34.3, 34.14, 33.83, 33.71]
[34.02, 33.35, 32.89, 32.85, 32.62]
[33.99, 32.84, 29.66, 21.15, 9.9, 7.28, 6.85]
[34.11, 33.26, 30.05, 24.9, 18.68, 16.5, 16.48]
[33.83, 32.98, 31.45, 29.06, 24.99, 22.16, 20.81]
[34.06, 33.62, 32.47, 30.4, 27.28, 24.4, 23.8]
[34.39, 32.63, 28.98, 21.2, 13.62, 12.3, 12.24]
[34.19, 34.04, 33.81, 33.69]
[34.31, 34.16, 33.55, 33.35]
[33.66, 28.84, 3.94, 1.04]
[34.48, 34.38, 34.28, 34.17]
[34.28, 33.67, 31.9, 27.25, 21.6, 18.94, 18.53]
[34.32, 33.33, 31.77, 29.16, 22.66, 16.09, 12.64, 11.7, 11.61]
[33.98, 32.67, 28.88, 20.76, 16.08, 15.56]
[34.09, 33.47, 32.53, 31.51, 31.44, 31.36]
[34.22, 33.55, 32.44, 30.92, 28.57, 26.74, 26.47, 26.32]
[34.3, 33.79, 33.42, 33.29, 33.18]
[34.14, 33.88, 33.62, 33.53]
[34.32, 33.14, 29.73, 24.95, 19.18, 17.44, 17.18]
[34.39, 33.59, 33.18, 32.94, 32.94, 32.88]
[34.12, 33.64, 32.96, 32.6]
[33.75, 32.07, 25.22, 8.47, 3.21, 2.96]
[34.08, 33.1, 31.14, 26.55, 17.39, 12.78, 12.32]
[34.37, 33.94, 33.08, 32.99, 32.6]
[34.07, 33.54, 33.21, 32.95, 32.9]
[33.97, 32.39, 26.84, 14.59, 9.72, 9.07]
[34.27, 33.73, 32.99, 32.86]
[33.96, 31.81, 26.75, 12.23, 7.56, 7.25, 7.15]
[33.89, 30.86, 20.63, 4.13, 3.04]
[34.21, 34.1, 33.93, 33.87]
[34.02, 33.5, 31.5, 25.9, 17.52, 13.91, 13.51]
[34.35, 33.88, 32.41, 30.59, 29.23, 28.61, 28.39]
[33.91, 32.2, 26.3, 13.15, 5.96, 5.22, 5.15]
[34.4, 33.84, 33.15, 32.08, 30.83, 30.36]
[34.14, 33.08, 30.26, 25.78, 19.68, 16.56, 15.75, 15.69]
[34.05, 33.36, 31.08, 26.48, 20.75, 18.73, 18.4]
[34.19, 33.66, 33.27, 33.2]
[34.15, 33.98, 33.78]
[34.01, 32.94, 29.75, 26.11, 22.51, 21.14, 20.89]
[34.25, 33.75, 33.05, 32.85]
[34.18, 32.28, 27.52, 15.19, 9.92]
[34.13, 33.75, 33.49]
[34.12, 33.73, 33.31, 33.08, 33.01]
[34.06, 33.93, 33.81, 33.76]
[33.98, 33.68, 33.29, 33.23]
[34.18, 33.63, 33.21, 32.9, 32.8]
[34.23, 34.07, 33.92, 33.84]
[34.11, 33.49, 32.28, 31.56, 31.5]
[34.18, 33.89, 33.68, 33.45]
[34.07, 32.19, 26.07, 12.75, 8.15, 7.81]
[34.14, 33.94, 33.84, 33.73]
[34.16, 33.55, 32.46, 31.4, 31.2]
[34.12, 32.2, 25.49, 10.6, 5.5]
[34.54, 34.15, 33.89, 33.78]
[34.07, 33.21, 30.77, 26.44, 20.37, 17.12, 16.46]
[34.18, 33.48, 31.68, 28.57, 21.31, 18.05, 17.56]
[34.21, 33.53, 31.61, 28.53, 24.18, 19.41, 16.88, 16.63]
[34.26, 33.68, 32.9, 31.44, 30.09, 28.58, 28.28]
[34.13, 33.5, 32.78, 32.69, 32.59, 32.56]
[34.0, 33.91, 33.58]
[34.05, 32.09, 25.42, 16.0, 11.45, 10.2]
[34.28, 33.78, 33.25, 33.1]
[33.97, 32.76, 27.48, 15.05, 5.57, 5.18]
[34.32, 34.28, 34.28]
[34.15, 33.75, 33.48, 33.47, 33.43]
[34.12, 32.44, 29.27, 20.13, 13.63, 11.69]
[34.12, 32.43, 27.11, 16.1, 11.77, 10.87]
[34.27, 34.15, 34.02, 33.97]
[34.19, 33.34, 31.84, 29.72, 26.78, 21.17, 19.29, 19.07]
[34.06, 33.38, 31.62, 30.23, 28.06, 26.65, 26.11]
[34.09, 33.3, 30.84, 26.96, 23.59, 20.8, 20.05, 20.02]
[33.98, 32.93, 31.37, 26.57, 21.25, 16.98, 14.39, 13.55, 12.32]
[34.2, 33.26, 31.63, 27.85, 21.49, 18.9, 17.93]
[34.28, 33.1, 28.7, 16.08, 8.49, 6.68, 6.39]
[33.99, 32.91, 31.57, 28.23, 18.71, 11.43, 10.39]
[34.21, 33.53, 32.98, 32.46, 32.4, 32.24]
[34.2, 33.28, 31.51, 29.53, 26.38, 23.55, 20.77, 20.72]
[33.97, 32.76, 29.86, 24.65, 19.46, 16.36, 15.88, 15.75]
[34.12, 33.8, 33.48, 33.43]
[34.26, 33.02, 29.74, 24.26, 19.87, 18.46, 18.22]
[34.21, 33.15, 31.43, 29.1, 24.53, 20.7, 19.53, 19.15]
[33.96, 33.06, 31.15, 27.53, 21.0, 14.24, 9.13, 8.41]
[34.25, 32.72, 29.0, 20.87, 15.65, 15.2]
[34.19, 33.17, 29.64, 22.71, 14.45, 13.13, 12.53, 12.44]
[34.32, 34.06, 33.66, 33.61]
[34.03, 32.79, 30.34, 27.03, 20.81, 16.4, 14.79, 14.08]
[34.22, 33.21, 31.58, 29.46, 24.78, 21.68, 21.05, 20.85]
[34.18, 34.12, 33.85, 33.81]
[34.34, 32.83, 28.85, 22.45, 15.92, 13.5, 13.42]
[34.06, 31.29, 17.68, 1.95, 1.07]
[34.17, 32.1, 24.84, 11.38, 8.25, 8.0]
[34.08, 33.54, 33.22, 33.17]
[34.47, 34.23, 34.06, 34.0]
[34.17, 33.51, 32.58, 31.69, 30.22, 29.7, 29.57]
[34.18, 33.68, 33.19, 33.12]
[34.04, 33.48, 32.46, 31.75, 31.28, 30.94]
[34.11, 33.65, 33.42, 33.38]
[34.23, 33.07, 29.63, 22.34, 18.14, 17.03]
[34.23, 33.95, 33.65]
[34.19, 33.88, 33.28, 33.22]
[34.03, 32.21, 26.31, 13.4, 7.49, 5.94]
[33.93, 33.36, 32.55, 32.48]
[33.96, 32.4, 29.15, 23.51, 15.54, 13.27]
[34.02, 32.98, 30.78, 26.6, 20.0, 15.07, 13.78, 13.53]
[34.19, 33.25, 30.02, 25.28, 19.06, 14.74, 14.01]
[33.74, 31.55, 22.82, 4.98, 2.53, 1.58]
[34.04, 33.19, 31.65, 30.28, 29.03, 28.86]
[34.23, 33.96, 33.73, 33.69]
[33.86, 31.24, 18.01, 6.72, 4.34, 4.16]
[34.22, 33.75, 32.62, 32.16, 32.08, 32.0]
[34.38, 33.96, 33.54, 33.5]
[34.03, 31.54, 22.55, 10.56, 6.27]
[34.26, 34.03, 33.66]
[34.21, 33.89, 33.65, 33.6]
[34.17, 33.54, 33.07, 32.97]
[33.96, 32.54, 29.31, 22.15, 14.58, 13.76, 13.58]
[34.23, 33.39, 31.71, 29.67, 28.73, 27.93]
[34.0, 32.78, 29.03, 21.83, 14.84, 11.68, 11.58]
[34.17, 32.76, 29.31, 18.63, 10.45, 8.39, 8.03]
[34.01, 31.82, 20.91, 5.47, 1.72, 0.84]
[34.2, 31.28, 19.84, 9.03, 7.44]
[34.16, 32.88, 29.44, 22.64, 13.77, 10.71, 10.44]
[34.22, 33.85, 33.5, 33.33]
[34.07, 33.22, 31.01, 25.72, 18.14, 12.29, 11.26]
[34.03, 33.5, 33.04, 33.0, 33.02]
[33.93, 32.65, 28.84, 21.63, 15.83, 13.96]
[34.21, 33.43, 32.47, 31.25, 28.69, 27.29, 26.41, 26.09]
[34.18, 32.94, 28.28, 20.96, 14.25, 12.73, 12.58]
[34.08, 33.41, 31.55, 27.96, 24.66, 23.06, 23.04]
[34.09, 33.34, 32.54, 31.48, 29.75, 26.76, 25.07, 24.5]
[34.33, 34.02, 33.67, 33.48]
[34.1, 33.02, 30.92, 25.92, 21.33, 17.85]
[34.19, 33.9, 33.72, 33.67]
[34.03, 32.95, 30.22, 24.24, 17.34, 12.51, 10.24]
[34.19, 34.06, 33.99]
[34.13, 33.54, 33.38, 33.39]
[34.42, 33.92, 33.59, 33.48]
[34.41, 34.22, 34.15, 34.11]
[33.87, 32.16, 25.99, 11.8, 4.67, 4.45]
[34.11, 33.64, 33.35, 33.23, 33.19]
[34.27, 33.81, 33.53, 33.54]
[34.16, 32.86, 29.83, 24.16, 17.2, 15.34, 15.14]
[34.41, 34.11, 33.44, 33.41, 33.34]
[34.06, 33.03, 31.32, 26.5, 14.88, 11.02, 10.81]
[33.81, 30.81, 15.26, 0.56]
[34.01, 33.31, 32.24, 29.7, 24.05, 19.66, 18.74, 18.41]
[34.42, 34.13, 33.8, 33.76, 33.71]
[34.14, 33.53, 32.58, 31.19, 29.77, 29.26, 29.17]
[34.23, 33.44, 32.2, 30.63, 28.94, 27.73, 27.5]
[34.27, 32.53, 26.63, 11.36, 7.92, 7.07]
[34.16, 33.26, 30.55, 26.21, 19.19, 16.62, 15.97, 15.9]
[34.08, 33.2, 31.75, 30.02, 28.18, 26.97, 26.97]
[34.22, 34.06, 33.85]
[33.97, 32.51, 26.75, 16.29, 10.6, 9.88]
[34.34, 33.78, 32.41, 30.42, 28.39, 27.81, 27.65]
[34.47, 33.77, 31.8, 29.45, 25.38, 20.4, 16.27, 15.78, 15.7]
[34.2, 33.85, 33.32, 33.19]
[34.36, 34.14, 33.85, 33.79]
[34.02, 31.88, 24.54, 9.42, 5.34, 4.52]
[34.25, 33.9, 33.5]
[34.24, 34.12, 34.03, 33.92]
[34.43, 33.77, 32.84, 32.14, 31.66]
[34.28, 34.14, 33.99, 33.9]
[34.14, 33.59, 33.03, 32.13, 31.69, 31.47]
[34.27, 33.58, 31.99, 29.55, 26.7, 23.61, 21.59, 21.15]
[34.31, 34.18, 34.09, 34.07]
[34.17, 33.96, 33.57, 33.08, 32.93]
[33.95, 33.05, 29.25, 22.24, 11.94, 10.2, 10.06]
[33.99, 32.7, 29.11, 20.29, 7.89, 5.51]
[34.19, 33.91, 33.54, 33.32]
[33.85, 30.8, 17.29, 1.52, 0.97]
[33.97, 32.68, 28.72, 20.04, 13.69, 12.01, 11.83]
[34.21, 33.55, 31.36, 28.31, 23.92, 22.45, 22.43]
[33.73, 33.03, 31.34, 26.38, 20.54, 16.71, 15.47, 15.4]
[34.08, 33.83, 33.29, 33.04, 32.92]
[34.43, 33.66, 31.7, 27.74, 22.67, 20.1, 19.43]
[34.37, 33.93, 33.57, 33.4]
[34.07, 33.3, 31.52, 26.23, 19.24, 14.63, 14.28]
[34.18, 33.41, 30.86, 23.42, 12.15, 7.16, 5.51, 5.1]
[34.22, 33.7, 32.53, 31.05, 28.49, 27.12, 26.69]
[34.17, 33.47, 32.46, 31.35, 30.8, 30.68]
[33.92, 33.1, 31.06, 25.95, 17.62, 13.66, 13.46]
[34.11, 33.54, 33.06, 32.81]
[34.31, 33.99, 33.78, 33.63, 33.6]
[34.14, 33.62, 33.24, 33.16, 33.11]
[34.39, 33.65, 32.26, 28.58, 22.0, 16.9, 16.15]
[34.15, 33.28, 32.22, 30.59, 29.37, 28.85]
[34.37, 33.97, 33.82]
[34.17, 33.59, 32.89, 32.65, 32.23]
[34.09, 33.37, 32.29, 31.6, 31.19, 30.41, 30.32]
[34.13, 33.33, 32.2, 29.47, 25.19, 20.32, 17.88, 17.12, 15.69]
[33.97, 31.32, 24.39, 6.97, 3.34, 2.93]
[34.16, 33.33, 31.54, 28.61, 21.19, 16.98, 16.35]
[34.27, 32.17, 27.95, 18.12, 10.61, 9.81]
[34.14, 33.4, 31.48, 27.98, 23.46, 19.0, 18.07]
[34.12, 32.81, 28.78, 17.97, 9.91, 7.63]
[34.36, 33.75, 33.04, 32.57, 32.16, 31.89]
[34.18, 33.55, 31.34, 28.22, 22.65, 19.42, 18.04, 17.96]
[34.42, 33.89, 32.87, 32.38, 32.25]
[34.03, 33.7, 33.1, 33.05]
[33.97, 31.4, 23.57, 9.69, 6.32, 5.6]
[34.33, 33.57, 31.51, 26.78, 21.38, 19.14, 17.77]
[34.2, 33.17, 30.46, 24.19, 20.4, 18.28, 18.23]
[34.08, 32.08, 27.11, 17.2, 10.24, 9.68]
[34.31, 34.2, 34.07, 33.89]
[34.19, 33.64, 32.91, 31.87, 30.64, 30.23]
[33.96, 33.33, 31.59, 28.49, 24.24, 19.06, 17.25, 17.23]
[34.26, 34.18, 34.14]
[33.8, 32.33, 28.42, 18.12, 10.57, 6.8, 6.63]
[34.06, 33.58, 33.19, 33.15]
[34.22, 33.1, 31.13, 27.41, 22.07, 18.74, 17.89]
[34.47, 33.51, 32.46, 31.66, 30.98]
[34.2, 32.84, 27.16, 20.69, 16.48, 15.19, 15.12]
[34.07, 33.72, 32.98, 32.5, 32.16]
[34.19, 33.42, 32.92, 32.77, 32.78]
[34.18, 33.02, 28.6, 18.26, 10.16, 7.63, 7.09]
[34.01, 33.67, 33.21, 32.9]
[34.22, 33.19, 29.67, 23.32, 17.99, 15.65]
[34.3, 33.51, 32.01, 28.96, 24.6, 22.26, 21.3]
[34.1, 33.75, 33.59, 33.46]
[34.22, 33.56, 32.28, 28.88, 22.24, 19.55, 18.87]
[34.15, 33.51, 32.26, 30.81, 27.35, 24.19, 22.13, 21.58]
[33.88, 32.03, 20.98, 3.62, 2.91]
[34.24, 33.25, 31.59, 27.72, 22.75, 19.53, 19.43]
[33.82, 32.64, 29.43, 18.52, 12.03, 10.73]
[34.21, 33.53, 32.23, 30.06, 26.04, 23.64, 22.8, 22.68, 22.48]
[34.34, 33.85, 32.98, 30.93, 26.8, 23.29, 22.41, 22.2]
[34.45, 34.24, 33.89, 33.83, 33.78]
[34.0, 33.57, 32.32, 30.46, 28.5, 27.73, 27.5]
[34.1, 33.57, 32.35, 30.29, 26.38, 23.28, 19.88, 19.52]
[34.34, 34.25, 34.23, 34.18]
[34.16, 33.84, 33.6, 33.53]
[34.22, 33.86, 33.58, 33.43]
[34.26, 34.14, 33.87, 33.8]
[34.28, 33.69, 32.39, 31.08, 30.89, 30.79]
[34.14, 33.87, 33.4, 33.26, 33.2]
[34.06, 33.39, 32.25, 30.72, 29.27, 28.56, 28.45]
[34.12, 33.8, 33.33, 33.34]
[34.03, 32.6, 29.75, 23.65, 16.82, 14.48]
[34.04, 32.83, 26.66, 12.8, 8.43, 7.39]
[33.86, 32.92, 30.96, 27.44, 20.9, 18.68, 17.83]
[34.13, 33.98, 33.93]
[34.21, 33.97, 33.67, 33.68]
[34.15, 33.8, 33.54, 33.31]
[34.05, 33.42, 32.52, 31.69, 31.46, 31.46]
[34.19, 33.91, 33.44, 33.41, 33.41, 33.34]
[34.12, 33.89, 33.53]
[34.16, 33.65, 33.08, 32.45, 31.6, 31.17]
[33.77, 32.21, 23.49, 5.28, 3.38]
[34.19, 33.21, 31.9, 29.8, 26.08, 21.58, 19.21, 18.08]
[34.22, 33.67, 33.18, 32.17, 31.9, 31.8]
[34.32, 33.38, 31.36, 28.16, 23.6, 20.93, 19.97]
[34.37, 33.57, 32.97, 31.36, 30.18, 29.13, 29.09, 28.94]
[34.12, 32.67, 27.75, 17.68, 10.17, 8.27]
[33.99, 33.41, 31.94, 28.86, 20.75, 14.85, 12.72]
[34.23, 34.01, 33.9]
[34.24, 33.72, 33.37, 33.07]
[34.12, 33.45, 32.23, 29.5, 23.15, 17.03, 13.97, 13.14]
[34.01, 33.54, 32.44, 30.78, 29.12, 28.66, 27.93]
[33.89, 32.53, 27.32, 13.05, 5.26, 4.56]
[34.27, 33.07, 30.9, 28.35, 25.52, 24.84]
[34.11, 33.28, 31.74, 28.41, 24.27, 22.34, 21.98]
[34.16, 32.6, 25.68, 12.8, 7.84, 7.29, 7.09]
[34.21, 33.71, 33.43, 33.39]
[34.14, 32.06, 25.35, 16.59, 11.98, 10.78]
[34.05, 33.18, 31.07, 27.12, 20.83, 18.34, 17.95]
[33.96, 33.31, 32.29, 31.23, 30.84, 30.68, 30.58]
[34.2, 33.8, 33.46, 33.48, 33.42]
[34.14, 33.13, 30.31, 24.62, 19.41, 16.36, 15.8]
[34.02, 32.36, 24.41, 12.99, 9.61, 9.54]
[34.1, 33.17, 31.45, 26.79, 21.06, 18.06, 17.45]
[34.04, 32.88, 30.42, 26.33, 20.24, 15.55, 15.1, 15.03]
[34.15, 32.07, 25.81, 11.57, 7.37]
[33.92, 31.34, 17.34, 4.58, 3.18, 1.87]
[34.09, 33.86, 33.58, 33.54]
[34.06, 33.89, 33.76]
[33.88, 32.14, 25.12, 7.91, 2.16, 1.33]
[34.03, 31.89, 23.4, 8.33, 4.15]
[34.17, 33.87, 33.57, 33.26, 33.22]
[34.18, 33.79, 33.34, 33.22]
[33.91, 32.34, 24.61, 7.82, 2.66, 2.38]
[34.19, 33.82, 33.65, 33.55]
[34.13, 33.58, 33.36, 33.17]
[34.08, 33.35, 31.82, 29.14, 23.83, 20.72, 18.8, 18.49]
[34.19, 33.85, 33.4, 33.42]
[34.0, 33.31, 31.85, 30.62, 29.42, 29.16]
[34.48, 34.17, 33.7, 33.65]
[33.92, 32.36, 26.65, 14.24, 9.13, 8.59]
[34.21, 33.62, 32.73, 32.25, 31.81, 31.73]
[34.08, 33.78, 33.68, 33.63]
[34.02, 32.55, 27.81, 17.34, 10.45, 9.16]
[34.28, 34.07, 33.72, 33.68]
[34.22, 34.16, 34.03]
[34.23, 33.66, 33.2, 33.03, 32.97]
[34.2, 33.28, 31.12, 25.24, 17.74, 14.56, 14.01, 13.92]
[34.1, 32.21, 25.65, 13.72, 9.81, 9.49]
[34.1, 33.99, 33.95]
[33.98, 33.18, 31.81, 29.3, 25.48, 22.16, 21.67]
[34.12, 32.41, 27.16, 15.89, 7.52, 6.39]
[34.38, 34.11, 33.7, 33.56, 33.51]
[33.93, 32.95, 31.0, 25.95, 19.88, 16.59, 15.44]
[34.14, 33.62, 32.66, 29.85, 27.21, 26.0, 25.78]
[34.05, 32.99, 30.56, 25.27, 16.75, 11.07, 9.69]
[34.09, 33.1, 32.08, 31.46, 31.03, 31.03]
[34.32, 33.84, 32.95, 31.61, 30.99, 30.9]
[34.23, 33.78, 33.55, 33.57]
[34.04, 31.71, 22.44, 7.89, 4.96, 4.61]
[34.14, 31.71, 23.33, 11.35, 9.05, 8.98]
[33.9, 32.1, 24.2, 13.11, 9.92, 9.67]
[34.13, 32.96, 29.92, 23.73, 19.33, 17.38, 17.11]
[34.2, 33.92, 33.79]
[34.14, 33.93, 33.79, 33.73]
[34.23, 33.08, 30.09, 23.61, 16.73, 13.6, 12.96]
[34.41, 33.94, 33.83, 33.76]
[34.04, 31.52, 23.54, 10.1, 6.93, 6.43]
[34.19, 33.64, 33.01, 32.75, 32.65]
[34.26, 33.89, 33.45, 33.33]
[34.02, 32.63, 27.0, 14.55, 6.48, 5.53]
[34.19, 33.48, 32.86, 32.58, 32.54]
[34.24, 33.42, 32.16, 29.5, 24.15, 18.48, 16.88]
[33.97, 33.11, 30.81, 25.15, 20.41, 19.29]
[34.36, 34.29, 34.11, 34.06]
[34.09, 32.79, 28.95, 19.53, 15.62, 14.49]
[34.34, 33.98, 33.96]
[33.99, 32.15, 23.09, 8.63, 2.79, 2.67]
[34.24, 34.02, 33.82]
[34.03, 33.53, 32.59, 31.1, 28.05, 22.63, 19.64, 19.39]
[34.2, 32.76, 29.68, 23.85, 16.81, 14.88, 13.57]
[34.11, 33.29, 30.89, 26.46, 16.56, 11.43, 10.12, 9.4]
[34.24, 33.77, 33.32, 32.96]
[34.43, 33.99, 33.04, 32.77, 32.47]
[34.34, 34.28, 34.23, 34.18]
[34.23, 34.13, 33.98, 33.92]
[34.08, 33.61, 33.02, 32.95, 32.89]
[34.06, 33.61, 32.82, 32.46, 32.23, 31.97]
[34.35, 33.68, 32.79, 32.58, 32.51]
[34.22, 33.2, 31.01, 25.03, 15.27, 13.18]
[34.08, 32.82, 28.93, 22.57, 15.28, 12.71, 12.55]
[33.95, 31.28, 22.22, 8.85, 6.38]
[34.09, 34.08, 34.0]
[34.22, 33.66, 33.49, 33.41]
[34.27, 33.69, 33.01, 32.39, 31.93, 31.84]
[34.04, 33.0, 30.26, 24.42, 17.61, 14.48, 13.9, 13.85]
[34.05, 32.7, 29.59, 19.43, 12.26, 9.77, 9.4]
[34.02, 32.87, 29.95, 22.34, 15.25, 12.19, 11.71]
[34.15, 33.37, 31.24, 25.7, 18.15, 16.33]
[34.02, 33.34, 32.3, 28.86, 22.4, 12.7, 9.14, 6.93]
[34.11, 32.5, 27.96, 17.66, 10.83, 10.17]
[34.13, 34.02, 33.67, 33.57]
[34.08, 32.46, 26.84, 11.35, 7.02, 6.35, 4.93, 4.73]
[34.14, 33.78, 33.34, 33.08, 33.05]
[34.19, 32.88, 29.21, 21.09, 15.46, 13.17]
[34.21, 33.73, 32.64, 31.83, 31.54, 31.44]
[33.89, 33.17, 31.03, 28.55, 23.11, 21.13, 20.07]
[34.24, 34.18, 34.12, 34.01]
[34.23, 33.51, 32.93, 31.83, 31.04, 30.78, 30.79]
[34.04, 31.99, 26.34, 15.59, 10.86, 10.33]
[33.84, 33.38, 33.01, 32.9]
[34.32, 33.81, 33.49, 33.45, 33.39]
[34.22, 32.88, 29.86, 21.24, 13.37, 11.86]
[33.9, 31.53, 25.93, 10.73, 5.61, 5.37]
[33.84, 31.18, 14.92, 0.59, 0.58]
[34.39, 34.29, 34.18, 34.09, 34.04]
[34.04, 33.72, 33.43]
[34.04, 33.6, 33.48, 33.48]
[34.24, 33.12, 30.4, 22.88, 13.33, 10.54, 10.02]
[34.16, 33.95, 33.85, 33.73]
[34.5, 34.3, 34.02, 33.91]
[34.13, 32.61, 27.89, 18.7, 10.76, 9.82]
[34.2, 33.49, 32.5, 31.4, 30.55, 30.41]
[34.31, 34.12, 33.98, 33.88]
[34.37, 34.03, 33.65, 33.51, 33.37]
[33.98, 32.82, 27.66, 13.72, 7.26, 6.59, 6.4]
[34.07, 33.45, 32.01, 29.26, 22.86, 19.03, 15.33, 14.37]
[34.02, 31.94, 25.1, 11.26, 9.31, 8.83]
[34.12, 33.76, 33.52, 33.4]
[33.69, 28.46, 7.75, 1.62, 1.52]
[34.25, 33.86, 33.43, 33.18]
[34.06, 33.7, 33.3, 33.12]
[33.92, 32.39, 28.73, 16.92, 8.39, 7.29, 7.02]
[34.15, 33.41, 32.08, 31.08, 30.27, 29.46, 29.29]
[34.08, 33.87, 33.7]
[34.1, 32.64, 30.14, 22.96, 11.4, 5.96, 5.02]
[34.02, 33.14, 31.86, 29.91, 27.35, 23.94, 22.12, 19.94, 19.51]
[33.99, 33.77, 33.4, 33.31]
[33.91, 33.4, 33.2, 33.16]
[34.1, 33.34, 32.55, 30.78, 25.73, 22.07, 20.4]
[33.97, 32.0, 26.33, 14.08, 4.74, 4.23]
