[34.32, 33.51, 30.8, 23.39, 13.07, 10.13, 10.03]
[34.27, 33.54, 31.02, 22.99, 11.49, 10.11, 9.45]
[34.09, 30.62, 10.96, 0.25, 0.23]
[34.35, 33.99, 33.37, 31.63, 25.77, 14.61, 11.63, 11.31]
[34.33, 32.67, 26.89, 10.55, 6.94, 6.6]
[34.18, 33.01, 29.69, 20.15, 11.31, 6.47, 5.68, 5.22]
[34.44, 34.0, 32.89, 27.1, 15.72, 9.66, 5.93, 5.82]
[33.92, 29.55, 2.64, 0.36]
[33.98, 32.12, 22.93, 5.42, 3.3, 2.48, 1.66]
[34.32, 33.51, 31.78, 24.05, 5.92, 4.66, 4.47, 4.23]
[34.38, 33.43, 31.25, 26.57, 12.54, 6.65, 5.49, 5.26]
[34.4, 33.93, 33.13, 29.57, 16.88, 8.27, 6.73, 6.53]
[34.5, 33.51, 28.31, 12.67, 4.6, 3.56]
[34.48, 32.8, 24.74, 10.23, 7.24, 7.02]
[34.23, 31.45, 19.9, 4.28, 2.95]
[33.86, 28.5, 3.15, 0.26]
[34.17, 32.67, 26.45, 12.37, 6.44, 5.51]
[34.12, 31.17, 12.96, 2.62, 1.99]
[34.14, 32.35, 23.44, 2.84, 1.53]
[34.36, 32.16, 21.05, 5.1, 4.01]
[34.36, 33.15, 29.92, 17.55, 6.34, 5.55]
[34.0, 31.88, 23.39, 3.56, 1.6, 1.54]
[34.36, 33.74, 31.29, 23.79, 13.65, 10.39, 10.22]
[34.29, 33.93, 31.8, 23.99, 8.74, 4.9, 4.48]
[33.92, 32.24, 25.16, 8.71, 2.24, 2.2]
[34.14, 31.07, 16.27, 2.95, 2.11]
[33.92, 29.17, 0.82, 0.6]
[34.04, 30.53, 10.82, 0.81, 0.74]
[34.07, 31.14, 18.0, 2.14, 1.24]
[34.19, 33.66, 32.25, 28.6, 19.43, 12.81, 10.0, 9.49]
[33.89, 32.57, 25.04, 2.64, 0.61, 0.56]
[34.24, 33.86, 33.55, 33.04, 32.74]
[34.26, 31.71, 15.83, 2.29, 1.74, 1.36]
[34.04, 32.11, 27.03, 10.97, 6.77, 5.47, 4.4]
[34.05, 30.14, 5.88, 0.77, 0.49]
[34.12, 32.76, 27.19, 8.75, 2.49, 1.41]
[34.15, 30.25, 7.13, 0.62, 0.61]
[33.92, 30.79, 6.26, 0.59, 0.55]
[34.13, 33.08, 28.92, 15.95, 5.04, 4.08, 3.98]
[33.96, 32.6, 23.15, 1.5, 0.94, 0.44]
[34.0, 32.03, 24.54, 6.17, 2.16, 2.09]
[34.25, 31.38, 15.74, 2.41, 1.83]
[34.16, 32.43, 21.92, 0.75]
[34.22, 31.75, 19.35, 4.92, 3.97]
[34.23, 32.83, 25.43, 3.52, 0.61]
[34.4, 33.53, 30.13, 21.23, 10.97, 9.89]
[33.72, 28.72, 2.02, 1.33]
[34.32, 32.96, 26.75, 9.6, 5.29, 5.1]
[33.8, 29.38, 6.87, 0.36, 0.33]
[34.02, 32.05, 22.29, 6.82, 4.71, 3.78]
[34.03, 32.94, 27.7, 10.54, 4.46, 4.18]
[33.77, 30.54, 8.2, 0.25, 0.23]
[33.96, 28.85, 0.94]
[34.3, 33.71, 31.53, 24.24, 10.63, 8.42]
[34.14, 33.24, 31.06, 23.39, 7.35, 5.07, 4.92]
[34.51, 34.16, 33.62, 32.15, 28.07, 16.18, 10.38, 8.75, 8.11, 7.83]
[33.92, 30.68, 15.26, 1.05, 0.96]
[34.22, 32.81, 27.63, 10.78, 5.73]
[34.14, 31.47, 16.9, 1.76, 1.43, 1.32]
[34.24, 32.34, 22.8, 6.55, 3.15, 1.19]
[33.97, 32.24, 25.02, 2.57, 0.98, 0.68]
[34.01, 31.37, 14.72, 0.53, 0.52]
[34.22, 33.28, 30.78, 18.64, 7.41, 5.27]
[33.87, 29.39, 4.04, 0.39, 0.3]
[34.19, 31.58, 14.19, 0.74]
[34.12, 30.53, 9.1, 1.28, 0.93]
[34.05, 32.32, 24.77, 9.19, 5.2, 4.05]
[34.34, 33.0, 30.2, 23.83, 12.11, 9.31, 9.12]
[34.45, 33.91, 32.35, 28.42, 18.53, 10.99, 8.91, 8.5]
[34.1, 32.87, 28.54, 13.29, 3.23, 2.3, 0.92]
[34.13, 31.44, 20.02, 1.33, 0.88]
[34.44, 33.97, 32.91, 27.29, 15.77, 11.66, 11.21]
[34.02, 32.54, 25.68, 7.45, 2.87, 2.21]
[34.31, 33.32, 30.93, 23.51, 6.56, 3.45, 3.35]
[34.08, 33.04, 27.67, 12.23, 5.42, 4.19]
[34.47, 33.42, 31.54, 26.36, 17.48, 9.86, 8.16]
[34.03, 27.06, 2.31, 0.44]
[34.28, 33.78, 32.21, 22.88, 11.81, 5.55, 5.01]
[34.22, 32.65, 26.84, 7.72, 2.02]
[34.1, 31.22, 9.68, 1.69, 1.47, 0.93]
[34.24, 30.78, 14.82, 2.34, 1.78]
[34.02, 32.04, 23.42, 4.0, 3.05]
[34.14, 32.54, 27.43, 8.03, 1.9]
[33.83, 31.33, 20.39, 0.24, 0.23]
[34.29, 33.71, 30.96, 21.59, 9.16, 6.51, 5.97, 5.64]
[33.88, 22.78, 0.31, 0.28]
[34.2, 33.04, 28.59, 16.46, 7.12, 5.47, 4.31]
[34.3, 32.17, 21.62, 4.92, 3.31, 2.98]
[34.08, 32.92, 29.26, 18.36, 4.28, 3.0, 2.8]
[34.01, 31.49, 21.41, 5.25, 4.18, 4.05]
[34.2, 33.02, 30.74, 21.86, 8.75, 6.62]
[34.38, 32.43, 22.28, 4.04, 2.1]
[33.99, 32.35, 25.66, 9.21, 4.65, 4.57, 4.5]
[34.23, 32.62, 26.62, 14.57, 6.96, 5.42]
[34.02, 31.67, 21.72, 8.76, 5.88, 5.71]
[34.08, 30.71, 8.41, 0.73, 0.7]
[34.42, 32.82, 27.88, 15.42, 6.28, 5.02, 4.44]
[34.17, 30.93, 12.11, 0.48]
[34.04, 31.45, 16.8, 3.22, 2.77]
[33.83, 31.35, 14.35, 0.19, 0.18]
[34.09, 33.84, 33.32, 30.6, 14.57, 1.97, 1.06]
[34.13, 31.69, 16.9, 2.03, 1.73]
[34.0, 30.13, 7.68, 0.36, 0.33]
[34.14, 28.2, 3.17, 0.58]
[34.17, 33.69, 33.16, 32.8, 32.66]
[33.92, 29.22, 6.84, 0.58, 0.54]
[34.39, 33.14, 28.87, 16.38, 2.11, 1.99, 1.72, 1.11]
[34.14, 32.59, 25.51, 3.16, 1.86, 1.15]
[34.29, 33.3, 30.38, 20.09, 7.73, 3.09, 2.17]
[34.11, 31.41, 18.02, 2.84, 1.88, 1.77]
[34.36, 33.72, 31.65, 21.8, 9.5, 4.35]
[34.12, 32.84, 27.73, 4.93, 0.54, 0.51]
[34.2, 33.85, 33.23, 29.59, 15.78, 5.72, 2.12]
[34.05, 33.41, 31.47, 26.35, 17.86, 8.94, 6.9, 6.04, 5.93]
[33.88, 28.28, 4.9, 0.65, 0.61]
[34.07, 31.7, 19.57, 1.71, 0.97]
[34.01, 32.7, 28.48, 12.96, 3.02, 2.83, 2.3]
[33.96, 32.59, 28.66, 16.65, 6.37, 5.16]
[34.1, 32.2, 20.25, 1.23, 0.98]
[33.99, 32.05, 20.16, 0.27]
[34.22, 33.5, 31.9, 26.14, 15.96, 8.9, 8.22, 8.1]
[34.17, 31.51, 15.89, 0.39, 0.37]
[34.05, 31.97, 19.31, 1.41, 0.86]
[34.3, 33.95, 32.71, 29.78, 22.54, 12.92, 9.35, 7.11]
[34.23, 33.25, 30.3, 23.42, 8.74, 4.77]
[34.42, 34.0, 32.57, 28.7, 18.01, 10.27, 7.68, 7.35]
[34.04, 32.9, 27.35, 9.07, 6.8]
[34.06, 29.55, 6.34, 0.58, 0.57]
[34.38, 34.38, 34.02]
[34.07, 31.87, 21.47, 2.74, 2.44]
[34.43, 33.77, 31.4, 20.05, 10.53, 9.4, 9.13]
[34.27, 32.73, 26.59, 7.11, 3.39, 2.76]
[34.2, 33.82, 33.38, 33.17, 32.94, 32.9]
[34.05, 30.28, 7.63, 1.32, 1.0]
[34.48, 33.4, 29.26, 19.21, 11.03, 9.25, 9.07]
[34.15, 33.79, 32.57, 28.49, 13.9, 8.59, 6.9, 5.47]
[34.16, 32.22, 28.32, 16.15, 6.21, 5.47]
[34.05, 29.41, 4.44, 0.99]
[34.14, 33.49, 31.4, 21.97, 9.82, 7.64, 6.64, 5.29]
[34.16, 33.1, 28.34, 11.35, 4.96, 4.68]
[34.34, 31.75, 23.58, 6.6, 5.14, 4.74]
[34.35, 33.11, 29.71, 22.96, 15.03, 13.13]
[34.07, 31.22, 14.48, 1.04, 0.93]
[34.14, 32.92, 30.99, 21.37, 7.12, 4.91, 4.5]
[33.96, 31.26, 12.84, 0.38, 0.37]
[34.01, 32.28, 22.14, 3.27, 1.62]
[34.03, 33.5, 30.55, 18.45, 6.46, 5.18]
[33.89, 30.08, 7.98, 0.21, 0.18]
[34.18, 31.75, 17.6, 0.57, 0.39]
[34.19, 33.04, 29.37, 14.44, 4.43, 3.96]
[34.32, 32.6, 25.38, 3.94, 0.76]
[34.14, 30.9, 12.41, 0.08, 0.07]
[34.22, 30.7, 13.04, 0.98, 0.96]
[34.13, 30.66, 16.62, 2.03, 1.67]
[34.2, 32.78, 27.14, 11.62, 7.13, 6.73]
[34.12, 33.32, 30.49, 19.89, 7.45, 4.9, 4.83]
[34.02, 30.28, 9.04, 0.61, 0.47]
[34.42, 33.83, 32.43, 29.5, 25.6, 19.84, 16.41, 15.57]
[34.01, 32.78, 30.07, 19.84, 6.92, 5.58, 5.49]
[34.1, 32.68, 27.89, 9.81, 1.01]
[34.4, 33.59, 32.01, 27.75, 16.39, 7.06, 2.89]
[34.11, 32.43, 24.94, 7.17, 2.66]
[33.94, 32.74, 27.1, 6.53, 3.17, 2.97]
[34.13, 32.42, 16.88, 0.32, 0.25]
[34.22, 33.09, 29.54, 18.58, 3.18, 1.9]
[34.24, 33.45, 30.56, 16.53, 2.81, 2.36, 1.88]
[34.28, 33.52, 30.13, 15.31, 8.66, 7.8]
[33.89, 31.02, 15.64, 1.79, 1.31]
[34.26, 32.78, 25.85, 11.41, 7.24, 6.98]
[34.12, 33.29, 29.97, 17.46, 2.63, 2.16]
[34.0, 31.91, 16.79, 0.61, 0.6]
[34.13, 29.13, 1.17, 0.7]
[34.07, 32.8, 25.35, 5.97, 2.62, 2.24]
[34.49, 33.75, 30.82, 20.24, 11.73, 10.02, 9.83]
[33.99, 32.03, 24.5, 6.06, 3.15]
[34.33, 33.05, 26.55, 10.46, 6.26, 5.15, 4.74]
[34.01, 31.18, 20.48, 3.74, 2.4, 1.45]
[34.12, 33.26, 30.95, 22.07, 10.17, 8.07, 7.87, 7.77]
[34.06, 26.07, 0.15]
[34.37, 33.46, 30.32, 20.12, 9.59, 7.7, 7.24]
[34.3, 33.89, 32.78, 26.85, 11.93, 5.38, 4.52]
[34.27, 33.36, 29.4, 17.88, 7.11, 5.67, 5.41]
[34.41, 33.67, 32.07, 28.06, 20.04, 15.97, 13.91]
[34.14, 33.34, 31.93, 28.22, 20.98, 15.39, 12.25, 11.83]
[34.21, 33.45, 28.38, 15.51, 9.34, 8.99]
[34.39, 31.59, 18.92, 5.04, 3.23, 3.1]
[33.82, 30.65, 9.63, 0.27, 0.25]
[34.17, 33.41, 31.36, 23.39, 12.05, 8.61, 8.5]
[33.84, 31.36, 15.85, 0.37, 0.35]
[34.19, 32.66, 26.83, 9.44, 4.24, 4.09]
[34.07, 31.85, 24.94, 8.74, 4.72, 4.6]
[34.29, 33.46, 29.31, 21.82, 11.55, 9.11, 8.28]
[34.32, 33.99, 33.92, 33.78, 33.8]
[34.03, 31.22, 18.15, 1.22, 0.89]
[34.14, 31.81, 19.74, 4.28, 2.77]
[34.1, 31.9, 23.07, 2.45, 1.96]
[34.09, 32.16, 27.37, 14.25, 2.75, 2.14]
[34.12, 31.92, 20.89, 2.52, 1.15]
[34.09, 31.74, 14.97, 1.34, 1.12]
[34.09, 30.35, 9.16, 0.31]
[34.0, 29.87, 7.08, 1.3, 1.25]
[34.1, 31.64, 16.76, 1.64, 1.31]
[34.24, 32.79, 28.18, 11.74, 7.96, 7.68]
[34.39, 32.56, 25.89, 11.09, 6.72, 5.64, 4.04, 3.56]
[34.38, 33.63, 31.25, 23.83, 12.24, 8.67, 8.45, 8.35]
[34.31, 32.22, 21.14, 2.05, 1.12]
[34.07, 32.86, 27.2, 13.49, 6.58, 6.0]
[34.27, 33.85, 32.65, 26.27, 15.21, 9.71, 8.67]
[34.14, 32.32, 25.02, 5.5, 3.27, 3.17]
[34.05, 30.43, 6.04, 0.89, 0.82]
[34.26, 33.4, 28.38, 10.83, 5.57, 5.24, 5.08, 4.71]
[34.23, 33.07, 29.07, 10.8, 1.62, 1.14]
[34.4, 33.39, 30.37, 15.55, 3.7, 2.61]
[34.29, 33.27, 30.37, 14.64, 6.25, 5.8]
[34.17, 32.39, 22.03, 2.89, 1.83]
[34.36, 32.45, 20.61, 7.77, 6.8, 6.72]
[33.94, 31.23, 18.24, 1.34, 0.91]
[34.2, 33.31, 31.15, 21.71, 7.48, 4.28, 3.98, 2.81, 2.48]
[33.96, 28.43, 0.45, 0.44]
[34.2, 32.9, 25.77, 3.97, 1.9, 1.42]
[34.37, 32.79, 27.69, 9.71, 1.34, 1.08]
[34.54, 33.83, 31.0, 23.85, 13.86, 8.47, 6.96]
[34.12, 30.18, 2.38, 0.33]
[34.27, 32.39, 26.29, 8.3, 4.6, 4.35]
[34.34, 33.89, 33.4, 33.15, 32.92, 32.85, 32.77]
[34.16, 32.78, 28.45, 10.93, 3.06, 3.07]
[34.24, 32.21, 25.35, 5.57, 2.76, 2.69]
[34.44, 33.58, 31.72, 24.5, 15.45, 10.1, 6.76, 6.41]
[34.34, 33.7, 31.25, 22.87, 10.38, 5.3, 4.64]
[34.3, 32.85, 27.34, 9.59, 4.36, 3.86]
[34.25, 32.76, 24.57, 5.81, 2.73, 2.33, 0.85]
[33.87, 29.72, 4.95, 0.7, 0.48]
[34.17, 32.53, 24.66, 11.82, 6.15, 5.77]
[34.06, 32.68, 25.28, 3.3, 0.49]
[34.34, 34.16, 33.98, 33.73]
[34.28, 32.89, 30.17, 22.41, 9.26, 7.08, 6.98]
[34.11, 30.92, 12.84, 3.2, 2.14]
[34.22, 33.68, 31.54, 23.51, 6.88, 3.79, 3.66, 2.95]
[34.33, 30.49, 14.18, 8.06, 6.81]
[33.95, 29.32, 7.3, 0.63]
[33.93, 31.99, 23.82, 4.84, 1.06]
[34.19, 33.13, 29.5, 19.39, 6.75, 3.3]
[34.2, 33.49, 32.46, 27.52, 12.6, 8.78, 8.61]
[34.3, 33.19, 29.15, 14.61, 4.1, 4.06, 3.97]
[34.41, 33.72, 31.11, 21.33, 8.82, 6.16, 5.02, 4.02, 2.3, 2.23]
[33.96, 31.51, 13.18, 1.5, 1.09]
[34.03, 31.86, 21.19, 1.63, 0.93]
[34.24, 31.79, 19.95, 6.09, 3.92, 3.78]
[33.9, 30.13, 15.18, 1.24, 0.78]
[34.23, 33.31, 30.84, 24.62, 12.2, 8.64]
[34.18, 31.21, 19.59, 0.89, 0.44]
[34.22, 33.91, 33.48, 33.16, 32.94, 32.72]
[33.97, 31.55, 14.08, 1.89, 1.76]
[34.07, 31.08, 14.02, 0.55, 0.42]
[34.09, 30.72, 12.34, 2.23, 2.24]
[34.09, 32.67, 22.83, 2.1, 1.55]
[34.1, 31.17, 16.43, 4.18, 3.49]
[34.1, 31.38, 21.58, 4.71, 3.66, 3.57]
[34.07, 29.75, 7.17, 0.62, 0.61]
[34.4, 33.71, 30.71, 20.02, 5.05, 3.32]
[33.94, 31.42, 15.33, 0.07]
[33.96, 31.28, 13.92, 0.2, 0.19]
[34.29, 33.97, 33.69, 32.28, 29.28, 21.15, 16.71, 14.86, 14.46]
[34.28, 33.14, 30.2, 20.66, 5.96, 3.32, 3.15]
[34.07, 29.82, 6.46, 0.73, 0.71]
[33.78, 30.9, 13.31, 0.41]
[34.06, 33.17, 30.61, 20.38, 6.76, 3.93]
[34.08, 29.43, 4.74, 0.55]
[34.35, 33.92, 33.05, 29.65, 21.4, 11.64, 9.78]
[34.24, 31.8, 23.0, 8.17, 3.13, 1.59, 1.49]
[34.11, 30.92, 5.79, 0.33, 0.2]
[34.06, 31.7, 18.54, 1.21, 0.85]
[34.0, 32.68, 26.58, 13.93, 7.47, 6.97, 6.85]
[34.25, 32.59, 25.94, 4.86, 1.22]
[33.58, 25.35, 0.43, 0.34]
[34.2, 33.89, 33.54, 32.55, 28.74, 17.78, 11.59, 9.23, 7.99]
[34.12, 30.79, 13.41, 0.14]
[33.88, 30.38, 9.99, 0.74, 0.44]
[34.17, 32.19, 23.69, 5.64, 2.89, 1.02, 1.01]
[34.08, 32.72, 28.5, 13.99, 3.82, 3.32]
[34.23, 30.85, 18.43, 6.91, 5.05]
[34.32, 33.79, 32.96, 30.53, 21.2, 7.2, 4.31, 2.94]
[34.04, 31.74, 20.83, 0.99, 0.6]
[34.22, 33.52, 32.52, 29.79, 23.86, 15.73, 11.03, 9.83, 8.93]
[34.25, 33.99, 33.66, 33.37, 33.23, 33.17]
[34.08, 33.22, 28.1, 10.43, 0.66, 0.61]
[34.08, 33.61, 33.38, 32.81, 30.95, 25.36, 13.95, 6.2, 1.58]
[34.33, 33.72, 33.37, 33.04, 32.93, 32.83]
[34.22, 32.9, 27.9, 11.74, 6.55, 5.58]
[34.06, 31.9, 24.01, 4.15, 1.81]
[34.05, 32.83, 27.95, 10.38, 1.06, 0.95]
[34.29, 33.0, 28.48, 11.08, 1.79, 1.1]
[34.05, 33.02, 27.92, 5.75, 1.11, 1.05]
[34.01, 30.82, 14.77, 1.56, 1.03]
[34.09, 32.92, 27.66, 15.31, 7.77, 6.57]
[34.12, 32.15, 23.91, 1.3, 0.66]
[34.14, 33.5, 32.77, 28.6, 12.15, 2.38, 1.55]
[34.13, 30.72, 10.06, 1.1, 0.76]
[33.99, 27.88, 1.08, 0.68]
[33.9, 28.13, 1.02, 0.81]
[34.06, 33.1, 29.88, 20.19, 10.81, 6.03, 5.75]
[34.26, 33.69, 30.4, 16.03, 6.5, 5.04, 4.78]
[34.5, 32.7, 24.69, 6.51, 3.22, 2.82]
[33.93, 30.65, 4.89, 0.45, 0.25]
[34.35, 31.8, 16.07, 0.39, 0.38]
[33.97, 31.06, 17.36, 0.79, 0.52]
[34.15, 32.89, 22.7, 4.3, 1.72, 1.63]
[34.07, 32.81, 27.77, 9.06, 3.91, 3.29]
[34.17, 32.86, 28.2, 12.68, 5.71, 5.53]
[34.08, 32.56, 24.05, 3.93, 1.1, 0.65]
[34.24, 32.97, 25.55, 4.3, 1.19]
[34.5, 33.41, 30.73, 21.97, 13.77, 12.14, 11.69]
[34.16, 30.49, 15.67, 1.14, 0.79]
[34.09, 32.43, 19.99, 3.16, 2.86]
[34.07, 31.89, 20.87, 0.75]
[34.25, 33.43, 31.07, 20.89, 9.0, 7.42, 7.26]
[33.88, 29.7, 7.73, 0.81, 0.8]
[34.26, 31.45, 14.47, 0.57]
[34.42, 32.75, 26.27, 13.73, 7.14, 6.34, 5.49]
[34.08, 32.42, 27.15, 11.42, 5.91, 5.78]
[33.99, 31.68, 20.45, 0.21]
[34.04, 31.72, 15.92, 0.91, 0.91]
[34.09, 31.61, 20.95, 3.47, 2.81, 2.59]
[34.2, 32.25, 24.04, 7.21, 3.68, 2.61]
[34.17, 33.19, 30.12, 20.29, 5.08, 2.83, 1.98]
[33.94, 32.41, 25.44, 6.33, 2.09]
[33.78, 30.91, 15.73, 0.16, 0.13]
[34.25, 33.35, 30.59, 21.14, 13.41, 10.77, 10.41]
[34.2, 31.26, 13.59, 0.46]
[34.25, 32.84, 28.53, 14.65, 8.22, 7.45]
[34.52, 33.9, 32.66, 27.58, 12.27, 7.85, 7.31, 7.13, 6.93]
[34.3, 34.02, 33.08, 30.28, 19.57, 12.77, 11.85, 11.65]
[34.42, 33.96, 32.84, 28.21, 14.99, 8.21, 5.82, 5.48, 5.39]
[34.06, 32.06, 20.7, 2.22, 1.68, 1.42]
[34.12, 33.23, 31.58, 27.49, 16.7, 11.12, 10.66]
[34.12, 32.03, 19.13, 1.16, 1.1]
[33.87, 31.41, 22.8, 6.1, 3.83]
[34.19, 31.95, 15.55, 0.72, 0.61]
[34.2, 31.95, 21.34, 4.74, 1.43, 0.8]
[34.2, 33.58, 33.0, 32.39, 32.14]
[33.98, 32.4, 27.17, 9.51, 2.5, 2.36]
[34.37, 33.11, 27.87, 14.75, 6.01, 4.43]
[34.07, 31.14, 18.29, 2.98, 2.47]
[33.96, 32.37, 26.35, 12.23, 4.05, 3.23]
[34.1, 32.03, 22.93, 6.68, 2.52, 1.49]
[34.12, 29.93, 7.74, 0.37, 0.33]
[34.19, 32.0, 21.9, 4.17, 3.37, 3.28]
[34.18, 31.29, 15.4, 0.77, 0.76]
[34.26, 33.71, 32.4, 26.32, 13.25, 8.8, 8.5]
[34.13, 32.1, 19.96, 4.11, 3.2, 2.98]
[34.16, 33.3, 29.38, 12.93, 4.32, 3.13, 1.75, 1.56]
[34.33, 31.07, 13.76, 2.01, 1.22, 1.11]
[34.1, 32.05, 18.28, 0.26]
[34.31, 32.05, 25.28, 5.86, 3.5, 3.01, 1.42]
[34.15, 32.5, 28.65, 14.4, 4.3, 3.2]
[34.29, 32.51, 26.4, 7.12, 3.86, 3.53]
[33.93, 27.57, 0.69]
[34.41, 33.11, 28.24, 11.58, 6.3, 5.3, 4.72]
[34.05, 31.85, 20.89, 1.77, 1.37]
[34.16, 33.22, 29.1, 18.86, 9.27, 8.13]
[33.98, 31.33, 11.07, 1.75, 1.66]
[34.1, 32.72, 26.33, 10.27, 6.07, 5.25]
[34.07, 30.25, 8.98, 0.69, 0.59]
[33.94, 32.29, 25.87, 10.19, 4.48, 3.62, 3.52]
[33.89, 32.3, 25.01, 2.46, 0.63]
[34.43, 33.09, 26.05, 3.65, 1.17]
[34.27, 32.73, 26.29, 9.86, 6.3]
[34.04, 27.97, 7.94, 0.85, 0.84]
[34.27, 33.74, 32.35, 27.04, 14.33, 6.31, 3.44, 2.21]
[33.88, 29.91, 2.85, 0.33]
[34.01, 32.41, 24.04, 3.87, 0.51]
[34.28, 33.58, 30.34, 17.31, 5.46, 3.95]
[34.24, 33.46, 29.9, 18.57, 9.64, 8.49]
[34.12, 32.09, 25.9, 6.81, 2.77, 2.49]
[33.88, 27.91, 1.72, 0.38]
[34.06, 30.75, 14.22, 0.74, 0.51]
[34.2, 32.84, 29.12, 18.03, 6.18, 5.52, 5.27]
[34.0, 30.66, 8.35, 0.55, 0.54]
[34.1, 32.34, 23.9, 4.71, 2.92, 2.86, 2.5]
[34.39, 32.93, 28.38, 14.4, 7.22, 7.02, 6.94]
[34.08, 32.23, 22.12, 1.58, 0.91]
[34.1, 32.9, 27.41, 10.81, 3.15, 2.74]
[34.08, 32.57, 27.36, 11.25, 2.98, 2.59, 2.22]
[34.01, 31.51, 20.33, 3.28, 0.92, 0.73]
[34.17, 33.34, 32.04, 26.73, 13.57, 5.48, 4.62, 4.54]
[34.08, 29.32, 4.41, 0.81, 0.74]
[33.9, 31.55, 17.55, 0.82, 0.47]
[34.33, 30.97, 11.12, 0.18, 0.16]
[33.99, 32.54, 25.14, 7.61, 1.49, 1.49]
[34.15, 31.17, 18.47, 0.43, 0.33]
[34.46, 32.61, 24.82, 9.26, 5.44]
[34.14, 33.06, 30.21, 13.04, 1.72, 0.71]
[34.27, 32.54, 21.89, 3.81, 2.24]
[34.06, 30.64, 5.8, 0.37]
[34.07, 31.15, 15.26, 0.61, 0.54]
[33.77, 28.47, 0.66]
[34.04, 31.05, 17.27, 1.68, 1.59]
[34.17, 31.23, 17.54, 2.72, 1.9]
[34.06, 32.22, 25.29, 7.87, 3.02, 2.88]
[34.27, 32.1, 23.81, 8.79, 4.21, 4.12]
[34.09, 31.78, 23.94, 4.55, 2.02, 0.95, 0.92]
[34.26, 32.7, 21.92, 3.14, 0.74]
[34.14, 32.07, 19.71, 1.64, 1.41]
[34.17, 30.99, 12.46, 0.84, 0.5, 0.36]
[34.19, 32.22, 22.24, 5.65, 3.9, 3.69]
[34.16, 31.94, 23.57, 5.04, 3.0]
[34.11, 31.1, 13.36, 0.44, 0.42]
[34.49, 33.43, 29.92, 15.12, 5.67, 5.42]
[34.46, 34.1, 33.49, 32.04, 26.83, 17.61, 13.94, 13.1]
[34.16, 32.76, 25.77, 12.14, 4.08, 3.46, 2.83, 1.38]
[34.16, 32.94, 29.33, 15.84, 9.72, 7.57, 7.27]
[34.04, 32.84, 26.4, 4.37, 1.43]
[33.96, 32.27, 22.3, 1.38, 0.83]
[33.93, 30.26, 4.74, 0.49, 0.41]
[34.12, 33.26, 31.03, 23.4, 7.29, 5.15, 4.89]
[34.19, 32.66, 26.28, 7.56, 3.53]
[34.19, 33.28, 29.31, 15.96, 5.85, 5.34]
[34.24, 32.7, 27.5, 11.59, 4.84]
[34.22, 32.36, 26.86, 9.52, 2.1, 1.72]
[33.78, 28.75, 1.43, 0.46]
[34.31, 33.63, 30.13, 18.26, 8.37, 7.06]
[34.21, 33.44, 28.38, 7.48, 4.35]
[34.13, 32.44, 21.95, 1.35, 0.7]
[34.09, 32.92, 27.43, 6.1, 1.05]
[33.79, 32.68, 26.33, 3.85, 1.15, 0.87]
[34.39, 33.65, 32.45, 25.72, 10.13, 5.51, 4.24, 1.86, 1.59, 0.75]
[33.78, 26.76, 0.88, 0.56]
[33.73, 28.35, 1.43, 0.59]
[34.21, 33.24, 27.31, 10.14, 2.68]
[34.07, 30.93, 14.5, 0.47, 0.41]
[34.02, 32.27, 21.91, 2.35, 0.73]
[34.02, 31.03, 8.22, 0.36, 0.34]
[34.24, 32.72, 27.76, 17.71, 11.91, 10.56, 10.3]
[33.99, 30.7, 14.71, 2.92, 2.63]
[33.85, 28.51, 1.83, 0.84]
[34.48, 33.82, 31.03, 22.36, 6.06, 4.46, 4.09, 3.98]
[34.23, 33.36, 31.19, 21.13, 4.41, 2.7, 2.25]
[34.04, 33.86, 32.81, 31.0, 22.14, 9.95, 7.37, 7.28]
[34.38, 33.46, 30.24, 18.23, 8.67, 7.07]
[34.32, 32.89, 26.41, 13.58, 9.56, 9.21]
[34.15, 32.16, 22.09, 1.58, 0.66, 0.63]
[34.18, 33.86, 33.5, 33.39]
[34.14, 32.25, 22.79, 10.23, 6.66, 4.93, 4.16]
[34.13, 32.28, 24.68, 9.74, 7.39]
[33.93, 32.48, 25.42, 4.15, 1.56, 1.47]
[34.4, 32.71, 27.71, 12.66, 6.77, 6.33]
[34.14, 33.1, 29.97, 17.89, 6.29, 4.22]
[34.05, 32.06, 25.63, 7.88, 5.93, 5.4, 4.62, 4.39, 4.25, 3.56]
[34.34, 33.45, 30.33, 20.25, 7.88, 5.49, 4.72, 4.52]
[34.09, 31.21, 13.47, 2.68]
[34.19, 32.59, 27.12, 13.76, 6.92, 5.8]
[34.22, 33.87, 33.19, 31.23, 25.02, 20.16, 15.39, 13.26]
[34.03, 30.6, 13.44, 2.35, 2.05]
[34.21, 33.95, 33.7, 33.16, 32.48, 32.45]
[34.11, 33.53, 30.41, 19.67, 6.08, 4.87, 4.78]
[34.07, 31.95, 19.51, 0.58]
[34.17, 31.56, 15.38, 0.45]
[34.33, 30.93, 12.92, 2.68, 2.6]
[34.1, 31.98, 16.86, 0.37]
[34.06, 32.81, 26.58, 13.47, 5.63, 5.31]
[34.36, 34.06, 33.44, 32.57, 30.86, 27.76, 18.73, 14.31, 12.12, 11.73]
[33.7, 30.79, 12.32, 0.24, 0.23]
[33.78, 29.89, 10.29, 0.5, 0.44]
[34.24, 33.3, 30.56, 24.27, 11.51, 6.41, 4.9]
[34.21, 32.52, 26.01, 7.35, 3.07, 1.9]
[34.14, 32.71, 25.41, 2.1, 1.5, 1.36]
[33.89, 30.8, 17.19, 0.97, 0.74]
[34.0, 29.45, 3.22, 1.81, 1.61]
[34.08, 32.99, 30.63, 24.3, 6.42, 3.61, 3.26]
[34.24, 33.15, 28.46, 15.4, 3.27, 2.5]
[34.05, 32.31, 20.46, 1.27, 1.19]
[33.87, 30.97, 6.56, 0.95, 0.88]
[34.16, 31.85, 16.33, 0.33]
[34.13, 33.47, 29.44, 17.07, 3.74, 3.25, 2.26]
[34.09, 32.12, 18.81, 0.5, 0.26]
[34.14, 31.79, 17.46, 0.73, 0.59]
[33.99, 29.63, 3.83, 0.74]
[34.04, 33.17, 31.24, 26.53, 13.57, 6.84, 6.0]
[34.3, 30.72, 8.8, 0.77, 0.65]
[34.17, 33.59, 31.32, 20.51, 6.5, 4.62, 4.38]
[34.06, 32.17, 20.43, 1.8, 1.13, 1.02]
[34.11, 32.81, 28.61, 13.46, 5.31, 4.52]
[34.05, 32.83, 28.39, 16.52, 7.8, 5.86, 5.62, 5.44]
[34.16, 30.47, 8.17, 0.74, 0.7]
[34.01, 32.92, 30.19, 16.82, 1.75, 0.92, 0.8]
[34.17, 33.62, 31.19, 21.94, 8.62, 6.14, 5.54]
[34.27, 31.96, 20.18, 0.52]
[34.18, 31.88, 15.66, 0.61]
[34.08, 32.91, 26.14, 6.52, 4.03, 3.97]
[34.03, 31.39, 11.4, 2.55, 0.98]
[34.27, 34.0, 33.6, 33.17, 32.91, 32.79, 32.7]
[34.29, 33.58, 31.4, 23.54, 12.89, 9.95, 9.69]
[34.19, 31.8, 24.08, 8.9, 5.25]
[34.42, 32.03, 21.18, 8.81, 6.9]
[34.35, 32.84, 27.97, 14.38, 5.42, 3.99]
[33.98, 32.21, 19.7, 2.81, 1.26, 0.64]
[34.07, 31.42, 18.64, 3.43, 1.3]
[34.22, 28.61, 4.26, 0.46, 0.37]
[34.2, 32.56, 24.2, 4.9, 2.95, 2.66]
[34.27, 33.21, 29.22, 15.79, 1.26]
[34.06, 28.61, 1.38, 0.62]
[33.94, 31.38, 19.24, 1.63, 0.48]
[34.06, 32.45, 27.63, 11.92, 7.76, 7.56]
[33.9, 32.49, 26.01, 12.95, 6.35, 5.59, 5.38]
[34.61, 33.6, 30.73, 23.49, 14.22, 11.74, 11.49]
[34.1, 31.74, 16.66, 1.17, 0.39]
[34.1, 33.5, 31.17, 24.13, 12.09, 3.64, 3.48]
[34.11, 33.85, 33.22, 32.73, 32.62, 32.46]
[34.11, 32.45, 27.46, 12.5, 8.05, 7.77]
[34.19, 32.02, 21.96, 4.14, 2.89]
[33.93, 31.63, 21.49, 3.86, 0.91]
[34.13, 33.37, 31.02, 20.79, 6.41, 3.73, 3.53]
[34.13, 33.17, 30.44, 24.91, 15.59, 12.8, 12.26]
[34.01, 31.57, 13.9, 1.48, 1.2]
[34.11, 31.69, 20.61, 4.75, 3.8]
[34.04, 33.3, 30.23, 20.32, 7.86, 6.47]
[34.08, 32.03, 22.29, 0.22]
[34.19, 31.88, 21.92, 3.5, 1.36]
[34.16, 33.17, 29.91, 22.09, 12.66, 9.92, 8.09, 7.86]
[34.25, 33.26, 31.56, 25.53, 12.37, 4.1, 2.95, 2.75, 2.06]
[34.19, 31.36, 20.59, 1.13, 0.71]
[34.25, 33.77, 32.07, 25.69, 11.36, 7.82, 6.4]
[34.16, 31.27, 11.0, 0.59, 0.58]
[34.12, 33.95, 33.6, 33.29]
[33.92, 30.46, 8.82, 0.57, 0.5, 0.37]
[34.02, 32.01, 24.48, 5.85, 2.28, 2.07]
[34.11, 32.35, 21.4, 3.03, 2.5, 2.08, 1.9]
[34.06, 31.0, 10.49, 0.34]
[34.03, 30.22, 10.02, 1.17]
[34.2, 33.66, 31.45, 26.07, 17.77, 10.12, 6.23, 4.12, 3.75]
[34.16, 31.56, 15.67, 0.97, 0.63, 0.39]
[34.27, 32.12, 22.02, 5.62, 4.21, 4.11]
[34.11, 32.99, 28.22, 14.89, 7.06, 5.66, 5.49]
[33.93, 31.39, 19.37, 2.87, 1.51, 1.46]
[34.07, 30.17, 12.77, 0.61, 0.53, 0.38]
[34.25, 31.61, 18.59, 2.08, 1.69]
[34.02, 31.88, 21.34, 5.17, 3.12, 2.97]
[34.16, 33.42, 30.22, 21.41, 8.55, 6.39, 3.45]
[34.27, 33.78, 32.75, 29.81, 21.15, 10.07, 8.79]
[34.19, 32.23, 20.88, 2.42, 1.67]
[34.03, 32.07, 22.36, 5.94, 3.0]
[33.97, 31.08, 13.08, 1.63, 0.77]
[34.22, 32.59, 28.79, 19.94, 11.92, 10.75, 10.67]
[34.15, 33.31, 31.66, 27.85, 17.07, 11.38, 8.65, 8.24]
[34.19, 31.23, 16.5, 1.5]
[34.43, 32.74, 22.49, 9.78, 7.28, 6.91]
[34.13, 28.7, 3.26, 0.48, 0.41]
[34.25, 33.8, 33.13, 29.74, 21.3, 17.95, 17.45]
[34.31, 33.78, 32.11, 24.77, 14.76, 10.84, 9.51]
[34.36, 33.44, 30.06, 17.12, 8.35, 6.18, 4.6, 3.88, 3.79]
[34.2, 31.97, 22.91, 3.44, 2.28, 2.06, 1.25]
[34.21, 32.79, 26.11, 14.15, 7.67, 6.34]
[34.14, 32.96, 28.01, 9.65, 1.93, 1.17]
[34.19, 33.65, 31.56, 19.46, 2.31, 1.14]
[34.22, 31.93, 16.78, 1.01]
[34.26, 32.6, 24.73, 6.5, 3.27]
[34.13, 32.25, 22.18, 2.9, 1.13]
[34.06, 31.68, 18.36, 2.65, 2.15]
[34.28, 32.28, 18.84, 1.75, 1.31]
[33.69, 28.3, 1.78, 0.62]
[34.25, 32.99, 29.66, 17.61, 8.82, 7.58, 7.48]
[34.23, 33.01, 30.29, 22.38, 8.81, 6.32, 5.9, 5.81]
[34.26, 30.08, 12.19, 0.79]
[34.33, 33.87, 32.45, 27.96, 14.87, 8.77, 7.2]
[33.93, 31.21, 17.52, 0.67, 0.57]
[33.87, 26.37, 0.5, 0.39]
[34.3, 33.12, 27.65, 5.57, 3.23, 3.16]
[34.34, 32.93, 27.13, 13.43, 7.71, 6.42]
[33.83, 29.06, 4.4, 0.48, 0.43]
[33.87, 29.96, 2.28, 0.25]
[34.0, 27.47, 0.89]
[34.04, 32.17, 25.72, 9.16, 2.26, 1.75]
[33.92, 32.46, 24.51, 5.29, 0.61]
[34.08, 30.97, 15.22, 0.61, 0.61]
[34.13, 33.12, 30.35, 17.55, 5.94, 5.44]
[34.1, 31.18, 18.14, 2.03, 0.94]
[34.25, 32.24, 22.91, 10.07, 7.49]
[34.03, 33.1, 29.65, 17.81, 8.16, 6.81, 6.4]
[34.04, 33.04, 28.52, 12.83, 4.69, 4.33]
[34.18, 30.05, 6.71, 2.19, 2.13, 1.98]
[34.13, 30.84, 10.51, 1.14, 0.84]
[34.09, 30.57, 12.67, 4.4, 3.48]
[33.99, 29.98, 9.01, 0.23, 0.21]
[34.23, 32.23, 20.26, 4.48, 2.95, 2.8]
[33.97, 32.11, 22.06, 1.59, 0.58]
[34.3, 32.71, 25.52, 8.59, 2.49, 2.36, 2.15]
[34.11, 31.45, 12.48, 0.16, 0.14]
[34.04, 32.14, 17.61, 0.82, 0.59]
[34.06, 31.89, 18.59, 3.68, 3.06]
[34.01, 32.6, 27.38, 5.17, 1.82, 1.08]
[34.35, 34.22, 33.83, 33.84]
[34.05, 31.73, 17.19, 3.66, 3.61]
[34.12, 31.96, 19.32, 2.64, 2.19, 1.77, 1.14]
[34.15, 30.03, 8.8, 0.4]
[34.11, 32.69, 28.0, 15.07, 7.64, 6.22]
[34.25, 32.63, 27.5, 12.17, 4.47, 3.08, 2.35]
[34.41, 33.33, 28.94, 17.09, 7.53, 6.79]
[34.32, 33.39, 28.84, 2.86, 0.75]
[33.93, 30.51, 14.44, 2.37, 2.12]
[34.22, 32.52, 26.67, 14.64, 8.55, 8.06]
[34.12, 28.55, 4.91, 1.33, 1.14]
[34.07, 31.88, 23.28, 3.6, 1.85, 1.77]
[34.32, 33.18, 28.45, 19.99, 13.89, 12.13, 12.07]
[34.21, 32.06, 19.65, 3.12, 1.91]
[33.95, 31.52, 14.33, 0.22]
[34.26, 33.2, 31.03, 23.98, 12.36, 9.52, 7.95]
[33.76, 27.12, 1.35, 0.79]
[34.21, 33.21, 29.25, 10.04, 3.2, 0.83]
[34.21, 32.12, 23.67, 10.34, 9.56]
[34.11, 31.95, 19.65, 2.75, 2.09]
[34.04, 33.08, 26.66, 9.06, 0.82]
[34.04, 31.94, 21.35, 3.53, 2.18, 1.64]
[34.06, 30.88, 6.1, 0.34, 0.23]
[34.3, 32.1, 26.05, 11.68, 7.15, 6.78]
[33.67, 29.07, 5.07, 0.28, 0.21]
[34.27, 33.34, 30.58, 21.07, 11.67, 9.92, 9.45]
[34.22, 32.44, 21.93, 4.61, 3.24, 2.95]
[34.02, 32.37, 23.53, 5.0, 2.97]
[34.05, 33.04, 29.37, 16.67, 8.35, 5.74, 5.41, 5.29]
[34.07, 29.57, 3.08, 0.41]
[34.22, 32.74, 25.27, 6.79, 5.25]
[34.12, 30.88, 14.63, 0.6]
[34.08, 32.3, 23.98, 7.76, 3.83, 3.32, 2.54]
[34.05, 31.9, 22.54, 6.97, 3.72]
[34.14, 29.72, 5.77, 0.47, 0.4]
[33.91, 31.73, 21.92, 1.39, 0.9]
[34.37, 31.99, 17.85, 2.1, 1.17]
[33.94, 31.93, 22.78, 4.69, 2.17, 1.88, 1.1]
[34.32, 31.92, 22.57, 6.04, 2.21, 2.07]
[34.17, 31.08, 18.05, 3.28, 3.12, 3.04]
[34.16, 33.47, 31.09, 24.61, 12.94, 8.8, 8.15, 7.92]
[33.98, 31.4, 16.08, 0.56, 0.48]
[34.13, 29.18, 1.65, 0.47]
[34.24, 32.23, 23.28, 6.03, 3.08, 2.82]
[34.06, 31.8, 20.24, 1.55, 1.07]
[33.98, 30.72, 8.81, 0.27, 0.23]
[33.98, 33.53, 33.47, 33.33, 33.2]
[34.09, 31.86, 21.35, 4.26, 2.25, 1.69]
[34.11, 31.66, 15.09, 0.33, 0.31]
[33.99, 30.53, 3.06, 1.06, 0.72]
[34.04, 33.31, 31.03, 17.89, 5.57, 1.51]
[34.38, 33.85, 33.07, 30.81, 25.37, 18.09, 12.48, 11.37]
[34.14, 32.16, 21.69, 3.49, 2.19, 1.85]
[34.27, 33.89, 33.43, 32.86, 32.12, 31.24, 31.04, 30.81]
[34.21, 33.14, 29.3, 10.93, 3.35, 3.03, 2.94]
[34.12, 32.78, 29.1, 20.39, 10.15, 6.71, 6.52]
[33.93, 32.12, 19.93, 2.33, 1.48]
[34.16, 32.41, 24.07, 3.54, 2.52]
[34.09, 30.68, 10.31, 0.25, 0.23]
[34.24, 32.8, 28.55, 17.67, 9.74, 8.73]
[34.2, 33.1, 28.65, 16.99, 6.86, 6.21, 6.12]
[34.26, 33.53, 31.21, 25.04, 15.87, 10.59, 9.75]
[34.13, 32.65, 27.11, 10.76, 6.58, 6.37]
[34.3, 33.81, 31.66, 20.63, 6.3, 2.43]
[34.35, 32.83, 27.71, 13.41, 5.97, 5.1, 3.53]
[33.92, 28.79, 2.87, 1.4]
[34.06, 33.23, 31.23, 23.34, 8.81, 5.46, 4.9]
[34.13, 31.18, 13.06, 2.05, 1.63, 1.21]
[34.31, 31.44, 15.89, 0.31]
[34.02, 33.24, 29.46, 13.09, 1.65, 0.99, 0.83]
[34.15, 33.13, 29.1, 13.84, 7.01, 6.0]
[34.02, 32.15, 24.03, 7.82, 0.92]
[34.04, 32.92, 30.23, 20.79, 13.82, 12.37]
[33.97, 30.84, 10.13, 0.12, 0.08]
[34.16, 32.71, 27.8, 9.43, 2.93, 2.51, 2.39]
[34.21, 33.6, 32.7, 30.84, 26.77, 20.94, 18.42, 17.68]
[34.29, 33.12, 26.92, 9.71, 5.18, 5.08]
[34.08, 32.72, 28.28, 17.11, 6.82, 5.32, 4.63]
[34.08, 31.63, 23.04, 4.33, 3.2]
[34.28, 32.6, 27.64, 13.68, 4.53, 3.14]
[34.2, 32.98, 26.2, 4.98, 2.44, 2.31]
[33.91, 32.92, 29.85, 18.24, 4.94, 3.66, 2.43]
[34.09, 31.39, 15.1, 0.5]
[34.02, 32.37, 27.03, 4.99, 0.96]
[33.82, 29.5, 4.92, 0.5]
[33.97, 32.11, 15.86, 0.41]
[33.93, 30.88, 15.63, 1.11]
[34.1, 32.27, 24.56, 10.01, 6.04, 4.74, 4.53]
[34.11, 29.65, 9.51, 3.07, 2.81, 1.23, 0.96]
[33.99, 30.6, 15.94, 0.93, 0.75]
[34.3, 33.71, 32.42, 28.33, 13.18, 4.12, 3.53]
[34.19, 33.11, 29.21, 5.42, 0.61]
[33.89, 31.34, 16.58, 0.31]
[34.29, 33.79, 31.73, 23.0, 11.16, 8.85, 8.75]
[33.98, 30.28, 8.19, 0.41, 0.4]
[34.19, 31.08, 11.62, 1.16, 1.01]
[34.22, 32.98, 30.22, 16.86, 1.76, 1.47]
[34.2, 33.75, 32.43, 27.7, 12.77, 4.15, 3.59, 3.51]
[34.44, 34.0, 33.26, 30.15, 22.64, 16.62, 15.54, 15.38]
[34.13, 32.69, 25.69, 3.63, 1.88, 1.7, 1.6]
[34.03, 31.22, 13.04, 1.16, 0.84]
[34.41, 33.25, 29.13, 11.62, 4.34, 3.88]
[34.17, 29.46, 5.43, 0.77]
[33.87, 30.88, 13.53, 0.8, 0.67]
[34.3, 33.33, 31.2, 19.76, 5.7, 4.04]
[34.28, 31.05, 12.25, 0.12]
[34.3, 33.47, 29.81, 20.25, 11.68, 8.85]
[34.11, 32.85, 29.04, 10.42, 2.27, 2.28]
[34.38, 31.92, 24.31, 7.64, 3.47, 3.28]
[33.98, 32.01, 24.62, 4.37, 1.71, 1.46]
[34.16, 32.43, 25.75, 8.24, 5.6]
[34.42, 32.63, 26.38, 10.2, 4.92, 4.7]
[34.03, 31.98, 19.05, 3.26, 1.7]
[34.04, 30.29, 15.08, 0.33]
[34.16, 33.16, 30.12, 21.16, 10.37, 7.75, 7.66]
[34.19, 31.94, 20.85, 3.2, 2.25, 2.01, 1.91, 1.79, 0.82]
[33.98, 31.71, 20.59, 0.14]
[33.95, 27.7, 0.99, 0.57]
[34.32, 33.54, 29.13, 14.11, 4.56, 3.53, 3.31]
[34.16, 30.81, 9.61, 1.21, 1.14]
[34.27, 32.81, 26.58, 5.78, 2.63, 2.41, 2.09, 1.43]
[34.2, 33.71, 32.66, 27.8, 15.72, 8.21, 6.03, 5.91]
[34.25, 29.78, 8.42, 0.39, 0.38]
[33.94, 32.4, 25.74, 3.31, 1.29]
[34.09, 32.09, 19.26, 0.71, 0.57]
[34.24, 33.02, 28.15, 15.91, 7.03, 6.47, 6.29]
[34.18, 32.11, 23.81, 12.62, 7.02, 6.77]
[34.04, 27.55, 3.57, 0.76]
[34.26, 33.12, 30.24, 19.37, 8.97, 7.09, 6.79]
[34.19, 33.1, 27.23, 13.04, 6.19, 5.66]
[34.16, 32.56, 26.03, 12.31, 4.59, 4.17, 4.04]
[34.12, 30.99, 13.97, 2.08, 1.86]
[34.0, 30.4, 10.65, 0.47]
[34.16, 32.57, 23.09, 7.24, 6.09]
[34.27, 33.13, 27.08, 8.43, 4.79]
[34.0, 32.91, 28.64, 9.78, 1.72, 1.72]
[34.22, 32.71, 25.45, 12.18, 7.0, 6.8]
[34.41, 33.48, 31.04, 23.14, 11.48, 8.25, 7.64]
[34.22, 33.82, 33.47, 33.3]
[34.22, 33.42, 29.82, 20.34, 13.69, 12.62, 12.19]
[33.84, 30.9, 13.88, 0.73]
[34.16, 33.02, 29.32, 16.11, 5.09, 4.92]
[34.3, 33.43, 31.32, 25.95, 15.3, 7.98, 7.11, 6.71]
[34.19, 31.58, 18.55, 3.51, 2.44]
[34.07, 32.22, 18.42, 1.19]
[34.1, 33.02, 29.26, 18.82, 11.9, 9.71, 9.19, 9.1]
[34.2, 33.61, 31.24, 19.41, 9.79, 6.37, 5.46, 5.34]
[34.42, 32.88, 28.75, 15.56, 9.27, 8.68]
[34.03, 31.72, 20.41, 3.24, 1.85]
[34.04, 32.62, 26.67, 5.97, 2.53, 2.45]
[34.44, 33.88, 32.07, 25.12, 14.0, 8.24, 7.54]
[34.3, 31.98, 21.55, 5.93, 4.76]
[34.55, 33.6, 29.86, 17.02, 8.12, 6.32, 6.12]
[33.86, 27.83, 1.93, 0.68, 0.63]
[33.76, 30.63, 7.02, 0.17, 0.09]
[34.05, 33.17, 30.6, 17.75, 6.09, 4.96, 4.88]
[34.2, 32.01, 22.82, 3.55, 1.8, 1.34]
[33.99, 31.76, 21.49, 3.58, 1.2, 1.13]
[34.07, 32.57, 23.38, 2.06, 1.08]
[34.26, 32.4, 25.63, 11.7, 6.64, 5.79]
[34.08, 31.81, 21.47, 5.82, 4.5]
[34.1, 32.36, 26.85, 14.11, 6.19, 5.82]
[34.04, 31.22, 19.41, 3.95, 3.02]
[34.25, 33.52, 32.19, 26.99, 14.15, 9.63, 9.33]
[34.15, 32.49, 19.77, 0.24]
[34.12, 33.36, 30.85, 23.17, 8.32, 6.03, 5.74]
[33.77, 30.46, 6.56, 0.16, 0.14]
[34.29, 33.36, 30.79, 23.53, 9.73, 5.66, 5.22]
[34.0, 30.24, 5.72, 0.96]
[34.47, 34.13, 33.58, 33.54]
[33.74, 30.73, 14.19, 2.04, 1.35]
[34.39, 33.07, 31.1, 22.59, 11.31, 8.93]
[33.84, 28.27, 5.16, 0.25, 0.17]
[33.85, 30.75, 11.36, 0.95, 0.46]
[33.95, 30.78, 7.1, 0.31, 0.29]
[34.45, 33.94, 33.56, 33.5, 33.44]
[34.35, 33.01, 28.92, 16.07, 8.48, 6.75]
[34.48, 34.36, 34.0, 33.37, 33.2, 32.99]
[33.88, 31.41, 19.26, 0.39]
[34.01, 33.14, 29.07, 17.91, 9.69, 7.31]
[34.06, 33.23, 29.66, 14.9, 6.83, 5.2, 5.11]
[34.01, 31.3, 16.41, 1.87, 1.35]
[34.33, 33.84, 32.39, 28.31, 17.91, 10.68, 8.05]
[34.09, 32.5, 25.53, 4.69, 3.34, 3.25]
[34.02, 29.92, 9.34, 0.56, 0.55]
[34.12, 33.26, 30.86, 22.62, 8.38, 4.72, 4.54]
[33.99, 30.87, 11.6, 0.19]
[34.36, 33.15, 27.88, 17.55, 6.25, 4.67, 3.53]
[34.27, 32.03, 18.46, 0.87, 0.56]
[34.21, 32.76, 28.02, 12.68, 2.65, 2.36, 2.23]
[34.14, 32.36, 23.96, 6.43, 3.11, 2.96]
[34.35, 33.75, 31.59, 19.71, 5.9, 4.08]
[34.27, 31.91, 24.71, 8.67, 4.69, 4.61]
[34.17, 30.11, 9.24, 1.51, 1.37]
[33.73, 29.61, 7.2, 1.56, 1.49]
[34.21, 32.72, 26.64, 8.56, 5.4]
[34.09, 32.23, 19.76, 1.15, 1.08]
[34.04, 32.16, 20.48, 0.75, 0.6]
[34.19, 31.61, 14.95, 0.27, 0.24]
[34.26, 33.51, 30.7, 19.16, 5.38, 4.33, 4.24]
[34.12, 33.59, 31.85, 26.41, 16.1, 9.62, 8.6]
[33.99, 32.77, 27.91, 11.91, 4.39, 3.89]
[33.95, 32.37, 21.96, 3.62, 2.08]
[34.13, 33.53, 31.73, 26.86, 14.22, 7.09, 4.68, 3.66, 3.41]
[33.89, 30.17, 3.3, 1.1]
[34.21, 32.8, 24.21, 6.4, 3.13]
[33.9, 29.79, 2.97, 0.59]
[34.13, 30.81, 8.39, 0.19, 0.13]
[34.12, 33.36, 31.29, 24.93, 12.22, 6.78, 5.9, 5.1]
[34.06, 33.4, 32.23, 23.62, 6.3, 2.06, 1.05, 0.75]
[34.0, 31.78, 21.18, 4.63, 3.93]
[34.35, 32.56, 23.56, 7.4, 5.54]
[34.19, 32.89, 28.9, 14.6, 5.75, 5.03]
[34.08, 32.02, 20.89, 5.74, 4.59, 4.35]
[34.29, 32.99, 29.2, 15.34, 0.8, 0.79]
[34.13, 30.28, 10.63, 0.29, 0.27]
[34.12, 33.55, 31.69, 25.47, 12.15, 4.85, 4.5]
[34.31, 32.39, 23.8, 9.45, 5.17, 4.55, 4.37]
[34.15, 32.03, 22.13, 7.93, 5.87, 5.71]
[34.19, 32.62, 25.6, 11.9, 4.11, 2.29]
[34.23, 32.79, 27.6, 13.52, 6.88, 6.26, 6.07]
[34.2, 32.28, 18.58, 0.68]
[34.2, 32.36, 25.79, 14.82, 5.01, 4.53]
[34.09, 29.81, 5.08, 0.5, 0.48]
[34.14, 32.84, 27.85, 9.46, 4.89, 3.35]
[34.03, 31.44, 14.44, 0.39, 0.31]
[34.33, 33.51, 31.4, 25.42, 17.45, 13.0, 11.78]
[34.19, 32.0, 17.92, 0.57, 0.34]
[34.2, 33.52, 31.54, 20.99, 6.76, 3.72]
[34.03, 31.09, 16.41, 2.2, 1.94, 1.6]
[34.01, 32.0, 23.08, 4.42, 2.02, 1.91]
[33.97, 30.88, 12.04, 0.32, 0.31]
[34.37, 33.98, 32.98, 28.91, 19.99, 12.71, 11.01, 9.67, 9.57]
[34.34, 32.95, 27.59, 13.08, 6.83, 6.67, 6.59]
[33.96, 32.13, 23.25, 1.19, 0.82]
[34.29, 33.86, 31.82, 25.21, 9.64, 2.6, 2.49]
[34.29, 33.53, 29.49, 12.79, 3.08, 0.93]
[34.35, 33.68, 33.03, 31.32, 28.81, 23.08, 18.98, 15.61, 15.15]
[33.93, 32.22, 20.87, 0.84, 0.64]
[34.06, 32.29, 27.92, 11.64, 5.15, 3.38, 3.01]
[34.18, 32.52, 26.83, 11.04, 5.57, 4.1, 3.97]
[33.95, 31.7, 22.13, 2.66, 0.79]
[34.24, 33.7, 32.3, 25.28, 15.18, 11.06, 9.73, 8.25, 8.01, 7.88]
[34.41, 33.38, 31.06, 19.27, 6.48, 5.39, 5.31, 5.14]
[34.2, 33.49, 29.35, 18.06, 7.57, 6.41]
[34.38, 33.25, 30.41, 19.91, 6.92, 5.8, 5.55]
[34.04, 32.05, 18.12, 0.82, 0.78]
[34.39, 32.54, 23.67, 6.24, 4.02]
[33.88, 29.93, 1.8, 0.41]
[34.12, 32.73, 28.97, 15.26, 5.04, 4.64]
[34.42, 33.39, 31.19, 25.26, 16.08, 10.14, 9.1, 9.0]
[34.27, 32.38, 24.35, 6.4, 3.81]
[34.26, 32.82, 28.25, 10.54, 3.43, 3.31]
[33.99, 32.34, 25.17, 8.35, 3.1, 2.81]
[34.08, 32.52, 26.17, 6.3, 1.66, 1.54]
[34.11, 31.66, 21.97, 3.55, 1.34]
[33.91, 29.97, 10.12, 0.42]
[34.24, 32.9, 24.43, 7.1, 1.7, 1.54]
[34.28, 32.44, 24.2, 4.3, 2.17, 1.74]
[33.77, 28.28, 0.25]
[34.06, 33.33, 30.63, 19.7, 5.16, 2.28]
[34.19, 33.41, 31.44, 20.0, 8.89, 7.58, 6.95]
[34.15, 32.2, 21.19, 1.56, 1.12, 0.61]
[34.27, 33.55, 31.49, 19.1, 3.77, 1.94, 1.08, 0.98]
[34.01, 32.43, 25.72, 7.29, 3.72, 3.22]
[34.16, 29.3, 4.15, 0.91]
[34.2, 33.13, 28.99, 10.84, 1.38, 0.8]
[34.09, 32.75, 29.7, 17.94, 8.31, 7.95]
[34.23, 33.62, 32.76, 30.04, 20.69, 12.11, 9.38, 9.3]
[34.21, 31.49, 22.84, 6.44, 4.89, 4.45]
[34.15, 31.15, 14.15, 0.38]
[34.02, 31.52, 16.31, 0.4]
[34.27, 33.21, 30.87, 22.87, 13.77, 9.93, 9.43]
[34.13, 33.4, 30.35, 16.82, 5.13, 2.58]
[34.14, 31.84, 25.02, 10.61, 6.92, 6.08]
[34.24, 31.68, 13.1, 0.63]
[34.11, 32.37, 26.28, 7.64, 1.61]
[34.13, 33.4, 31.03, 20.5, 8.99, 6.56, 6.47]
[34.11, 33.07, 28.89, 10.95, 1.25, 0.99]
[34.15, 33.12, 28.63, 14.44, 2.5, 1.07, 0.9]
[34.09, 33.77, 33.28, 31.65, 27.97, 23.28, 17.99, 13.52, 12.5, 11.86]
[34.08, 33.4, 31.34, 23.48, 10.46, 4.16, 3.34]
[34.18, 32.62, 27.29, 6.59, 0.52]
[34.18, 30.83, 14.01, 1.65, 1.18]
[33.9, 29.13, 3.81, 0.56, 0.43]
[34.35, 33.13, 29.58, 21.29, 13.31, 9.57, 9.0]
[34.21, 33.52, 30.1, 14.7, 2.19, 1.0]
[34.19, 33.26, 30.41, 14.7, 6.03, 5.59, 5.26]
[34.19, 32.57, 25.56, 3.06, 1.3]
[34.22, 33.27, 28.58, 11.74, 3.01, 2.39]
[34.26, 32.66, 26.48, 11.24, 6.79, 6.56]
[34.12, 31.02, 15.88, 0.54, 0.46]
[34.14, 33.02, 30.26, 23.04, 16.14, 12.81, 12.53]
[33.89, 29.45, 2.91, 0.42]
[34.02, 32.51, 27.14, 12.26, 5.76, 4.59, 3.97]
[34.04, 33.26, 30.71, 22.28, 8.24, 7.11, 6.7]
[34.08, 33.07, 29.8, 18.8, 7.93, 5.84, 5.55, 4.89]
[34.14, 32.94, 29.07, 18.44, 7.66, 5.7, 5.36]
[34.17, 33.38, 30.85, 25.1, 12.19, 8.07, 6.6, 5.88, 5.16]
[34.14, 32.76, 28.82, 18.98, 9.06, 7.58]
[34.19, 30.7, 13.74, 0.23]
[34.12, 31.72, 21.06, 1.8, 1.03, 0.61]
[34.44, 33.02, 27.83, 16.58, 5.31, 4.98]
[34.23, 33.73, 33.35, 33.16, 33.11]
[34.11, 32.87, 27.47, 6.29, 4.72]
[34.01, 32.11, 24.4, 0.87, 0.65]
[34.2, 33.71, 33.12, 30.12, 22.04, 11.79, 8.29, 7.85]
[34.28, 34.16, 33.98]
[33.95, 32.69, 27.54, 9.41, 2.08, 1.66]
[34.15, 30.88, 15.12, 3.27, 2.63, 2.55]
[33.93, 26.53, 1.17, 0.82]
[34.06, 28.97, 2.76, 0.48]
[33.91, 27.24, 2.27, 0.94]
[34.36, 33.77, 32.32, 26.05, 17.17, 13.64, 13.06]
[33.85, 32.04, 21.21, 2.65, 1.93]
[34.23, 33.04, 28.33, 13.12, 3.89, 1.74]
[34.38, 34.09, 33.75, 33.54, 33.46, 33.38]
[34.03, 31.69, 19.48, 4.05, 2.19, 1.21]
[34.02, 30.98, 10.22, 0.42]
[34.04, 32.68, 24.27, 5.04, 3.66, 2.45]
[34.17, 32.12, 18.1, 3.07, 1.75]
[34.13, 33.73, 33.41, 32.52, 28.92, 21.24, 7.96, 6.55]
[34.24, 33.75, 31.98, 24.21, 5.52, 3.96]
[34.21, 33.82, 33.39, 33.38, 33.32]
[34.28, 32.82, 28.03, 13.77, 5.75, 4.61, 3.63]
[34.09, 31.65, 16.98, 2.26, 1.69]
[33.96, 31.59, 14.99, 0.28]
[34.35, 34.08, 33.16, 30.82, 22.18, 14.18, 11.55, 9.61, 8.97]
[34.02, 33.84, 33.59, 33.48]
[34.24, 33.98, 33.6, 33.3, 33.11, 33.04]
[34.03, 33.63, 32.05, 24.07, 5.48, 3.53, 2.28, 2.15]
[34.09, 33.25, 30.04, 20.99, 9.27, 6.73]
[34.24, 32.55, 27.07, 9.41, 4.09, 3.21]
[33.91, 27.79, 0.45, 0.37]
[34.33, 33.57, 29.28, 15.5, 6.53, 6.18]
[34.18, 32.34, 23.54, 2.12, 1.72]
[33.97, 31.4, 18.69, 1.08, 0.76]
[34.31, 34.09, 33.15, 31.44, 26.23, 18.44, 11.42, 9.24, 8.03]
[34.35, 32.74, 26.85, 10.23, 4.33, 3.68]
[33.86, 31.3, 12.51, 0.48, 0.46]
[34.27, 31.72, 21.36, 4.28, 2.62]
[34.05, 30.53, 18.18, 4.4, 3.61]
[34.2, 32.64, 23.88, 2.62, 1.61, 0.7]
[34.21, 33.42, 29.52, 18.37, 8.18, 7.03]
[34.26, 33.73, 30.74, 19.84, 7.2, 3.3]
[34.2, 32.0, 18.32, 1.19]
[34.11, 32.35, 23.3, 5.64, 2.95, 2.89]
[34.1, 33.41, 32.23, 27.89, 16.4, 6.87, 5.79]
[33.99, 30.98, 11.37, 0.09]
[34.36, 33.82, 33.06, 31.26, 24.9, 15.52, 13.02, 12.33, 12.13]
[34.15, 32.94, 26.46, 9.53, 3.36, 2.71, 2.53]
[34.11, 30.47, 5.03, 0.21, 0.15]
[34.33, 33.08, 28.24, 13.51, 4.87, 3.63, 3.41, 2.57, 2.54]
[33.85, 27.87, 1.64, 0.35]
[34.21, 31.32, 17.71, 1.89, 0.53]
[34.14, 30.69, 11.34, 0.86]
[34.04, 32.92, 27.36, 11.19, 4.76, 3.59]
[34.04, 33.44, 31.77, 28.19, 19.7, 13.11, 11.48, 10.67, 10.28]
[34.23, 29.43, 8.51, 1.03, 0.98]
[33.96, 33.16, 30.48, 19.8, 3.73, 2.43, 1.88]
[34.25, 32.18, 22.8, 7.5, 4.76]
[34.31, 32.89, 24.31, 2.49, 0.8]
[34.16, 32.67, 27.21, 7.31, 3.86]
[34.28, 32.66, 26.24, 8.9, 4.52, 3.82, 3.54]
[34.08, 32.88, 26.27, 5.03, 1.47, 0.96]
[33.83, 30.47, 5.32, 0.33, 0.31]
[34.17, 31.75, 19.99, 1.98, 0.78]
[34.21, 33.44, 30.7, 21.4, 9.15, 7.57, 6.86, 6.75, 6.45, 5.2, 5.11]
[34.27, 33.52, 31.28, 22.13, 10.39, 7.52, 7.18, 7.07]
[34.47, 32.49, 22.98, 5.41, 2.56, 1.08]
[34.03, 32.25, 25.5, 9.23, 3.88, 3.36]
[34.19, 32.04, 21.87, 4.63, 3.24, 2.64]
[34.27, 33.58, 31.26, 23.65, 10.67, 8.38, 7.93, 7.27, 7.17]
[33.8, 31.1, 17.79, 0.63, 0.49]
[33.81, 30.19, 7.19, 0.48, 0.46]
[34.0, 31.07, 15.05, 0.29]
[34.25, 32.45, 25.38, 9.86, 5.63, 5.18, 3.84, 3.64]
[34.03, 30.28, 11.58, 1.26, 0.67]
[34.08, 30.42, 8.81, 1.5]
[34.34, 33.15, 29.64, 17.99, 10.67, 9.47]
[33.89, 29.67, 6.82, 0.54, 0.53]
[34.12, 32.93, 29.72, 15.21, 3.55, 0.76]
[34.06, 32.37, 22.83, 3.39, 0.46]
[34.2, 31.04, 10.8, 0.42, 0.41]
[33.91, 29.53, 11.34, 2.11, 1.79]
[34.5, 33.63, 31.11, 20.95, 5.91, 4.41, 4.17]
[33.71, 31.08, 17.49, 0.5, 0.44]
[34.16, 31.14, 18.5, 3.59, 2.06]
[34.13, 33.45, 28.28, 15.76, 8.0, 7.58]
[33.88, 29.17, 3.43, 0.39]
[34.22, 32.69, 28.21, 16.63, 8.77, 8.3]
[34.06, 30.67, 6.69, 0.19, 0.17]
[34.15, 31.91, 19.64, 1.86, 0.7]
[33.93, 31.29, 16.94, 1.57, 0.82, 0.76]
[34.0, 31.04, 12.36, 0.19]
[34.0, 33.23, 28.82, 13.31, 5.94, 5.27, 4.75, 4.65]
[34.35, 33.36, 31.18, 23.65, 11.65, 4.69, 3.43, 2.09, 1.93]
[34.41, 33.75, 31.97, 24.45, 9.15, 5.04, 4.69, 4.34]
[33.81, 30.53, 10.72, 0.34, 0.29]
[34.22, 32.49, 25.9, 7.19, 2.19, 1.76]
[34.18, 31.21, 17.74, 0.22]
[34.18, 32.08, 20.98, 0.74, 0.47]
[34.12, 32.67, 24.51, 2.34, 0.53]
[34.2, 32.49, 23.69, 0.89, 0.62, 0.41]
[34.07, 30.75, 9.19, 0.16, 0.14]
[34.44, 33.8, 32.3, 25.6, 12.99, 6.72]
[34.04, 31.67, 17.57, 0.47]
[34.26, 33.12, 30.07, 20.9, 3.98, 2.52]
[34.07, 33.31, 30.94, 24.02, 11.5, 6.56, 3.5, 3.41]
[34.03, 32.52, 26.19, 8.22, 1.93, 1.86]
