[29.24, 28.95, 28.66, 28.52, 28.5]
[29.16, 28.77, 28.48, 28.24, 28.19]
[29.19, 28.74, 28.49, 28.38, 28.35]
[29.19, 28.66, 27.48, 23.61, 17.99, 13.81, 13.1, 13.06]
[29.25, 28.62, 27.07, 22.78, 16.38, 12.5, 11.77]
[29.35, 29.18, 29.05, 29.02]
[29.13, 28.85, 28.64, 28.48, 28.44, 28.43]
[29.27, 28.69, 27.77, 24.53, 17.45, 11.7, 10.7, 10.69]
[29.21, 28.72, 27.92, 26.09, 22.44, 19.22, 17.93, 17.76, 17.71]
[29.2, 28.73, 28.43, 27.9, 27.51, 27.39]
[29.25, 28.97, 28.87, 28.82, 28.81]
[29.38, 29.18, 29.03, 29.02]
[29.18, 29.05, 28.97, 28.98]
[29.15, 28.54, 26.93, 22.61, 15.67, 12.42, 11.85, 11.79]
[29.24, 28.39, 26.27, 19.91, 11.79, 9.25, 8.8]
[29.26, 28.97, 28.65, 28.49, 28.44, 28.42]
[29.13, 28.05, 25.18, 15.69, 8.69, 7.72, 7.68]
[29.16, 28.82, 28.68, 28.67]
[29.23, 28.78, 28.55, 28.46, 28.43, 28.42]
[29.25, 29.06, 28.94, 28.92, 28.91]
[29.32, 29.1, 28.99, 28.96]
[29.33, 28.38, 25.37, 16.85, 9.11, 8.2, 8.19]
[29.12, 28.86, 28.68, 28.6]
[29.23, 28.38, 25.13, 16.32, 9.53, 8.33, 8.25, 8.2]
[29.15, 28.36, 26.78, 21.45, 13.8, 10.26, 9.48, 9.45, 9.33]
[29.22, 28.75, 28.37, 27.8, 27.21, 27.11, 27.1]
[29.1, 28.57, 27.55, 24.74, 18.98, 13.08, 11.83, 11.79]
[29.04, 28.3, 26.52, 21.02, 11.92, 8.78, 8.56, 8.55]
[29.19, 28.7, 28.27, 27.83, 27.62, 27.6]
[29.33, 29.01, 28.8, 28.71, 28.69]
[29.3, 29.08, 28.83, 28.76, 28.74]
[29.2, 29.04, 28.91, 28.89]
[29.29, 28.95, 28.7, 28.59, 28.53]
[29.13, 28.58, 28.15, 27.27, 25.99, 25.5, 25.36, 25.36]
[29.19, 28.83, 28.63, 28.56, 28.54]
[29.17, 28.83, 28.57, 28.44, 28.38]
[29.28, 28.97, 28.76, 28.68, 28.66]
[29.09, 28.62, 28.44, 28.04, 27.89, 27.83, 27.82]
[29.29, 28.2, 24.11, 13.82, 8.43, 7.85]
[29.28, 29.07, 28.87, 28.83, 28.79]
[29.07, 28.31, 26.67, 21.7, 15.34, 12.07, 11.78]
[29.13, 28.16, 24.94, 12.78, 5.75, 5.14, 5.01, 5.0]
[29.14, 28.9, 28.61, 28.56, 28.56, 28.56]
[29.28, 29.14, 29.05]
[29.16, 28.88, 28.77, 28.73, 28.72]
[29.2, 28.81, 28.36, 27.71, 26.99, 26.57, 26.52]
[29.29, 28.68, 27.82, 25.27, 19.38, 14.52, 13.54]
[29.23, 28.45, 26.2, 19.14, 10.75, 7.82, 7.49, 7.46]
[29.11, 28.68, 28.24, 27.8, 27.66, 27.61]
[29.16, 28.65, 28.27, 27.42, 26.81, 26.64]
[29.35, 29.0, 28.76, 28.64, 28.58]
[29.14, 27.09, 17.58, 4.01, 2.73, 2.7]
[29.32, 29.16, 28.95, 28.86, 28.85]
[29.14, 28.62, 27.81, 25.39, 19.95, 15.54, 13.95, 13.93, 13.93]
[29.33, 28.91, 28.21, 26.49, 23.35, 19.7, 17.23, 16.78, 16.68]
[29.25, 28.96, 28.71, 28.64]
[29.37, 29.11, 28.94, 28.91]
[29.2, 28.59, 27.36, 24.15, 18.63, 15.15, 14.22, 14.19]
[29.22, 28.89, 28.55, 28.39, 28.37]
[29.02, 28.75, 28.43, 28.35, 28.32]
[29.26, 28.68, 27.92, 25.54, 21.01, 16.47, 15.06, 14.85, 14.83]
[29.4, 29.2, 28.92, 28.88]
[29.14, 28.79, 28.57, 28.52, 28.51]
[29.27, 29.04, 28.88, 28.82]
[29.21, 28.99, 28.89, 28.85]
[29.23, 29.17, 29.12, 29.09]
[29.19, 28.97, 28.74, 28.63, 28.61]
[29.48, 29.08, 28.64, 26.86, 22.92, 18.59, 16.02, 15.66]
[29.19, 28.5, 26.56, 19.32, 9.46, 7.43, 7.36]
[29.29, 28.99, 28.72, 28.66, 28.63]
[29.14, 28.86, 28.67, 28.61, 28.61, 28.6]
[29.3, 29.08, 28.93, 28.88, 28.87]
[29.36, 29.15, 28.94, 28.87, 28.83]
[29.36, 28.82, 28.26, 27.29, 26.49, 26.25, 26.23]
[29.11, 28.55, 27.92, 26.36, 23.0, 19.92, 18.48, 18.29, 18.25]
[29.33, 29.15, 28.97, 28.91, 28.91]
[29.22, 28.7, 28.11, 26.89, 24.7, 21.66, 19.81, 19.36, 19.31]
[29.15, 28.79, 28.53, 28.44, 28.42]
[29.31, 28.87, 28.6, 28.45, 28.42]
[29.26, 28.78, 28.0, 26.58, 23.87, 20.97, 19.7, 19.16, 18.83]
[29.2, 28.81, 28.46, 28.16, 28.02, 28.01]
[29.2, 28.95, 28.81, 28.79, 28.78]
[29.37, 29.16, 28.97, 28.86, 28.86]
[29.31, 29.09, 28.9, 28.87]
[29.09, 28.33, 26.5, 21.12, 13.89, 10.45, 10.02]
[29.21, 28.79, 28.18, 26.42, 22.01, 16.94, 14.65, 14.27]
[29.21, 28.95, 28.78, 28.67, 28.66]
[29.16, 28.15, 25.62, 17.54, 10.51, 9.47, 9.33, 9.25]
[29.33, 29.13, 28.92, 28.89, 28.88]
[29.31, 28.94, 28.2, 26.72, 23.36, 19.81, 17.66, 17.36, 17.35]
[29.26, 29.08, 28.96, 28.95]
[29.11, 28.56, 27.94, 26.46, 23.57, 19.4, 16.94, 15.87, 15.75]
[29.24, 28.81, 28.53, 28.34, 28.2]
[29.28, 28.67, 28.09, 26.01, 22.4, 18.53, 16.28, 15.97, 15.9]
[29.25, 29.08, 28.91, 28.84, 28.83]
[29.12, 28.18, 25.63, 16.72, 7.57, 6.67, 6.58]
[29.33, 28.78, 28.43, 28.02, 27.76, 27.72, 27.71]
[29.18, 28.33, 25.9, 17.94, 7.95, 6.36, 6.16]
[29.22, 28.65, 27.73, 25.57, 21.93, 18.77, 17.58, 17.35, 17.27]
[29.04, 26.88, 18.28, 3.86, 2.32, 2.24]
