[36.94, 29.09, 0.61]
[36.92, 23.68, 0.1]
[37.02, 30.12, 0.63, 0.56]
[36.9, 25.82, 0.42]
[37.02, 29.09, 0.75]
[36.88, 26.08, 0.25, 0.19]
[36.84, 23.68, 0.8, 0.53]
[37.11, 32.12, 3.23, 1.16]
[37.0, 30.42, 0.39]
[36.75, 21.96, 0.17]
[37.51, 37.08, 32.38, 13.49, 1.67, 1.63]
[36.8, 25.39, 0.55, 0.31]
[36.83, 26.83, 0.28]
[36.91, 21.6, 0.29]
[37.08, 26.15, 0.22]
[36.97, 23.96, 0.14]
[36.73, 25.47, 0.2]
[37.05, 28.77, 0.87]
[37.06, 29.3, 0.55]
[37.01, 31.92, 0.88, 0.71]
[37.0, 29.16, 0.03]
[36.37, 9.57, 0.12, 0.02]
[37.01, 28.24, 1.34, 1.24]
[36.86, 29.96, 0.47]
[36.59, 28.07, 0.84, 0.67]
[37.36, 29.94, 6.66, 0.18]
[36.9, 27.19, 0.32]
[36.96, 22.48, 0.12]
[36.97, 31.88, 1.69, 0.79]
[36.89, 30.48, 1.28, 0.6]
[36.88, 32.99, 1.3, 1.24]
[36.92, 30.25, 0.76, 0.7]
[36.68, 14.06, 0.36, 0.12]
[36.68, 21.67, 0.21, 0.15]
[36.82, 19.01, 0.23]
[36.93, 28.18, 0.64, 0.35]
[37.28, 32.29, 3.24, 0.97]
[37.02, 28.56, 0.79, 0.53]
[37.03, 33.8, 7.25, 0.53, 0.41]
[36.77, 25.37, 0.62, 0.49]
[37.15, 28.61, 2.88, 1.31]
[36.42, 4.87, 0.72, 0.33]
[37.0, 33.68, 3.57, 1.02]
[36.82, 25.27, 0.13]
[36.68, 17.91, 0.16]
[37.14, 28.86, 0.6, 0.46]
[36.94, 25.63, 0.17]
[36.87, 32.75, 1.24, 1.2]
[37.07, 32.43, 9.18, 0.08]
[36.82, 29.27, 0.98, 0.85]
[36.74, 23.48, 0.27, 0.2]
[37.02, 34.15, 13.57, 0.09]
[36.61, 22.32, 0.25]
[37.12, 32.34, 6.31, 0.25]
[36.96, 25.16, 0.19]
[36.88, 28.84, 0.28]
[36.96, 25.39, 0.29]
[37.05, 31.74, 1.03, 0.77]
[36.63, 28.86, 0.22]
[37.12, 33.47, 5.58, 0.58]
[36.83, 27.69, 0.19]
[37.01, 26.98, 0.06]
[36.68, 25.41, 0.22]
[36.79, 29.51, 1.0, 0.83]
[37.23, 30.73, 2.1, 0.71]
[36.9, 19.05, 0.36, 0.19]
[36.61, 21.01, 0.11]
[36.89, 31.86, 0.74]
[37.0, 28.25, 1.54, 0.38]
[36.81, 29.0, 0.16]
[36.95, 31.41, 4.03, 0.5]
[36.7, 24.54, 0.07]
[37.23, 31.22, 1.84, 1.0]
[36.96, 31.34, 2.96, 0.57, 0.53]
[36.65, 32.83, 0.58]
[37.26, 35.08, 22.35, 0.4]
[37.17, 31.95, 2.39, 1.46]
[36.52, 21.4, 0.05]
[37.1, 31.34, 4.27, 0.69]
[37.6, 33.62, 10.61, 0.26]
[37.11, 33.37, 12.17, 0.86, 0.46]
[36.81, 27.71, 0.34]
[37.32, 36.24, 22.79, 0.29]
[37.04, 26.7, 0.65, 0.35]
[37.0, 31.37, 1.49, 1.13, 0.66]
[36.85, 22.38, 0.17]
[37.3, 33.4, 4.95, 2.0]
[36.87, 28.27, 2.11, 0.4]
[36.87, 23.54, 0.21]
[37.23, 30.82, 0.53]
[37.01, 34.48, 11.81, 0.55, 0.39]
[37.25, 33.6, 2.68, 0.27]
[36.94, 29.65, 2.7, 1.36]
[37.1, 26.58, 1.1, 0.8]
[37.12, 29.84, 1.14, 0.92]
[36.78, 25.29, 0.33]
[36.71, 23.72, 0.1, 0.0]
[37.09, 29.45, 1.56, 0.82]
[36.59, 23.4, 0.15]
[37.02, 27.9, 0.56]
[37.11, 28.29, 0.97]
[36.67, 16.26, 0.46, 0.15]
[36.93, 29.07, 0.95, 0.8]
[37.0, 33.64, 1.69, 1.59]
[36.75, 31.45, 0.79, 0.3]
[36.86, 25.07, 0.09]
[36.75, 23.3, 0.33, 0.24]
[36.72, 11.74, 0.43, 0.21]
[37.06, 30.97, 0.8, 0.52]
[37.05, 30.84, 1.17]
[36.82, 22.63, 0.2]
[36.83, 23.52, 0.45]
[36.88, 34.44, 10.36, 0.34, 0.28]
[36.86, 23.15, 0.21]
[36.77, 20.21, 0.21]
[36.6, 21.96, 0.4, 0.17]
[37.04, 31.17, 3.91, 0.82]
[36.94, 22.68, 0.17]
[36.77, 20.8, 0.16]
[37.13, 29.31, 0.37]
[36.99, 32.75, 5.71, 0.35, 0.28]
[36.94, 33.35, 7.02, 0.6, 0.49]
[36.89, 22.53, 0.12]
[36.86, 28.94, 0.45]
[36.61, 29.08, 1.12, 0.78]
[36.85, 28.45, 0.4]
[36.93, 27.11, 2.08, 1.07]
[36.8, 24.44, 0.06]
[37.11, 35.21, 24.6, 0.75, 0.57]
[36.93, 31.21, 0.89, 0.66]
[37.0, 23.92, 0.25, 0.16]
[36.69, 13.4, 0.21, 0.11]
[36.98, 30.98, 0.35]
[37.15, 28.94, 0.32]
[36.79, 29.62, 2.66, 0.78]
[37.19, 27.48, 0.08]
[37.14, 35.77, 21.56, 0.83]
[37.0, 32.19, 7.36, 2.23, 2.07]
[37.14, 29.9, 0.97, 0.73]
[36.89, 23.03, 0.06]
[37.12, 32.48, 2.14, 1.04]
[36.68, 14.3, 0.16]
[37.03, 28.04, 0.33]
[36.96, 29.63, 2.01, 0.62]
[36.64, 21.94, 0.43, 0.19]
[37.0, 29.36, 1.9, 0.7]
[36.58, 18.16, 0.08]
[37.11, 29.71, 1.78, 0.81]
[37.06, 28.84, 0.95, 0.77]
[37.28, 34.89, 14.66, 0.73, 0.44]
[36.81, 27.0, 0.55]
[36.67, 9.62, 0.48, 0.21]
[37.21, 30.75, 0.39]
[37.27, 35.65, 15.29, 0.31, 0.21]
[36.94, 22.25, 0.69, 0.64]
[36.96, 29.61, 1.42]
[37.12, 24.96, 0.64, 0.37]
[36.89, 23.48, 0.09]
[36.81, 29.59, 0.61, 0.56]
[37.08, 34.78, 10.92, 0.59, 0.55]
[37.04, 29.73, 0.43, 0.37]
[37.06, 29.93, 0.34]
[36.9, 29.73, 0.75]
[36.92, 30.87, 3.47, 0.99]
[36.82, 25.79, 0.15]
[36.92, 26.87, 0.3]
[37.05, 31.0, 3.5, 1.06]
[36.71, 24.16, 0.21]
[36.83, 26.22, 0.14]
[36.74, 26.78, 0.23]
[37.06, 33.66, 12.94, 0.05]
[36.77, 23.29, 0.22, 0.14]
[36.99, 31.34, 0.64]
[36.97, 24.43, 0.21]
[37.07, 28.01, 0.43]
[36.79, 31.72, 1.22, 0.81]
[36.84, 32.46, 0.9, 0.71]
[36.66, 17.35, 0.35]
[36.73, 14.39, 0.27, 0.06]
[36.95, 30.53, 2.21, 1.62]
[36.48, 16.94, 0.17, 0.08]
[37.06, 27.47, 0.53]
[37.0, 30.72, 2.93, 0.68]
[37.2, 31.23, 1.06, 0.67]
[36.78, 23.91, 0.18, 0.12]
[36.93, 31.81, 0.84, 0.57]
[36.91, 28.26, 0.52]
[37.0, 25.03, 0.19]
[36.73, 28.85, 0.46]
[36.96, 29.4, 0.94]
[36.68, 28.64, 1.22]
[36.9, 20.91, 0.12]
[36.84, 30.79, 3.23, 0.35, 0.29]
[36.95, 30.02, 0.75]
[37.2, 25.58, 0.25]
[36.93, 22.87, 0.31]
[37.12, 30.16, 0.24]
[36.84, 30.66, 1.5, 0.73]
[37.13, 27.82, 0.56]
[37.29, 33.83, 9.85, 0.6, 0.43]
[36.91, 27.95, 0.44]
[36.96, 33.21, 9.41, 0.51, 0.41]
[36.76, 25.08, 0.61]
[37.0, 32.01, 2.07, 0.71]
[36.42, 18.78, 0.29, 0.18]
[37.09, 29.29, 0.16]
[37.16, 28.37, 0.16]
[36.75, 22.07, 0.29, 0.11]
[36.59, 22.14, 0.65, 0.33]
[36.56, 16.81, 0.33, 0.27]
[36.78, 23.23, 0.19]
[37.17, 33.37, 3.82, 0.63, 0.49]
[36.97, 28.96, 0.45]
[36.6, 26.92, 0.69]
[36.95, 27.75, 1.35, 0.72]
[36.86, 30.13, 0.98, 0.92]
[36.86, 30.01, 1.02, 0.76]
[36.96, 28.97, 0.45]
[37.06, 31.11, 3.19, 0.54]
[37.03, 34.43, 10.47, 1.55, 1.3]
[37.02, 30.68, 2.24, 1.54]
[36.4, 21.29, 0.28]
[36.3, 6.57, 0.3, 0.17]
[36.85, 16.91, 0.27, 0.2]
[36.97, 33.4, 10.88, 0.62, 0.58]
[37.07, 33.68, 2.12, 0.27, 0.21]
[36.99, 29.22, 0.13]
[36.93, 31.13, 0.36, 0.26]
[36.67, 20.29, 0.15]
[37.15, 35.79, 22.51, 0.38]
[36.67, 19.67, 0.32, 0.17]
[37.09, 29.71, 0.55]
[37.44, 35.21, 10.89, 0.16, 0.11]
[36.77, 29.03, 0.2]
[37.04, 26.98, 1.58, 0.83]
[37.24, 33.76, 5.46, 0.4, 0.28]
[36.77, 25.43, 0.29]
[37.07, 32.79, 8.44, 0.39, 0.27]
[36.81, 27.94, 0.65]
[37.19, 27.22, 0.2]
[36.94, 22.5, 0.28]
[37.06, 29.3, 0.63, 0.56]
[36.8, 18.2, 0.25, 0.17]
[36.57, 20.73, 0.19, 0.11]
[36.81, 21.55, 0.21]
[36.89, 30.91, 0.57]
[36.94, 32.52, 6.13, 0.73, 0.57]
[37.2, 30.46, 1.55, 1.41]
[37.15, 27.38, 0.0]
[36.72, 17.11, 0.11]
[37.0, 25.53, 0.26, 0.2]
[36.8, 22.67, 0.21]
[37.02, 26.21, 0.57, 0.53]
[37.09, 26.42, 0.42]
[37.13, 29.65, 0.2]
[37.0, 29.93, 0.43]
[36.76, 21.09, 0.1, 0.03]
[36.96, 25.86, 0.17]
[37.08, 31.12, 0.49]
[36.92, 21.15, 0.03]
[37.13, 33.77, 10.07, 0.75, 0.71]
[36.97, 22.42, 0.08]
[37.22, 19.97, 0.3, 0.24]
[36.99, 30.31, 0.64, 0.35]
[36.89, 32.91, 2.3, 0.93]
[36.9, 34.17, 5.7, 0.74]
[36.97, 32.87, 9.27, 0.28, 0.22]
[37.07, 26.95, 0.32, 0.16]
[36.78, 23.51, 0.2]
[37.0, 32.39, 4.47, 0.65, 0.52]
[36.59, 14.47, 0.25, 0.14]
[37.24, 30.92, 1.72, 0.92]
[36.86, 25.46, 0.39]
[36.91, 27.01, 0.37]
[36.84, 27.31, 0.39]
[36.67, 28.38, 0.38]
[37.07, 25.23, 0.6]
[36.91, 31.72, 0.34]
[36.86, 29.62, 1.46, 1.17]
[36.8, 28.22, 0.4]
[37.02, 29.21, 0.32]
[37.28, 30.12, 0.59]
[37.04, 24.27, 0.49]
[36.73, 26.55, 0.28]
[37.32, 33.72, 12.4, 0.08]
[36.98, 31.94, 0.61]
[36.91, 29.74, 0.55, 0.41]
[36.67, 24.23, 0.22, 0.12]
[37.16, 33.64, 3.48, 0.64]
[37.01, 30.36, 0.79, 0.65]
[36.72, 21.83, 0.1]
[37.04, 33.96, 8.74, 1.03, 0.46, 0.36]
[36.96, 35.84, 28.73, 0.22]
[36.83, 28.79, 0.3]
[36.94, 33.56, 4.21, 0.37, 0.31]
[36.97, 26.91, 0.33]
[37.01, 27.66, 0.26]
[36.79, 22.02, 0.32]
[36.94, 29.36, 0.43]
[37.04, 29.15, 0.49]
[36.8, 23.94, 0.16]
[36.42, 21.32, 0.29, 0.23]
[37.21, 34.8, 11.89, 0.98, 0.92]
[36.72, 26.25, 0.49, 0.35]
[36.7, 23.85, 0.11]
[36.79, 30.79, 0.63, 0.33]
[37.26, 31.96, 2.26, 1.42]
[36.86, 32.9, 3.65, 0.5, 0.37]
[36.98, 35.08, 19.34, 0.91]
[37.02, 26.29, 0.39]
[37.19, 34.17, 15.29, 0.9]
[37.19, 27.27, 0.78, 0.63]
[37.11, 31.56, 6.48, 0.89]
[36.91, 25.16, 0.37]
[36.96, 28.73, 0.49]
[37.31, 32.97, 1.98, 0.6]
[36.5, 12.81, 0.43, 0.26]
[36.89, 30.68, 2.38, 0.62]
[36.97, 29.15, 0.48]
[36.75, 24.61, 0.19, 0.09]
[36.69, 29.7, 1.16]
[36.64, 14.97, 0.24]
[36.94, 29.49, 1.38, 0.39]
[36.64, 26.76, 0.28]
[37.17, 34.13, 14.31, 0.17]
[36.97, 34.77, 17.71, 0.15]
[36.94, 29.73, 1.63, 0.93]
[36.61, 13.39, 0.47, 0.16]
[36.8, 24.88, 0.46]
[36.96, 30.5, 0.6]
[36.91, 29.39, 5.06, 1.47, 1.2]
[37.03, 30.58, 1.12, 1.02, 0.87]
[36.85, 22.57, 0.15, 0.07]
[36.99, 31.32, 0.76]
[36.87, 32.73, 0.79]
[37.24, 33.97, 15.4, 0.13]
[36.89, 25.33, 0.83]
[37.04, 30.35, 0.49]
[36.64, 18.34, 0.04]
[36.97, 16.7, 0.28, 0.14]
[36.5, 18.1, 0.11]
[37.06, 34.77, 16.63, 0.09]
[36.85, 25.07, 0.42, 0.29]
[36.99, 31.97, 4.78, 0.89, 0.8]
[37.34, 34.83, 5.35, 0.12, 0.08]
[36.85, 23.82, 0.04]
[36.87, 21.6, 0.29, 0.23]
[36.95, 18.81, 0.12]
[36.84, 26.06, 0.27]
[36.83, 31.32, 1.06, 0.9]
[36.89, 26.02, 0.66, 0.61]
[36.85, 28.9, 0.2]
[37.01, 32.66, 4.48, 0.76, 0.31]
[37.3, 33.08, 5.15, 0.63]
[37.08, 31.74, 2.61, 0.89]
[37.05, 31.64, 1.0, 0.85]
[37.09, 33.96, 10.71, 0.25]
[37.11, 30.94, 0.83]
[36.75, 21.85, 0.28, 0.12]
[37.13, 26.26, 0.22]
[36.97, 31.37, 2.7, 0.81]
[36.64, 24.61, 0.17]
[36.79, 33.43, 3.23, 0.89, 0.61]
[36.96, 25.6, 0.81]
[36.87, 26.29, 0.03]
[36.83, 22.23, 0.03]
[36.72, 27.75, 0.24]
[36.78, 28.29, 0.35]
[37.24, 34.63, 11.01, 1.37]
[36.82, 24.73, 0.15]
[37.02, 27.46, 0.51, 0.4]
[37.04, 30.89, 0.32]
[36.96, 34.52, 15.07, 1.5, 1.43]
[37.2, 33.59, 5.73, 0.58]
[37.21, 30.46, 1.81, 1.05]
[37.2, 34.2, 5.03, 0.95, 0.9]
[37.0, 25.86, 0.51, 0.45]
[37.1, 33.34, 7.7, 2.19, 2.14]
[36.6, 23.51, 0.6]
[37.09, 26.47, 0.28]
[36.67, 22.09, 0.27]
[36.89, 19.76, 0.12]
[36.96, 25.32, 0.14]
[36.76, 26.65, 0.45]
[36.68, 25.02, 0.03]
[36.7, 27.95, 0.18]
[36.84, 30.05, 1.71, 1.27, 1.09]
[36.9, 29.12, 1.09, 0.5]
[36.81, 22.18, 0.0]
[36.97, 28.55, 0.57]
[36.99, 21.17, 0.03]
[37.04, 27.88, 0.35]
[37.08, 33.82, 9.16, 0.4, 0.23]
[36.87, 28.47, 0.25]
[37.13, 29.08, 0.55, 0.4]
[36.91, 25.9, 0.58]
[37.12, 32.84, 7.96, 0.21, 0.13]
[36.7, 16.02, 0.21, 0.15]
[37.01, 25.9, 0.45]
[37.09, 31.2, 0.46]
[36.9, 19.65, 0.35, 0.25]
[36.78, 21.2, 0.13]
[36.68, 26.93, 0.89, 0.58]
[37.18, 27.58, 0.21]
[36.79, 29.04, 0.22]
[36.87, 31.29, 2.61, 0.68]
[37.07, 30.88, 3.59, 1.28]
[36.91, 30.02, 1.07, 0.8]
[37.17, 31.41, 0.41, 0.31]
[36.39, 17.21, 0.4]
[37.0, 34.09, 8.61, 0.89, 0.39]
[36.93, 26.89, 0.69, 0.45]
[37.12, 34.0, 6.21, 0.25]
[37.32, 34.23, 4.14, 0.68, 0.43]
[37.05, 26.27, 0.48, 0.4]
[36.91, 26.28, 0.29]
[36.89, 31.16, 0.53]
[36.76, 31.39, 1.54, 0.78]
[37.03, 35.37, 22.11, 0.2]
[37.11, 34.29, 12.0, 0.2]
[36.62, 12.82, 0.41, 0.16]
[37.03, 33.54, 1.15, 0.98]
[36.78, 26.27, 0.09]
[36.65, 25.41, 0.38]
[36.91, 28.49, 3.05, 0.84]
[37.08, 29.39, 0.7]
[36.94, 26.16, 0.74, 0.58]
[37.05, 24.56, 0.55]
[36.89, 26.67, 0.49, 0.44]
[36.95, 22.45, 0.16]
[36.91, 30.58, 0.53, 0.43]
[37.01, 29.94, 0.91, 0.52]
[37.1, 25.62, 0.14, 0.06]
[36.8, 24.23, 0.14, 0.04]
[37.01, 33.07, 7.51, 0.57, 0.52]
[36.96, 28.65, 0.17]
[37.08, 27.0, 0.38]
[36.58, 20.26, 0.37, 0.26]
[36.91, 23.84, 0.37]
[37.01, 27.16, 0.39]
[36.86, 27.55, 0.93, 0.9]
[37.16, 21.85, 0.07]
[37.06, 26.66, 0.8]
[36.7, 23.29, 0.21]
[36.8, 24.89, 0.03]
[36.81, 25.32, 0.32]
[36.76, 29.73, 0.76, 0.63]
[37.01, 31.56, 0.6, 0.39]
[36.84, 26.85, 0.4]
[36.91, 24.78, 0.36]
[36.95, 24.12, 0.0]
[37.1, 32.29, 4.67, 0.62, 0.38]
[36.87, 26.37, 0.7]
[37.12, 33.61, 1.46, 0.95]
[36.6, 20.82, 0.1]
[36.88, 28.15, 0.44]
[36.91, 28.95, 0.53]
[37.36, 33.54, 2.45, 1.27]
[36.97, 30.51, 0.79, 0.51]
[36.87, 25.04, 0.09]
[37.04, 24.21, 0.2]
[36.86, 32.06, 0.84, 0.55]
[36.98, 34.31, 4.33, 0.44, 0.14]
[37.06, 34.99, 16.9, 0.03]
[36.72, 16.58, 0.37]
[36.78, 14.21, 0.16, 0.05]
[36.54, 22.98, 0.13]
[36.96, 32.23, 7.45, 1.06]
[37.13, 30.06, 0.73]
[37.07, 34.96, 14.64, 0.24]
[37.22, 27.92, 0.29]
[36.7, 19.63, 0.27]
[37.1, 26.08, 0.28]
[36.91, 27.29, 0.2]
[36.85, 26.18, 0.71, 0.58]
[36.73, 27.42, 0.46]
[36.93, 33.65, 11.0, 0.09]
[36.8, 28.9, 0.96]
[37.24, 31.8, 1.73, 1.08]
[36.93, 30.57, 1.92, 1.01]
[36.97, 26.35, 0.16]
[37.29, 33.66, 1.58, 0.55]
[36.97, 22.98, 0.19]
[37.18, 35.0, 22.93, 1.22, 0.72]
[36.99, 29.98, 0.16]
[36.72, 27.99, 0.16]
[36.96, 20.02, 0.21, 0.16]
[36.95, 31.3, 0.97, 0.8]
[36.93, 22.2, 0.2]
[36.92, 28.16, 0.19]
[36.63, 19.54, 0.09]
[36.87, 25.87, 0.15]
[36.64, 20.27, 0.14]
[36.97, 25.45, 0.81]
[37.37, 34.38, 17.45, 1.26, 0.74]
[37.19, 31.0, 1.89, 0.64]
[36.97, 27.0, 0.14]
[37.0, 24.2, 0.34, 0.26]
[37.11, 27.96, 0.41, 0.34]
[36.85, 27.96, 0.66, 0.62]
[37.24, 33.15, 11.76, 0.26]
[36.8, 14.18, 0.35, 0.3]
[36.71, 19.01, 0.17]
[36.94, 22.34, 0.41]
[36.95, 30.31, 0.32]
[37.07, 27.27, 0.63]
[37.18, 33.05, 5.6, 0.87, 0.29]
[36.98, 25.13, 0.57]
[36.81, 23.25, 0.45]
[36.93, 24.56, 1.69, 1.27]
[37.14, 29.67, 0.7]
[37.13, 33.62, 10.05, 0.62, 0.58]
[37.02, 32.41, 4.15, 1.04]
[36.98, 23.36, 0.36]
[36.75, 30.09, 0.26]
[36.77, 23.56, 0.55, 0.5]
[37.08, 27.13, 0.12]
[37.05, 34.57, 15.5, 0.29]
[37.27, 31.99, 2.52, 0.44]
[37.12, 24.8, 0.23, 0.15]
[37.0, 31.71, 1.45, 0.74]
[37.03, 32.26, 4.02, 1.01, 0.9]
[37.04, 27.41, 0.47]
[36.62, 20.92, 0.61, 0.51]
[37.16, 32.48, 4.1, 1.5, 1.14]
[36.83, 30.56, 0.4, 0.33]
[37.16, 26.01, 0.33]
[36.73, 15.82, 0.47, 0.19]
[36.74, 24.33, 0.22]
[36.94, 31.75, 0.28]
[36.5, 21.24, 0.05]
[36.52, 23.85, 0.24]
[36.65, 20.01, 0.14]
[36.79, 29.28, 0.35]
[36.79, 24.3, 0.03]
[36.94, 29.62, 0.59]
[36.71, 27.19, 0.26]
[36.93, 30.57, 1.07, 0.96]
[37.07, 30.18, 0.85]
[37.01, 28.97, 0.7]
[37.25, 36.25, 24.84, 0.7]
[36.73, 27.47, 0.2]
[36.82, 21.58, 0.09]
[37.02, 31.73, 1.11, 0.97]
[36.82, 21.03, 0.09]
[37.21, 30.71, 1.03]
[37.15, 31.32, 1.1, 0.75]
[37.11, 30.08, 0.37]
[37.04, 32.69, 6.44, 0.53, 0.49]
[36.94, 30.38, 0.12]
[37.15, 29.23, 2.05, 1.05]
[36.87, 33.06, 5.61, 0.39, 0.21]
[37.06, 29.41, 0.55]
[36.85, 22.56, 0.4, 0.25]
[37.0, 29.79, 0.28]
[37.03, 31.45, 1.7, 1.31]
[36.58, 17.77, 0.55, 0.08]
[36.67, 25.91, 0.21]
[37.22, 27.61, 0.37, 0.26]
[36.9, 30.88, 1.12, 0.79]
[37.14, 30.02, 0.39]
[36.81, 20.06, 0.16]
[36.99, 30.4, 2.2, 1.02]
[36.97, 28.54, 0.44, 0.32]
[36.98, 32.65, 6.36, 0.99, 0.93]
[37.27, 34.04, 2.65, 1.06]
[36.96, 23.57, 0.11]
[37.01, 33.19, 11.02, 0.75, 0.63]
[37.07, 31.3, 2.2, 1.4]
[36.84, 15.05, 0.22, 0.17]
[37.11, 25.62, 0.22, 0.15]
[36.9, 25.11, 0.5]
[36.8, 27.99, 0.34]
[36.78, 18.79, 0.12]
[36.78, 29.22, 1.35, 1.18]
[37.09, 32.79, 2.85, 0.42, 0.34]
[37.0, 31.76, 0.49]
[37.06, 33.46, 3.44, 0.69, 0.65]
[37.06, 31.43, 1.37, 1.09]
[36.91, 33.0, 9.12, 0.22]
[37.05, 24.8, 0.25]
[37.26, 32.06, 5.35, 0.34]
[36.88, 31.67, 2.41, 1.46]
[37.02, 34.16, 9.6, 0.22]
[37.01, 32.68, 2.16, 0.78]
[36.75, 24.38, 0.21]
[37.08, 29.17, 0.62, 0.48]
[36.91, 31.91, 0.9, 0.56]
[36.82, 34.12, 4.74, 0.56, 0.38]
[36.77, 30.11, 0.66]
[36.99, 31.8, 6.91, 0.67, 0.59]
[36.84, 13.66, 0.23, 0.08]
[36.87, 29.87, 0.59, 0.38]
[37.12, 32.15, 5.17, 1.22, 0.88]
[36.83, 20.96, 0.17, 0.1]
[36.84, 25.85, 0.17]
[37.04, 26.3, 0.26]
[37.04, 32.5, 1.32, 0.92]
[36.82, 23.92, 0.39, 0.26]
[36.97, 24.83, 0.21, 0.1]
[36.98, 28.59, 1.47, 0.54]
[37.22, 33.0, 6.03, 0.94, 0.86]
[37.07, 30.9, 0.5]
[36.75, 22.7, 0.68, 0.63]
[37.2, 24.06, 0.35]
[36.72, 29.13, 0.17]
[37.05, 31.09, 0.39]
[36.68, 21.36, 0.37]
[36.92, 27.99, 0.15]
[36.66, 13.9, 0.09]
[36.81, 19.3, 0.11]
[37.25, 34.25, 15.34, 0.37, 0.34]
[37.09, 32.49, 2.56, 1.09]
[36.99, 32.49, 0.97, 0.8]
[36.8, 21.78, 0.09]
[37.17, 31.71, 1.75, 0.9]
[36.97, 26.81, 0.32, 0.24]
[36.75, 23.92, 0.15]
[37.0, 34.62, 8.62, 0.48, 0.38]
[37.0, 33.23, 5.39, 0.35, 0.31]
[37.07, 30.18, 0.86]
[36.84, 23.79, 0.31]
[36.83, 30.83, 0.79, 0.67]
[36.98, 34.19, 10.63, 0.57, 0.45]
[36.8, 31.7, 0.62, 0.48]
[37.1, 34.03, 10.82, 1.03, 0.96]
[36.99, 28.96, 0.27]
[36.72, 28.26, 1.21, 0.88]
[36.86, 20.87, 0.24, 0.19]
[36.95, 24.85, 0.19]
[36.83, 21.19, 0.42]
[36.93, 27.74, 0.37]
[36.94, 30.25, 0.42]
[37.16, 26.39, 0.2]
[36.72, 23.26, 0.25]
[36.76, 22.98, 0.07]
[37.17, 35.86, 15.84, 0.18]
[36.87, 30.23, 0.58]
[36.78, 32.81, 5.9, 0.75, 0.51]
[37.03, 31.86, 3.21, 0.83]
[37.11, 30.4, 3.04, 1.56]
[37.11, 27.45, 0.26]
[36.79, 33.37, 5.77, 0.36, 0.18]
[36.91, 29.74, 0.78, 0.53]
[36.59, 12.72, 0.33, 0.15]
[36.93, 34.74, 5.13, 0.57, 0.32]
[36.92, 26.61, 0.16]
[36.94, 23.6, 0.35]
[36.99, 27.59, 0.4]
[37.11, 33.62, 7.21, 0.28, 0.11]
[36.83, 25.21, 0.15]
[37.03, 25.25, 0.34]
[37.16, 30.84, 2.3, 1.55]
[37.08, 31.23, 0.3]
[37.02, 27.94, 0.87, 0.59]
[37.3, 29.36, 0.16]
[36.81, 30.31, 1.09]
[37.07, 25.72, 0.13]
[37.16, 32.93, 3.27, 1.49]
[36.91, 25.3, 0.03]
[37.01, 31.1, 2.06, 0.84]
[37.12, 34.43, 3.95, 0.34, 0.22]
[37.13, 32.52, 1.93, 1.5]
[37.01, 31.84, 5.54, 0.98, 0.9]
[36.8, 33.17, 10.33, 0.41]
[36.56, 14.61, 0.37, 0.16]
[37.01, 33.4, 17.45, 0.87, 0.48]
[36.95, 28.86, 0.43]
[36.81, 28.13, 0.31]
[37.2, 25.38, 0.22]
[37.13, 31.43, 2.0, 0.7]
[36.87, 22.48, 0.26]
[36.92, 21.87, 0.1]
[37.35, 33.44, 6.3, 0.6, 0.45]
[36.89, 21.98, 0.09]
[36.81, 25.87, 0.24]
[36.93, 26.69, 0.24]
[37.14, 33.12, 1.69, 0.93]
[36.82, 32.64, 3.58, 1.68]
[36.86, 26.49, 0.28]
[36.68, 15.83, 0.35, 0.22]
[36.86, 24.2, 0.15]
[36.89, 24.78, 0.66, 0.58]
[36.86, 19.16, 0.17]
[37.01, 33.83, 10.82, 0.84]
[36.84, 31.42, 1.17, 1.07]
[36.83, 26.3, 0.38]
[37.18, 31.55, 1.77, 0.69]
[36.95, 35.28, 21.03, 0.51]
[36.8, 28.0, 1.8, 0.49]
[37.18, 31.35, 1.29, 0.68]
[36.78, 27.1, 0.33]
[36.91, 25.82, 0.17]
[37.25, 33.6, 1.72, 1.25]
[36.7, 12.8, 0.16]
[36.98, 24.25, 0.25, 0.19]
[37.18, 28.57, 0.71, 0.53]
[36.84, 31.28, 0.88]
[36.99, 30.73, 0.63]
[37.0, 31.14, 2.53, 0.34]
[37.1, 33.34, 2.75, 0.88]
[36.79, 25.7, 0.05]
[37.13, 29.83, 7.43, 1.2]
[36.9, 28.6, 1.13, 0.81]
[36.99, 25.76, 0.24]
[37.11, 29.65, 3.98, 1.32]
[36.83, 30.98, 2.27, 1.16]
[36.59, 24.42, 0.09]
[36.82, 31.87, 1.86, 0.82]
[37.02, 29.27, 0.57, 0.34]
[36.87, 23.05, 0.23]
[36.8, 10.88, 0.42, 0.19]
[36.94, 25.11, 0.1]
[36.85, 32.02, 2.24, 1.38]
[37.14, 29.58, 0.52, 0.42]
[37.06, 30.56, 1.16, 0.74]
[36.8, 34.16, 12.56, 0.26]
[36.72, 23.99, 0.22]
[36.84, 26.67, 0.11]
[36.64, 20.42, 0.14, 0.0]
[36.79, 18.59, 0.19, 0.11]
[37.13, 22.33, 0.04]
[37.08, 30.45, 0.23]
[36.93, 26.05, 0.18]
[37.03, 31.78, 0.98]
[37.05, 27.69, 1.4, 1.02]
[37.21, 30.07, 2.2, 0.65]
[37.26, 29.43, 0.35]
[37.02, 32.31, 3.04, 0.5]
[36.69, 27.27, 0.24]
[36.86, 25.27, 0.6, 0.36]
[36.96, 32.52, 1.83, 0.55]
[37.28, 33.18, 8.44, 0.27]
[36.99, 23.74, 0.34]
[36.67, 25.79, 0.46]
[36.68, 23.54, 0.44, 0.34]
[36.93, 29.63, 0.84, 0.47]
[37.07, 27.49, 0.26]
[36.98, 31.08, 2.05, 0.68]
[36.92, 21.12, 0.17]
[36.82, 23.65, 0.1]
[37.27, 33.16, 1.26, 0.54]
[36.72, 25.93, 0.22]
[37.02, 28.82, 0.45]
[36.75, 21.62, 0.23, 0.15]
[37.47, 36.03, 29.22, 1.94, 1.32]
[36.73, 28.94, 0.07]
[37.15, 32.44, 0.99, 0.89]
[37.06, 25.15, 0.35]
[37.11, 34.59, 11.07, 0.23]
[36.8, 22.57, 0.38]
[36.99, 31.92, 2.03, 1.23, 0.88]
[37.03, 28.39, 0.61, 0.56]
[37.03, 34.06, 8.72, 0.23]
[36.85, 29.95, 0.87, 0.53]
[36.89, 25.25, 0.29, 0.24]
[37.12, 32.1, 3.9, 1.02, 0.91]
[37.23, 25.89, 0.28]
[36.8, 18.88, 0.37, 0.32]
[37.11, 27.19, 0.36]
[36.93, 26.05, 1.04, 0.72]
[36.95, 30.68, 0.73]
[36.88, 30.37, 0.45]
[36.72, 27.28, 0.54]
[36.92, 30.72, 1.07, 0.69]
[36.72, 26.22, 0.46, 0.42]
[37.04, 33.71, 3.73, 1.37]
[37.2, 35.11, 19.68, 0.57]
[37.18, 30.76, 0.73, 0.65]
[37.04, 29.0, 0.51]
[37.02, 28.55, 0.68, 0.58]
[36.82, 26.7, 0.4]
[36.99, 32.92, 12.32, 1.29, 0.91]
[37.01, 30.5, 4.79, 0.42]
[37.07, 24.18, 0.35]
[37.15, 32.35, 1.57, 0.91, 0.82]
[37.11, 28.68, 1.36, 1.13]
[36.69, 28.41, 0.32, 0.26]
[37.22, 22.34, 0.21, 0.15]
[36.93, 29.97, 3.45, 1.5]
[36.7, 22.57, 0.12]
[36.99, 28.58, 0.2]
[37.07, 30.3, 2.47, 0.64]
[36.87, 26.64, 0.39]
[36.97, 29.17, 0.85]
[36.98, 24.01, 0.33]
[37.2, 27.37, 0.93, 0.49]
[36.86, 32.66, 7.78, 0.56]
[37.32, 30.46, 0.81]
[37.01, 34.05, 10.03, 0.47]
[36.95, 22.89, 0.09]
[37.12, 29.83, 0.59]
[37.05, 22.66, 0.16]
[36.75, 18.46, 0.13]
[36.99, 33.9, 8.21, 1.84, 1.82]
[37.09, 30.13, 0.27]
[36.76, 31.44, 2.98, 1.25]
[36.94, 25.66, 0.38]
[36.77, 18.1, 0.24]
[37.18, 31.69, 0.4]
[37.07, 29.81, 0.25]
[36.69, 17.05, 0.03]
[36.76, 7.64, 0.43, 0.34]
[37.11, 30.37, 0.57, 0.54]
[36.98, 28.41, 2.02, 0.66]
[36.99, 25.89, 0.35]
[36.97, 25.54, 0.93, 0.82]
[36.72, 25.65, 1.14]
[36.94, 27.01, 0.06]
[36.61, 22.82, 0.11]
[36.88, 29.98, 3.17, 1.29]
[36.83, 21.69, 0.8]
[36.63, 22.08, 0.28]
[37.19, 32.26, 1.09, 0.84]
[37.14, 34.95, 14.8, 0.26]
[36.98, 31.34, 0.48]
[37.13, 33.53, 2.09, 0.93]
[36.94, 27.73, 0.25]
[37.21, 35.66, 20.13, 0.06]
[36.79, 29.41, 1.07, 0.84]
[37.12, 33.59, 14.83, 0.48]
[36.82, 27.81, 0.78]
[36.75, 21.1, 0.03]
[36.85, 24.15, 0.39, 0.33]
[36.84, 31.47, 1.68, 0.65]
[37.1, 34.7, 11.68, 0.5, 0.2]
[36.86, 23.22, 0.3]
[37.39, 32.04, 1.16]
[36.95, 24.12, 0.68]
[37.05, 21.69, 0.37, 0.32]
[36.78, 25.11, 0.25]
[37.22, 33.73, 9.19, 0.48, 0.35]
[36.88, 26.25, 0.23]
[36.97, 32.43, 1.87, 0.78]
[36.85, 32.78, 7.05, 0.27, 0.12]
[36.8, 33.16, 4.45, 1.63]
[36.96, 23.74, 0.22, 0.15]
[37.05, 32.74, 3.93, 1.19, 0.96]
[36.95, 29.89, 0.57]
[37.22, 34.88, 18.67, 0.3]
[37.06, 33.13, 1.18, 1.04]
[36.98, 26.98, 0.17]
[36.58, 8.15, 0.59, 0.18]
[36.88, 26.52, 0.42]
[36.76, 24.56, 0.07]
[37.13, 30.19, 1.71, 1.21]
[37.02, 26.86, 0.14]
[36.84, 30.09, 1.29, 0.65]
[36.69, 28.72, 0.41, 0.29]
[37.02, 32.49, 4.32, 2.57, 1.76]
[36.93, 24.17, 0.15]
[36.91, 27.56, 0.49]
[36.82, 20.98, 0.24, 0.16]
[36.75, 23.69, 0.3, 0.24]
[37.06, 33.85, 5.29, 0.24]
[37.06, 30.69, 0.97, 0.83]
[36.91, 27.72, 0.19]
[37.16, 27.92, 0.25]
[36.82, 23.79, 0.27]
[36.95, 30.4, 1.35, 1.31]
[37.2, 34.05, 15.97, 1.39, 0.67]
[36.75, 15.92, 0.22]
[36.59, 18.13, 0.17, 0.11]
[36.83, 22.89, 0.03]
[36.85, 29.13, 1.3, 0.65]
[36.82, 19.17, 0.23, 0.14]
[36.75, 27.88, 0.3]
[37.03, 27.84, 0.33]
[36.89, 24.05, 0.22, 0.17]
[36.79, 26.57, 0.34]
[36.85, 27.24, 0.28]
[36.85, 22.84, 0.32]
[36.79, 26.77, 1.0, 0.96]
[37.15, 29.49, 4.38, 0.67, 0.64]
[36.85, 32.12, 2.38, 0.32]
[37.08, 24.82, 0.19, 0.12]
[36.67, 26.26, 0.33, 0.27]
[36.69, 20.71, 0.11]
[36.93, 30.02, 0.54]
[37.09, 22.17, 0.1]
[37.01, 31.56, 1.68, 0.59]
[36.92, 29.1, 0.39]
[36.9, 32.98, 10.73, 0.51, 0.42]
[37.01, 29.12, 0.07]
[37.12, 33.53, 6.69, 0.77, 0.73]
[36.97, 27.45, 0.77]
[37.34, 35.62, 27.94, 4.02, 1.73]
[37.05, 29.97, 0.25]
[36.97, 31.78, 2.75, 1.75]
[37.02, 29.2, 0.35, 0.27]
[36.92, 17.26, 0.11]
[37.05, 32.9, 3.87, 0.51, 0.31]
[36.88, 24.37, 0.3]
[36.94, 23.84, 0.11]
[36.79, 27.47, 0.73, 0.37]
[36.8, 19.01, 0.32, 0.12]
[37.0, 31.66, 0.87]
[36.7, 15.23, 0.17]
[37.03, 35.08, 16.46, 0.17]
[36.65, 26.76, 0.14]
[37.01, 34.22, 19.62, 0.56, 0.37]
[36.78, 19.21, 0.1]
[36.96, 30.04, 0.63]
[36.92, 21.79, 0.2]
[37.19, 32.14, 3.77, 0.78, 0.64]
[36.73, 26.32, 0.32]
[36.67, 28.69, 0.3]
[37.11, 30.5, 0.74, 0.45]
[36.92, 25.06, 0.6, 0.54]
[36.58, 18.01, 0.29, 0.18]
[37.17, 29.82, 0.89]
[37.12, 32.64, 8.59, 0.46]
[36.85, 25.69, 0.28]
[36.81, 17.96, 0.45, 0.32]
[36.76, 26.0, 0.17]
[36.92, 33.2, 11.06, 0.62, 0.57]
[37.07, 33.55, 1.81, 1.3]
[37.0, 30.33, 0.81]
[36.7, 23.18, 0.48, 0.42]
[37.19, 32.33, 7.58, 0.34]
[36.85, 26.97, 0.17]
[37.07, 31.1, 2.38, 0.92]
[36.31, 17.73, 0.28, 0.14]
[36.72, 29.28, 0.81, 0.44]
[36.86, 25.81, 0.88, 0.8]
[37.14, 23.33, 0.18]
[36.87, 21.59, 0.18, 0.1]
[37.11, 18.48, 0.32]
[36.77, 22.03, 0.1]
[36.94, 30.5, 1.48]
[37.0, 27.36, 0.16]
[36.87, 26.8, 0.53, 0.36]
[36.63, 22.37, 0.28]
[37.2, 30.15, 1.0, 0.89]
[36.7, 24.82, 0.25, 0.18]
[36.97, 25.79, 0.62]
[36.83, 29.9, 0.74, 0.49]
[36.61, 24.25, 0.19, 0.12]
[36.75, 20.39, 0.26]
[36.94, 30.41, 0.52]
[36.74, 24.75, 0.34]
[37.36, 32.56, 2.91, 1.41]
[36.77, 22.89, 0.25]
[36.83, 27.41, 0.4, 0.35]
[37.58, 35.99, 29.19, 6.69, 1.86]
[36.94, 24.15, 0.14]
[37.04, 32.49, 4.06, 0.76, 0.52]
[37.01, 31.08, 4.62, 0.79, 0.75]
[36.94, 27.66, 0.54]
[37.11, 28.96, 0.76]
[37.05, 33.7, 10.67, 0.6, 0.55]
[36.9, 29.07, 0.4]
[36.96, 30.69, 3.37, 0.42, 0.3]
[36.94, 24.41, 0.59]
[36.85, 24.15, 0.22]
[36.95, 25.31, 0.04]
[36.77, 28.34, 0.33]
[37.0, 29.94, 0.54]
[37.2, 25.5, 0.47]
[36.7, 22.87, 0.27, 0.19]
[36.68, 30.22, 0.93]
[36.89, 30.84, 2.4, 1.12]
[36.68, 15.51, 0.36, 0.19]
[36.54, 17.68, 0.32, 0.23]
[36.93, 26.5, 0.26]
[37.06, 33.97, 5.95, 0.34, 0.24]
[36.77, 16.61, 0.25, 0.18]
[36.95, 29.68, 0.52, 0.48]
[36.58, 21.53, 0.32]
[36.81, 28.13, 0.67, 0.38]
[37.02, 28.01, 0.15]
[37.24, 32.54, 10.07, 2.01, 1.87]
[37.03, 29.83, 1.05, 0.45]
[36.85, 30.68, 1.96, 0.42]
[37.17, 35.23, 20.64, 0.08]
[36.98, 32.62, 11.61, 1.06, 1.02]
[36.76, 28.71, 0.59, 0.33]
[36.84, 12.65, 0.24]
[37.16, 31.12, 1.64, 0.48]
[36.58, 18.17, 0.12]
[37.16, 30.44, 7.4, 2.35, 2.32]
[37.01, 29.35, 0.31]
[37.18, 31.75, 2.13, 1.23]
[37.0, 29.27, 0.26]
[36.5, 7.92, 0.44, 0.16]
[36.6, 26.01, 1.35, 0.98, 0.72]
[37.04, 19.23, 0.14, 0.08]
[36.61, 22.75, 0.11]
[37.04, 30.42, 0.39]
[37.3, 29.08, 3.93, 0.62]
[36.68, 28.0, 0.19]
[37.01, 32.91, 2.43, 1.0]
[36.93, 28.6, 0.29, 0.17]
[37.14, 20.31, 0.16]
[37.2, 31.88, 0.86]
[36.98, 31.4, 0.24]
[36.54, 14.76, 0.15]
[37.1, 30.09, 0.55]
[36.47, 20.48, 0.11]
[37.05, 34.83, 12.07, 0.2]
