[999, 994]
[999]
[999, 996, 994]
[999, 998]
[999]
[999]
[999, 998]
[999, 994]
[999, 998, 997]
[999]
[999, 997]
[999, 997, 995]
[999]
[999, 996, 994]
[999, 997]
[999, 996]
[999, 998]
[999, 994, 993]
[999, 996]
[999]
[999]
[999, 997]
[999, 996]
[999, 996]
[999, 997]
[999]
[999, 998]
[999, 997]
[999, 998]
[999]
[999, 998]
[999, 998]
[999, 997]
[999]
[999]
[999, 997]
[999, 998]
[999, 996]
[999]
[999, 998]
[999, 998]
[999]
[999, 998]
[999]
[999]
[999, 997]
[999]
[999, 993, 992]
[999, 993]
[999, 998]
[999]
[999, 995]
[999, 998]
[999, 995]
[999, 998]
[999]
[999, 997]
[999, 996]
[999, 997]
[999, 998]
[999, 997]
[999, 997]
[999, 998]
[999, 995, 994]
[999, 998]
[999, 998, 997]
[999, 998]
[999, 997]
[999, 997]
[999, 998]
[999, 997, 996]
[999]
[999, 996]
[999, 996, 995]
[999, 996]
[999, 994, 992]
[999, 997]
[999, 998]
[999, 998]
[999, 998]
[999, 998]
[999, 997]
[999]
[999, 994, 993]
[999]
[999, 998]
[999, 995]
[999, 993]
[999, 998, 997]
[999]
[999]
[999, 995, 992]
[999, 997]
[999]
[999]
[999, 996]
[999]
[999]
[999, 998]
[999, 996]
