[999]
[999]
[999]
[999]
[999]
[999]
[999]
[999]
[999]
[999]
[999]
[999]
[999]
[999]
[999]
[999]
[999]
[999]
[999]
[999]
[999]
[999]
[999]
[999]
[999]
[999]
[999]
[999]
[999]
[999]
[999]
[999]
[999]
[999]
[999]
[999]
[999]
[999]
[999]
[999]
[999]
[999]
[999]
[999]
[999]
[999]
[999]
[999]
[999]
[999]
[999]
[999]
[999]
[999]
[999]
[999]
[999]
[999]
[999]
[999, 997]
[999]
[999]
[999]
[999]
[999]
[999]
[999]
[999]
[999]
[999, 998]
[999]
[999]
[999]
[999]
[999]
[999]
[999]
[999]
[999]
[999]
[999]
[999]
[999]
[999]
[999, 997, 996]
[999]
[999]
[999]
[999]
[999]
[999]
[999]
[999]
[999]
[999]
[999]
[999]
[999]
[999]
[999]
