[999, 996]
[999, 993, 990]
[999, 986, 963, 952, 949]
[999, 993]
[999, 988, 982, 980]
[999, 982, 970, 964]
[999, 988]
[999, 984, 965]
[999, 988]
[999, 992, 989]
[999, 994, 993]
[999, 996, 992]
[999, 988, 970]
[999, 996]
[999]
[999, 987, 986]
[999, 985, 983, 981]
[999, 977, 949, 929, 925, 924]
[999, 990, 987]
[999, 992]
[999, 971, 915, 866, 738, 733, 728]
[999, 994]
[999, 990]
[999, 996, 994]
[999, 983]
[999, 996]
[999, 984, 977, 976]
[999, 982, 938, 931]
[999, 974, 955]
[999]
[999, 996]
[999, 998]
[999]
[999]
[999, 988]
[999, 997, 993]
[999, 998]
[999, 996]
[999, 997]
[999, 996, 994, 993, 990]
[999, 990, 987]
[999, 994, 993, 992]
[999, 979, 959, 957]
[999, 993, 979]
[999, 991, 987, 975, 972, 971, 968]
[999, 990, 962, 898, 892]
[999, 997]
[999, 994]
[999, 984, 974, 970]
[999, 997, 990]
[999, 997]
[999, 991]
[999, 990, 973, 964]
[999, 987, 970, 967]
[999]
[999]
[999, 995]
[999]
[999, 976, 942, 900, 887, 878]
[999, 998]
[999, 985, 974, 967]
[999, 994, 993]
[999, 975, 967]
[999, 992]
[999, 990, 981, 965]
[999, 980, 953, 951]
[999, 987]
[999, 990, 983, 975]
[999, 996, 987, 974, 972, 970]
[999, 995]
[999, 988]
[999, 993, 992]
[999, 993, 989]
[999, 993, 983]
[999, 997]
[999, 994, 990, 986]
[999, 988, 969]
[999, 990]
[999, 989, 988]
[999, 995]
[999, 983, 979]
[999, 995]
[999, 996, 993]
[999, 984, 969, 957, 956]
[999, 997]
[999, 996]
[999, 993]
[999, 997, 989, 986]
[999, 992, 986]
[999, 994]
[999, 992, 988]
[999, 995]
[999]
[999, 991]
[999, 986]
[999, 991, 982, 979]
[999, 985, 963, 960]
[999]
[999, 983, 975, 973, 972]
[999]
