[999, 997, 996]
[999, 998]
[999]
[999, 996]
[999, 996]
[999]
[999, 998]
[999, 996, 995]
[999, 997]
[999, 997]
[999]
[999, 997]
[999, 998]
[999]
[999, 998]
[999, 996, 995]
[999]
[999, 994, 993]
[999, 998]
[999]
[999, 996]
[999, 997]
[999, 996]
[999, 998]
[999, 995]
[999, 998]
[999, 993, 990]
[999, 997]
[999, 998]
[999, 997]
[999, 996]
[999, 992]
[999, 997]
[999]
[999, 998]
[999]
[999, 998]
[999, 996, 991]
[999, 995, 994]
[999, 994]
[999, 996, 993, 992]
[999, 997]
[999]
[999]
[999, 994]
[999, 998]
[999, 997]
[999, 997]
[999, 995, 993, 992]
[999, 996, 995, 993, 992, 990, 989]
[999, 998]
[999, 996]
[999]
[999, 997]
[999, 997]
[999, 997]
[999]
[999]
[999]
[999, 998]
[999]
[999]
[999, 998]
[999, 998]
[999, 997, 996]
[999, 995]
[999]
[999, 998]
[999]
[999]
[999, 997]
[999, 998]
[999]
[999]
[999]
[999, 998]
[999, 995]
[999]
[999, 998]
[999]
[999, 996]
[999, 996]
[999]
[999, 996]
[999, 993]
[999, 994, 993]
[999, 997]
[999, 998]
[999]
[999, 997]
[999]
[999]
[999]
[999, 998]
[999, 997]
[999, 998]
[999]
[999, 998]
[999, 998]
[999, 997]
