[499]
[499]
[499]
[499]
[499]
[499]
[499]
[499]
[499]
[499]
[499]
[499]
[499]
[499]
[499]
[499]
[499]
[499]
[499]
[499]
[499]
[499]
[499]
[499]
[499]
[499]
[499]
[499]
[499]
[499]
[499]
[499]
[499]
[499]
[499]
[499]
[499]
[499]
[499]
[499]
[499]
[499]
[499]
[499]
[499]
[499]
[499]
[499]
[499]
[499]
[499]
[499]
[499, 497]
[499]
[499]
[499]
[499]
[499]
[499]
[499]
[499]
[499]
[499]
[499]
[499]
[499]
[499]
[499]
[499]
[499]
[499]
[499]
[499]
[499, 498]
[499]
[499]
[499]
[499]
[499]
[499, 498]
[499]
[499]
[499]
[499]
[499]
[499]
[499]
[499]
[499]
[499]
[499]
[499]
[499]
[499]
[499]
[499]
[499]
[499]
[499]
[499]
