[903, 897]
[904, 900]
[905, 885]
[905, 803, 796]
[908, 900]
[905, 886, 884]
[905]
[903, 897]
[902, 901]
[904, 887]
[907, 847, 842]
[906, 753, 741]
[906, 901]
[905, 896]
[904, 873, 872]
[902, 896]
[905, 904]
[903]
[906, 901]
[905, 857, 856]
[908, 896]
[905, 879, 877]
[904, 882]
[906, 903]
[907, 758, 740]
[906, 892]
[909, 826, 823]
[906, 903]
[905, 896]
[903, 892]
[905, 873]
[903, 847, 844, 843, 842]
[905, 812]
[903, 867, 865]
[904, 878]
[903, 895]
[905, 886, 885]
[903, 832]
[906, 905]
[906, 903]
[905, 888]
[903, 881, 880]
[905, 900]
[904, 749, 746, 744]
[905, 881]
[905, 892]
[903, 888, 886]
[908, 892, 891]
[907, 903]
[905, 888]
[905, 903]
[904, 791, 784]
[902, 869]
[905, 863]
[907, 902]
[904, 902]
[907, 898]
[904, 891, 889]
[901, 853]
[903, 840, 839]
[902, 872]
[906, 895]
[905, 892]
[906]
[903]
[905, 839, 836]
[904, 835, 834]
[903, 901]
[902, 850, 843]
[906, 800, 791]
[905, 778, 774]
[905, 879]
[903, 889, 887]
[905, 876]
[904, 843]
[907, 883]
[908, 891, 887]
[903, 889]
[906, 849, 846]
[904, 821]
[904, 897, 896]
[905, 763, 752]
[908, 895]
[904, 890, 889, 888, 887]
[906, 810, 800]
[905, 871, 865]
[903, 877, 876]
[905, 884]
[903, 879, 876]
[903, 897, 894]
[906, 886, 884]
[902, 898]
[906, 773, 765]
[902, 874, 873]
[905, 892, 891]
[905, 882]
[903, 899, 897]
[906, 895]
[907, 801, 796]
[904, 789]
