[908, 901]
[909, 902, 900]
[902, 892]
[905, 896]
[905, 884, 880]
[905, 893]
[905, 890]
[904, 882, 881]
[906, 869, 861, 859, 857]
[903, 898, 895]
[906, 904]
[905, 899]
[905, 893, 889]
[905, 898, 897]
[902, 897, 896, 894]
[903, 887, 884]
[907, 890, 887, 885]
[905, 839, 835]
[908, 893, 890, 888]
[904, 885, 884]
[902, 894, 892, 891]
[905, 901]
[903, 886, 884]
[903, 892, 891]
[902, 885, 879, 878]
[903, 882, 880, 876, 866]
[904, 890]
[910, 900, 898, 897]
[905, 885, 883]
[909, 907]
[903, 885, 882]
[905, 856, 853]
[906, 834, 825, 823]
[901, 885, 880, 879]
[907, 898]
[904, 864, 840, 837, 836]
[904, 902]
[904, 883, 882]
[905, 901]
[902, 883, 878]
[907, 897, 894]
[909, 906]
[902, 895, 894]
[909, 896, 894]
[903, 894]
[903, 876, 875]
[903, 850, 842]
[903, 880, 878]
[906, 889, 885]
[906, 883, 879]
[903, 888, 878, 876]
[906, 889, 886]
[905, 897, 896]
[905, 886]
[903, 863, 858, 857]
[906, 858, 844, 842]
[907, 889, 882]
[904, 897, 894, 892]
[904, 872, 869]
[904, 871, 869]
[912, 873, 871]
[902, 889]
[904, 873, 871]
[905, 865, 859, 858]
[908, 886, 881]
[905, 853, 846]
[906, 886, 878, 877]
[905, 902]
[907, 895, 893]
[906, 859, 851]
[905, 899]
[905, 902, 901]
[904, 896, 895]
[905, 883, 880]
[905, 835, 826]
[905, 897]
[907, 885, 878]
[908, 889]
[904, 900]
[903, 891]
[906, 888, 882, 881]
[906, 867, 863]
[904, 884, 876]
[904, 878, 877]
[905, 886, 885]
[909, 898, 897]
[903, 859, 852]
[904, 891, 889, 888]
[905, 893, 890]
[907, 894, 893, 892]
[906, 883, 880]
[904, 888, 887, 885]
[901, 825, 819, 817, 815]
[906, 890, 888]
[905, 894]
[908, 903, 901]
[904, 896, 889]
[906, 895, 893]
[904, 880]
[903, 891, 887]
