[901, 891]
[904, 894]
[904, 891, 889, 884]
[905, 888, 875, 874, 871]
[903, 888]
[906, 886, 874, 873]
[905, 885, 880, 872]
[904, 889, 884, 876]
[904, 894, 890]
[906, 886, 876]
[906, 898]
[903, 873, 859, 852, 846]
[905, 897]
[903, 902]
[905, 903]
[906]
[906, 899]
[906, 888, 880, 872, 868]
[904, 895]
[907, 893, 888]
[905, 894]
[905, 890, 881, 875]
[905, 902]
[905, 902]
[908, 900]
[904, 899, 897, 888]
[901, 892]
[903, 898, 897]
[907, 898]
[903, 900, 899]
[906, 887, 881]
[904, 901, 899]
[905, 895, 891, 889]
[904, 897]
[906, 892, 882]
[905, 898]
[902, 895, 887, 884, 879]
[905, 895, 892]
[904, 866, 864]
[903, 889, 888]
[905, 902, 901]
[906, 897, 893]
[907, 882, 873, 872]
[901, 896]
[904, 897]
[907, 900, 898]
[904, 875, 853]
[906, 893]
[905, 893, 886]
[905, 891, 874, 858]
[902, 891]
[905, 897]
[905]
[905, 904]
[903, 898]
[907]
[905, 892, 889, 888]
[903, 900]
[905, 886, 878, 871, 870]
[907, 903, 901]
[908, 900, 897]
[900, 898]
[906, 897]
[905, 897]
[906, 898, 891]
[905, 899]
[904, 881, 869]
[904, 898]
[902, 896]
[903, 902]
[906, 892, 886]
[904, 860, 847, 846]
[904, 897, 895]
[903, 901]
[903, 892, 886, 883]
[903, 881, 880, 877, 875]
[905, 892]
[904, 897]
[904, 895]
[902, 894, 893]
[905, 895, 891, 887, 880, 878]
[901, 899, 898]
[907, 897, 891]
[905, 889, 862, 857, 855]
[902, 899]
[907, 900, 896, 894, 892]
[905, 895]
[904, 896, 895]
[904, 895, 893]
[905, 904]
[905, 901]
[903, 857, 855]
[906]
[902, 891]
[905, 896]
[905]
[904, 874, 861, 860]
[905, 903]
[903, 898, 897]
[905, 899, 895]
