[902, 851, 841, 838]
[904, 867, 866]
[904, 839, 812, 809, 805, 804, 803, 802]
[903, 818, 787, 777]
[905, 861, 842]
[905, 858, 843, 836, 830]
[901, 824, 770, 760]
[902, 818, 795, 792]
[906, 788, 772]
[909, 841, 808, 802, 800]
[902, 855, 812, 784, 770, 761]
[905, 841, 796, 782, 780, 779, 778]
[906, 860, 833, 830]
[903, 842, 816, 807, 802, 796]
[903, 857, 820, 799, 787, 785]
[904, 814, 784, 781, 780]
[911, 821, 792, 791]
[905, 818, 793, 792]
[908, 822, 784, 771, 766, 758, 756]
[906, 855, 836, 833]
[903, 861, 840, 838, 837]
[903, 824, 802, 801]
[903, 819, 798, 789, 787]
[904, 844, 821, 804, 802]
[902, 857, 840]
[907, 807, 783, 777, 766]
[903, 860, 836, 833]
[908, 844, 801, 773, 766]
[910, 851, 823, 815, 813, 812]
[904, 852, 829, 820]
[905, 850, 829]
[903, 784, 772]
[906, 768, 758]
[904, 846, 814]
[904, 870, 859, 842, 839, 838]
[905, 871, 863, 846, 812, 804, 800, 798]
[903, 849, 830]
[905, 856, 835, 821, 813]
[901, 846, 817, 802, 797]
[906, 864, 839, 830, 810, 804, 791, 789]
[905, 865, 859]
[906, 847, 813, 808, 807]
[904, 859, 846, 843]
[902, 862, 858]
[907, 829, 786, 770, 762, 761]
[908, 831, 814, 812]
[905, 792, 774]
[904, 860, 849]
[901, 812, 786, 784, 780, 777, 773]
[905, 874, 872, 869]
[904, 851, 829, 807, 793, 791, 787]
[903, 826, 792, 784, 774]
[904, 824, 803, 792, 789]
[906, 833, 809]
[904, 841, 823, 819]
[903, 810, 761, 748]
[904, 855, 832, 828]
[906, 849, 819, 800, 793, 792]
[901, 863, 853, 849]
[906, 848, 829, 813, 802, 797]
[904, 841, 821, 812, 807, 801, 799, 796]
[909, 853, 832, 824, 821, 816, 798, 779]
[904, 817, 774, 763, 761]
[903, 844, 815, 813]
[904, 768, 765]
[909, 800, 765, 762]
[907, 850, 836]
[903, 841, 827, 805, 790, 788, 781, 779]
[902, 845, 816, 806, 802]
[906, 859, 839, 827, 818]
[902, 847, 838]
[905, 842, 821, 814, 813]
[905, 821, 804, 802]
[906, 873, 872]
[907, 854, 819, 785, 771, 762, 760]
[905, 854, 830, 810, 807]
[905, 866, 863]
[904, 841, 817, 813]
[907, 836, 811, 800, 794, 783, 781]
[903, 803, 779, 761, 749]
[906, 793, 767, 765]
[903, 862, 856, 852]
[905, 825, 769, 759, 757, 753]
[902, 815, 784, 772, 759, 758]
[905, 860, 844, 843]
[907, 819, 812]
[907, 851, 811, 786, 779, 778]
[902, 797, 780, 776, 774]
[903, 858, 845]
[907, 855, 821, 782, 763, 757, 754]
[905, 823, 792, 787, 786]
[908, 851, 798, 780, 774]
[902, 829, 809, 804]
[905, 795, 771, 770]
[903, 782, 771]
[905, 819, 775, 757]
[903, 801, 782, 775, 772]
[908, 836, 796, 786, 773, 766, 755, 752]
[907, 870, 869]
[905, 853, 822, 808, 798, 794]
