[907, 893]
[906, 903, 902]
[905, 888, 885]
[904, 867, 862]
[905, 886, 884]
[902, 886]
[902, 885, 881]
[904, 859, 854, 853]
[903, 883, 881]
[906, 893, 889]
[902, 887, 885]
[907, 885]
[906, 904]
[905, 893, 889]
[902, 877, 871, 870]
[907, 900, 899]
[908, 899]
[907, 896]
[903, 875, 874]
[903, 891, 889]
[903, 894]
[905, 873]
[903, 860, 857]
[902, 890]
[906, 881, 877]
[905, 903]
[906, 904]
[907, 886, 883]
[907, 890]
[905, 885, 881]
[904, 886, 885]
[907, 886, 885]
[905, 896]
[906, 878, 874, 873]
[905, 884, 874]
[903, 887]
[904, 895]
[902, 895]
[904, 900]
[906, 891, 889]
[904, 891, 888, 887]
[908, 903, 901]
[904, 897, 895]
[907, 895]
[906, 904]
[903, 882, 881]
[905, 895]
[907, 906]
[907, 896, 895]
[905, 888, 885, 881, 870]
[906, 897]
[906, 891, 890]
[902, 882]
[903, 892, 885]
[904, 887]
[909, 892]
[903, 902]
[902, 889, 885]
[906, 881]
[908, 896, 894]
[907, 898, 897]
[905, 899]
[904, 894, 891]
[905, 878, 875]
[910, 871, 868]
[908, 904, 902]
[903, 885, 884]
[905, 893, 891]
[907, 888, 887]
[908, 898]
[907, 898]
[903, 873, 871]
[904, 872, 871]
[905, 884, 883]
[904, 889, 887]
[908, 885]
[906, 898]
[902, 898]
[906, 891]
[904, 898, 893]
[903, 876, 874]
[902, 862, 850]
[903, 893]
[906, 903]
[903, 892, 891]
[906, 894, 891]
[908, 901]
[906, 888, 887, 886]
[906, 860, 852, 850]
[905, 890]
[904, 890]
[905, 886, 883]
[901, 881, 880]
[901, 888]
[906, 884]
[906, 897]
[903, 890]
[903, 890, 887]
[908, 903, 902]
[902, 901]
