[903]
[906, 895, 889, 888]
[905, 894]
[903, 898]
[906, 896, 884, 880]
[912, 895]
[905, 899, 887, 877]
[905]
[903, 887]
[905, 894]
[903, 901]
[905, 893, 891, 887]
[906, 905]
[904]
[906, 894, 888, 886]
[905, 899]
[904, 896, 895, 894]
[902]
[905, 891, 889]
[906, 890]
[906, 893, 885, 884]
[904, 892]
[904, 899, 889, 888]
[907]
[906, 898]
[903, 895]
[906, 900]
[904, 892]
[904, 899]
[904, 895]
[905, 900, 897]
[904]
[905, 904]
[906, 901]
[903, 891]
[903, 902]
[905, 897, 896]
[906, 896, 895]
[908, 897, 896]
[906]
[902, 901]
[904, 896]
[907, 901, 891]
[906, 895, 893]
[905, 898, 896]
[905, 898, 897]
[902, 899]
[905, 898]
[907, 901, 899]
[907, 890, 884]
[906, 904]
[902, 892, 884]
[906, 903]
[907, 903, 900]
[905, 896, 887]
[907, 892]
[908, 907]
[908, 907]
[905]
[910, 908, 905, 904]
[903, 902, 898, 897]
[907, 904]
[905, 886]
[902, 899, 897, 890, 889]
[907, 906]
[906, 900, 891]
[904, 899]
[902, 895, 894]
[902, 889]
[907, 893, 887, 885]
[904]
[904, 902, 900]
[905, 898, 892]
[909]
[904, 899, 897, 894]
[911, 901]
[903, 901]
[904, 897]
[908, 906]
[903, 895]
[901, 900, 898]
[909, 908]
[906, 898, 896]
[904, 900]
[902, 872, 866]
[902, 893, 892, 891]
[904, 898]
[905, 902]
[911, 888, 887]
[906, 905]
[906]
[908, 905]
[903]
[903, 902, 895, 893]
[903, 900]
[902, 895, 886, 882]
[901, 899]
[904, 890, 886]
[905, 898]
[903, 902]
