[452, 412, 405, 403]
[452, 447, 446]
[453, 449, 448]
[453, 448]
[455, 434]
[452, 402, 386, 385]
[451, 445]
[455]
[452, 444]
[454, 446, 444]
[450, 447, 445]
[451, 446, 443]
[451, 443]
[452, 435]
[453]
[452, 438]
[452, 424, 423]
[453, 446]
[452, 417, 409, 404, 403]
[451, 446]
[454, 447, 444, 442]
[454, 449]
[455, 453]
[450, 442]
[455]
[450, 442, 441]
[451, 435, 430, 429]
[453, 416, 412]
[453, 427, 425, 424]
[454, 438]
[452, 441, 439, 438]
[451, 435]
[453, 451, 449]
[451, 445]
[450, 448]
[451, 444]
[452, 442, 441]
[451, 441]
[453, 447, 446]
[452, 395, 393]
[453, 452]
[450, 448, 447]
[453, 452]
[452, 449]
[452, 443]
[452, 437]
[453, 450]
[455, 445, 444]
[454, 440]
[453, 452]
[453, 441]
[452, 449]
[451, 448, 447]
[452, 448]
[452, 439, 438]
[452, 449]
[453, 445]
[456, 454, 453]
[453, 444, 438, 435]
[455, 449]
[451, 448]
[453, 450, 447]
[452, 450]
[453, 405, 404]
[450]
[452, 441]
[454, 440, 436, 434]
[453, 434, 432, 431]
[453, 442]
[452, 446]
[451, 443]
[450, 448, 445]
[452, 446]
[454, 433, 426, 425]
[454, 452]
[454, 444]
[453, 451]
[451, 410, 408]
[451, 433, 428]
[454, 452, 451, 450]
[453, 441, 439, 438]
[452, 436, 433]
[452, 449, 448]
[452, 440]
[451, 398, 387, 384]
[452, 448]
[455]
[453, 452]
[452, 430]
[452, 451]
[452, 446]
[452, 442, 435, 432]
[451, 445]
[455, 453]
[450, 431, 426, 425]
[452, 437]
[452, 449]
[451, 407, 403]
[451, 443]
[450, 425, 420]
