[22.72, 1.17, 0.53]
[22.31, 0.84]
[21.93, 0.45]
[22.18, 0.48]
[22.27, 1.99, 0.67, 0.62]
[22.84, 3.07, 0.83]
[22.46, 2.67, 0.79]
[22.75, 2.0, 0.87]
[22.09, 0.7]
[21.55, 0.32, 0.31]
[22.0, 0.49]
[21.97, 0.41]
[21.66, 0.33, 0.29]
[22.61, 2.02, 1.43]
[22.35, 1.23, 0.89]
[21.59, 0.26]
[21.01, 0.42]
[22.05, 0.43, 0.4]
[21.84, 0.61, 0.58]
[22.25, 3.19, 0.7]
[22.29, 1.83, 0.7]
[22.1, 0.47]
[22.29, 0.55]
[22.05, 1.34, 0.67]
[22.29, 0.62, 0.51]
[21.3, 0.5]
[21.48, 0.22]
[22.27, 0.57]
[22.75, 4.52, 0.72, 0.57]
[22.27, 0.55]
[21.89, 0.38]
[21.25, 0.48]
[21.79, 0.46]
[21.94, 0.52, 0.5]
[22.13, 0.67, 0.56]
[22.22, 0.8]
[22.27, 0.56]
[21.86, 0.43]
[20.62, 0.23]
[21.74, 0.51]
[22.06, 0.68]
[22.59, 1.12, 0.9]
[21.26, 0.35]
[21.99, 0.59, 0.57]
[22.23, 0.98, 0.7]
[21.59, 0.32]
[21.59, 0.59]
[22.19, 0.87, 0.66]
[22.42, 0.75]
[22.01, 0.67]
[21.74, 0.39]
[22.57, 0.98, 0.79]
[21.09, 0.24]
[21.16, 0.32]
[21.46, 0.39]
[21.68, 0.38]
[21.79, 0.55]
[22.21, 0.76, 0.66]
[22.06, 0.89, 0.66]
[22.08, 0.49]
[21.73, 0.6, 0.6]
[21.73, 0.43]
[22.09, 1.06, 0.71]
[22.46, 0.76]
[21.71, 0.48]
[22.61, 1.16, 1.12]
[21.59, 0.39, 0.37]
[21.71, 0.38]
[21.61, 0.65]
[22.14, 0.55]
[22.01, 0.63, 0.58]
[22.02, 0.53]
[21.93, 0.48]
[22.06, 0.96, 0.89]
[22.43, 0.61, 0.57]
[22.15, 0.5, 0.44]
[21.7, 0.31]
[22.03, 0.46]
[22.24, 0.64]
[22.61, 0.81, 0.68]
[21.09, 0.33]
[21.65, 0.9, 0.71]
[21.46, 0.44, 0.42]
[22.04, 0.78, 0.56]
[21.9, 1.26, 0.69]
[21.99, 0.79]
[21.89, 0.65, 0.65]
[22.03, 0.66]
[22.7, 1.65, 1.04]
[22.47, 0.87, 0.74]
[22.45, 1.7, 0.9]
[22.02, 0.49]
[21.64, 0.54]
[22.54, 0.55]
[22.18, 0.57, 0.52]
[22.09, 0.6]
[22.25, 2.01, 1.05]
[21.92, 0.72]
[22.22, 0.77, 0.71]
[21.78, 0.53]
[21.69, 0.32]
[22.42, 0.52]
[21.88, 0.45]
[22.11, 0.51, 0.48]
[22.44, 0.72]
[22.09, 0.86, 0.6]
[20.83, 0.25]
[21.68, 0.67]
[21.82, 0.38]
[21.25, 0.41, 0.38]
[21.84, 0.71]
[21.33, 0.29]
[22.39, 1.25, 0.88]
[21.11, 0.35]
[22.17, 0.31]
[21.93, 0.33]
[22.3, 0.81, 0.45]
[22.3, 1.14, 0.95]
[22.7, 5.88, 0.84, 0.67]
[21.74, 0.66]
[21.51, 0.24]
[21.7, 0.33]
[21.08, 0.37]
[21.41, 0.31]
[21.86, 0.6, 0.51]
[21.89, 0.36]
[21.88, 0.34]
[21.75, 0.37, 0.35]
[21.03, 0.41]
[21.61, 0.72]
[21.64, 0.46]
[21.86, 0.57]
[21.62, 0.34]
[20.95, 0.27]
[21.38, 0.25]
[21.97, 0.44]
[22.24, 0.71, 0.67]
[21.56, 0.64]
[21.06, 0.34]
[21.11, 0.35]
[22.05, 0.36]
[22.34, 0.68]
[21.25, 0.28]
[22.13, 0.35]
[22.45, 1.3, 0.95]
[21.75, 0.46]
[22.41, 1.5, 1.34]
[22.0, 0.44]
[21.75, 0.46]
[21.28, 0.3]
[21.74, 0.28]
[21.1, 0.34]
[21.8, 0.37]
[21.99, 0.66, 0.65]
[21.76, 0.5, 0.44, 0.42]
[21.59, 0.49]
[22.62, 1.9, 1.08, 1.0]
[21.45, 0.43]
[21.91, 0.46]
[21.8, 0.69, 0.57]
[21.93, 0.58, 0.5]
[21.95, 0.43]
[22.88, 3.23, 0.73]
[21.77, 0.48]
[22.56, 0.84]
[22.19, 0.56, 0.52]
[22.13, 0.74, 0.69]
[21.81, 0.61]
[22.2, 0.65]
[22.43, 2.37, 1.08, 0.96]
[21.49, 0.29]
[21.31, 0.35]
[22.3, 0.71, 0.58]
[21.34, 0.43]
[22.46, 1.87, 0.64]
[21.98, 0.45]
[21.67, 0.53]
[22.33, 0.67, 0.64]
[22.5, 1.12, 0.54]
[21.42, 0.47]
[22.08, 1.7, 0.58]
[22.35, 1.41, 0.81]
[21.49, 0.3]
[21.52, 0.45]
[21.73, 0.54]
[21.54, 0.35]
[21.63, 0.47, 0.39]
[21.66, 0.28]
[22.15, 0.37]
[22.81, 2.7, 0.56]
[21.79, 0.39]
[22.17, 0.57, 0.54]
[22.19, 1.24, 0.68]
[21.83, 0.4]
[22.57, 1.45, 1.24]
[21.87, 0.65, 0.58]
[22.02, 0.53]
[21.93, 0.5, 0.48]
[22.56, 1.81, 0.79]
[21.21, 0.36]
[22.54, 0.96, 0.88]
[22.36, 1.01, 0.77]
[22.54, 0.8]
[22.38, 1.98, 0.99]
[21.76, 0.46]
[22.27, 0.7, 0.61]
[22.08, 0.92, 0.89]
[22.29, 0.84, 0.8]
[21.57, 0.58]
[22.11, 0.99, 0.91]
[22.27, 1.55, 0.77]
[21.55, 0.4]
[21.99, 0.46]
[22.27, 0.69]
[22.16, 0.8, 0.61]
[21.67, 0.32]
[21.59, 0.56, 0.5]
[21.11, 0.33]
[22.39, 0.78, 0.69]
[22.01, 0.79, 0.71]
[20.77, 0.22]
[22.43, 0.94, 0.83]
[21.68, 0.6, 0.46]
[21.85, 0.55]
[21.5, 0.42, 0.41]
[21.22, 0.31]
[21.8, 0.54]
[21.43, 0.45]
[22.23, 0.72, 0.67]
[22.56, 2.5, 0.47]
[21.42, 0.32]
[21.95, 1.22, 0.95]
[21.74, 0.52]
[21.66, 0.41]
[21.73, 0.56, 0.51]
[21.36, 0.32]
[22.0, 0.39]
[22.43, 0.46, 0.45]
[21.66, 0.61]
[21.96, 1.7, 0.58]
[22.02, 1.0, 0.85]
[22.26, 1.2, 0.93]
[22.25, 1.53, 1.29]
[22.04, 0.68]
[22.55, 0.49, 0.48]
[22.17, 0.76, 0.71]
[22.3, 1.1, 0.9]
[22.38, 1.0, 0.82]
[21.92, 0.38]
[21.29, 0.51]
[21.3, 0.5]
[21.24, 0.35, 0.32]
[22.31, 0.77, 0.75]
[21.96, 0.41]
[21.88, 0.45, 0.41]
[22.19, 0.63, 0.61]
[21.33, 0.39]
[21.45, 0.64, 0.63]
[21.17, 0.28]
[21.53, 0.54]
[22.65, 2.76, 1.22]
[21.59, 0.75, 0.51]
[21.64, 0.53, 0.5]
[22.1, 0.52]
[21.67, 0.49]
[22.46, 0.43]
[21.88, 0.62]
[22.53, 1.82, 0.76]
[22.15, 0.61]
[21.56, 0.29]
[22.43, 0.7, 0.62]
[21.76, 0.37]
[21.86, 0.59, 0.55]
[21.59, 0.41]
[20.57, 0.22]
[21.8, 0.39]
[21.74, 0.3]
[21.87, 0.37]
[22.25, 0.52]
[22.11, 0.67, 0.53]
[21.45, 0.44]
[21.24, 0.28]
[22.62, 1.02, 0.94]
[22.02, 0.49]
[21.6, 0.36]
[22.45, 5.07, 0.85, 0.85]
[22.12, 0.31, 0.3]
[21.48, 0.51, 0.44]
[22.37, 0.81, 0.73]
[21.85, 0.45]
[21.74, 0.44]
[22.57, 0.98, 0.65]
[22.13, 0.5]
[21.92, 0.42]
[21.79, 0.58]
[21.37, 0.43]
[21.87, 0.42]
[22.06, 0.39]
[21.62, 0.35, 0.33]
[22.95, 5.51, 0.46, 0.42]
[21.72, 0.45, 0.42]
[22.3, 0.59]
[21.96, 0.6, 0.55]
[22.06, 0.72, 0.56]
[21.8, 0.51]
[21.57, 0.36]
[21.62, 0.49, 0.45]
[22.12, 0.87]
[22.25, 0.45]
[21.68, 0.61]
[21.48, 0.34]
[21.89, 0.35]
[21.98, 0.53]
[22.36, 0.91, 0.83]
[21.27, 0.43]
[21.02, 0.31, 0.27]
[21.75, 0.45]
[22.59, 0.61, 0.6]
[20.92, 0.37]
[22.14, 0.69, 0.64]
[22.2, 0.85, 0.72]
[22.16, 0.85, 0.61]
[23.07, 6.58, 1.1, 1.07]
[21.73, 0.4]
[22.33, 2.81, 0.57]
[22.42, 0.82, 0.74]
[22.38, 0.49, 0.44]
[22.75, 0.64]
[21.65, 0.44]
[21.74, 0.39]
[21.73, 0.57, 0.52]
[22.49, 1.44, 0.74]
[22.49, 0.45, 0.43]
[21.91, 0.32]
[22.36, 0.73]
[22.56, 2.08, 0.87]
[21.6, 0.31]
[21.32, 0.24]
[21.27, 0.31]
[22.28, 0.47, 0.46]
[21.32, 0.33]
[22.92, 1.75, 0.91]
[22.35, 1.13, 0.81]
[22.07, 0.5]
[22.03, 0.54]
[22.56, 4.75, 0.71, 0.61]
[21.25, 0.42]
[22.0, 0.51]
[22.14, 0.48, 0.45]
[22.41, 1.17, 0.82]
[22.32, 1.05, 0.89]
[22.27, 0.64]
[22.2, 0.76, 0.71]
[22.64, 1.17, 0.51]
[21.69, 0.46]
[22.01, 0.75, 0.66]
[21.58, 0.58]
[21.4, 0.29]
[21.62, 0.43]
[22.36, 0.86, 0.76]
[21.52, 0.71]
[21.77, 0.4]
[22.25, 0.78, 0.73]
[20.36, 0.23]
[21.98, 0.82, 0.78]
[22.28, 0.4]
[20.86, 0.4]
[22.07, 0.66]
[21.8, 0.37]
[22.25, 0.69, 0.65]
[22.66, 1.39, 0.96]
[22.27, 0.5]
[21.02, 0.26]
[21.5, 1.4, 0.67]
[21.85, 0.58]
[20.89, 0.34]
[21.68, 0.69]
[23.0, 3.5, 0.77, 0.74]
[21.97, 0.36]
[21.44, 0.35]
[21.54, 0.42]
[22.05, 0.62]
[21.74, 0.44]
[21.47, 0.33]
[22.0, 0.48]
[22.23, 0.96, 0.56]
[21.45, 0.69]
[22.32, 1.32, 1.09]
[21.21, 0.68, 0.58]
[19.9, 0.15]
[22.1, 0.69, 0.63]
[22.05, 0.55]
[22.68, 1.13, 0.77]
[22.63, 0.68]
[21.34, 0.31]
[21.75, 0.41]
[22.3, 0.55]
[21.89, 0.6, 0.47]
[22.49, 2.2, 1.04]
[21.61, 0.79, 0.64]
[21.48, 0.36]
[21.26, 0.3]
[21.99, 0.63, 0.54]
[22.23, 0.4]
[22.16, 2.08, 0.64]
[21.61, 0.34]
[21.57, 0.53]
[21.77, 0.79, 0.76]
[21.95, 1.3, 0.93]
[22.2, 0.59, 0.57]
[21.72, 0.6]
[21.78, 0.3]
[21.33, 0.47]
[21.21, 0.4]
[21.89, 1.33, 0.99]
[21.76, 1.05]
[22.51, 1.53, 0.6]
[21.7, 0.42, 0.41]
[21.53, 0.48, 0.46]
[21.81, 0.51]
[21.76, 0.51, 0.48]
[21.66, 0.43]
[22.34, 0.69, 0.66]
[22.53, 1.38, 0.9]
[22.53, 0.92]
[22.21, 0.95, 0.82, 0.69]
[21.56, 0.37]
[22.74, 7.1, 0.69, 0.6]
[22.59, 3.76, 0.71, 0.59]
[21.29, 0.4]
[22.24, 0.9, 0.82]
[21.68, 0.59]
[22.82, 1.68, 0.85]
[21.53, 0.35]
[21.81, 0.55]
[22.38, 2.19, 0.49]
[20.34, 0.28, 0.26]
[21.74, 0.42]
[22.3, 0.74, 0.69]
[22.41, 0.54]
[22.44, 0.72]
[20.9, 0.29]
[21.97, 0.73, 0.68]
[22.1, 0.55, 0.55]
[21.53, 0.51]
[22.92, 6.19, 0.62, 0.56]
[21.75, 1.17, 0.67]
[21.99, 0.67]
[22.37, 1.17, 0.7]
[21.75, 0.46]
[22.52, 1.39, 0.75]
[22.1, 0.54]
[21.84, 1.03, 0.66]
[21.96, 0.33]
[22.06, 0.51]
[22.25, 0.43]
[22.56, 1.22, 0.84, 0.79]
[21.93, 0.45, 0.42]
[21.53, 0.35]
[22.0, 0.77, 0.7]
[22.3, 0.82, 0.75]
[21.33, 0.29]
[22.7, 3.88, 0.68, 0.62]
[22.55, 0.84, 0.61]
[22.05, 0.68]
[22.37, 2.49, 1.24]
[22.09, 0.98, 0.95]
[21.96, 0.55]
[22.52, 0.95, 0.52]
[21.7, 0.62, 0.59]
[21.35, 0.5]
[21.41, 0.4]
[22.0, 0.43, 0.41]
[22.04, 0.63]
[22.02, 0.42, 0.42]
[21.7, 0.25]
[21.91, 0.61]
[20.99, 0.3]
[22.69, 0.8]
[21.65, 0.47]
[22.26, 0.78, 0.69]
[21.58, 0.66, 0.52]
[22.06, 0.64, 0.45]
[22.64, 0.79, 0.56]
[21.35, 0.41]
[22.04, 0.68]
[21.42, 0.54]
[22.04, 0.41]
[22.15, 0.92, 0.68]
[22.07, 0.69, 0.57]
[21.15, 0.43, 0.4]
[22.17, 0.7, 0.68]
[21.88, 0.38, 0.37]
[21.67, 0.37, 0.36]
[22.05, 0.44]
[21.36, 0.39, 0.39]
[22.59, 1.68, 0.91]
[22.29, 0.64, 0.62]
[22.08, 0.56]
[21.48, 0.3, 0.3]
[22.7, 1.17, 0.69]
[21.6, 0.43]
[22.08, 0.99, 0.93]
[21.91, 0.64]
[21.85, 0.83]
[22.74, 2.13, 0.62]
[21.78, 0.54, 0.5]
[21.93, 0.59]
[20.89, 0.24]
[21.87, 0.31]
[22.0, 0.59]
[22.03, 0.45]
[22.29, 1.04, 0.89]
[21.7, 0.48]
[21.96, 0.43]
[21.84, 0.48]
[21.9, 0.66]
[20.91, 0.32]
[22.24, 0.51]
[21.95, 0.53, 0.51]
[22.14, 0.67]
[21.91, 0.54, 0.49]
[21.62, 0.54]
[21.61, 0.41]
[22.79, 1.76, 0.65]
[22.0, 0.55]
[22.37, 1.8, 0.8]
[22.21, 0.64]
[21.97, 0.6]
[21.95, 0.59, 0.59]
[22.56, 0.75, 0.68]
[21.31, 0.49]
[22.02, 0.39, 0.37]
[22.05, 0.4]
[22.03, 0.77, 0.69]
[22.17, 1.07, 0.67]
[22.21, 1.0, 0.66]
[22.09, 0.79, 0.56]
[21.83, 0.77, 0.77]
[21.49, 0.55]
[21.73, 0.34]
[22.49, 0.89, 0.75]
[23.09, 3.55, 0.82]
[21.59, 0.26]
[22.24, 0.37]
[22.43, 2.97, 1.03]
[21.61, 0.32]
[22.31, 1.93, 0.62]
[22.19, 0.96, 0.73]
[21.82, 0.56]
[22.29, 0.72, 0.59]
[22.01, 0.46]
[22.15, 0.48]
[21.98, 0.4]
[22.77, 1.49, 0.75]
[21.83, 0.45]
[22.25, 0.46]
[22.32, 1.84, 1.17]
[22.05, 0.69]
[22.26, 1.32, 0.64]
[21.96, 0.34]
[22.3, 0.61]
[21.78, 0.44]
[22.57, 5.15, 0.58, 0.48]
[21.21, 0.31]
[22.01, 0.55, 0.54]
[21.21, 0.19]
[21.6, 0.56]
[21.29, 0.33, 0.32]
[21.58, 0.48]
[22.01, 0.44]
[22.17, 1.25, 0.69]
[21.23, 0.44]
[22.32, 0.75]
[21.6, 0.43]
[22.01, 0.6]
[22.19, 1.05, 0.88]
[21.81, 0.36]
[21.87, 0.82, 0.64]
[22.34, 0.97, 0.94]
[21.82, 0.67]
[22.39, 0.64, 0.59]
[22.52, 0.52, 0.5]
[22.49, 0.41, 0.38]
[22.01, 0.35, 0.34]
[22.43, 0.64]
[22.28, 0.98, 0.85, 0.76]
[20.73, 0.25]
[22.37, 0.95, 0.73]
[21.78, 0.36]
[21.9, 1.58, 0.85]
[21.78, 0.48, 0.42]
[22.08, 0.34]
[22.62, 0.89]
[22.39, 0.72, 0.65]
[23.13, 2.67, 1.27]
[21.59, 0.29]
[21.55, 0.51]
[21.76, 0.56]
[21.78, 0.42]
[21.64, 0.35]
[22.24, 1.0, 0.94]
[22.32, 1.02, 0.73]
[22.22, 0.67]
[21.78, 0.47]
[22.94, 1.71, 0.73]
[21.92, 0.48]
[21.29, 0.39]
[22.08, 0.54, 0.52]
[22.47, 1.61, 0.85]
[22.16, 0.87]
[21.4, 0.29]
[21.84, 0.44]
[21.68, 0.42]
[21.89, 0.53]
[21.18, 0.3, 0.29]
[22.09, 0.32]
[21.44, 0.37]
[21.45, 0.47]
[22.29, 0.78]
[21.53, 0.57]
[22.08, 0.75, 0.72]
[21.08, 0.34]
[22.14, 0.81, 0.64]
[22.32, 0.68, 0.63]
[22.67, 2.13, 1.11]
[21.75, 0.59]
[22.87, 2.92, 0.55, 0.39]
[21.55, 0.54, 0.48]
[22.23, 0.5]
[22.08, 0.52]
[21.49, 0.35]
[22.13, 0.41]
[21.87, 0.42, 0.37]
[22.49, 0.89, 0.82]
[22.24, 0.65, 0.59]
[21.69, 0.28]
[22.12, 0.61, 0.58]
[21.93, 0.79, 0.58]
[22.11, 0.69, 0.55]
[21.69, 0.47, 0.45]
[21.8, 0.29]
[22.03, 0.51, 0.44]
[22.43, 0.75]
[21.94, 0.5]
[21.15, 0.29]
[21.89, 0.62, 0.58]
[21.72, 0.77]
[21.4, 0.43]
[22.26, 0.63, 0.6]
[22.12, 0.6, 0.54, 0.46]
[22.42, 1.5, 0.86]
[22.0, 0.53]
[22.42, 0.69, 0.54]
[21.11, 0.3]
[22.12, 0.67, 0.67]
[21.31, 0.38]
[23.11, 5.68, 1.29, 0.77]
[22.24, 0.74]
[21.47, 0.34]
[22.53, 0.98, 0.95]
[22.32, 0.6]
[22.11, 0.78, 0.75]
[22.72, 0.71]
[20.71, 0.29]
[22.07, 0.29]
[22.27, 0.48]
[21.29, 0.56]
[22.2, 1.18, 0.88]
[21.77, 0.39, 0.37]
[21.98, 0.3]
[21.94, 0.27]
[22.29, 0.94, 0.78]
[22.6, 0.96, 0.71]
[21.48, 0.27]
[22.07, 0.52]
[22.02, 0.52]
[22.54, 0.8, 0.75]
[21.66, 0.31]
[22.14, 0.77, 0.76]
[21.66, 0.47, 0.41]
[22.53, 2.16, 0.53, 0.51]
[21.32, 0.4]
[21.98, 0.78]
[22.6, 3.83, 0.64, 0.61]
[21.81, 0.49]
[21.78, 0.41, 0.39]
[21.67, 0.54, 0.5]
[22.77, 2.18, 0.87]
[21.79, 0.55]
[22.15, 0.68, 0.54]
[21.89, 0.48]
[21.05, 0.42]
[22.2, 0.64]
[21.23, 0.27]
[22.09, 0.51, 0.46]
[22.53, 1.18, 0.92]
[22.74, 2.35, 0.62]
[21.57, 0.43]
[22.41, 1.57, 1.38]
[21.73, 0.57]
[22.07, 0.56]
[22.27, 0.73]
[21.92, 0.6, 0.54]
[22.34, 1.03, 0.88]
[21.59, 0.38]
[22.67, 1.59, 0.86]
[21.88, 0.53]
[22.25, 1.03, 0.76]
[21.19, 0.41]
[22.71, 1.07, 0.71]
[22.2, 0.4]
[22.61, 1.51, 0.88]
[21.57, 0.43]
[22.45, 1.54, 0.58]
[21.66, 0.46]
[22.19, 0.52]
[22.1, 1.48, 0.85]
[22.44, 0.98, 0.68]
[22.31, 0.74, 0.62]
[22.18, 0.6]
[21.62, 0.43, 0.42]
[21.44, 0.42]
[22.1, 0.28]
[22.62, 0.9, 0.78]
[22.57, 2.97, 1.39]
[21.42, 0.26]
[22.08, 0.67, 0.65]
[21.78, 0.34]
[22.55, 1.09, 0.89, 0.85]
[21.32, 0.3]
[21.96, 0.5]
[21.91, 0.39]
[22.75, 4.86, 0.57, 0.46]
[22.28, 0.76, 0.64]
[21.57, 0.38]
[21.78, 0.37]
[21.14, 0.21]
[21.95, 0.76, 0.68]
[22.48, 1.4, 0.65]
[21.85, 0.28]
[22.3, 1.45, 0.93]
[21.65, 0.33]
[21.86, 0.6]
[22.7, 1.62, 1.08, 0.86]
[21.79, 0.38]
[22.14, 0.65]
[21.43, 0.37]
[22.58, 0.63]
[22.06, 0.82]
[22.68, 1.5, 0.88]
[21.87, 0.32]
[21.79, 0.55, 0.5]
[21.38, 0.45]
[22.06, 0.65, 0.54]
[22.05, 0.48]
[21.62, 0.36]
[22.22, 0.5]
[21.99, 0.66, 0.63]
[22.06, 0.48]
[21.79, 0.62]
[22.29, 0.73, 0.71]
[22.06, 0.85]
[22.45, 0.64, 0.61]
[22.06, 0.5, 0.49]
[21.96, 0.41]
[21.2, 0.41]
[22.03, 0.46]
[21.25, 0.39]
[22.31, 0.54, 0.51]
[21.31, 0.48]
[22.09, 0.45]
[22.21, 0.62]
[21.65, 0.36]
[22.58, 0.91, 0.82]
[21.32, 0.23]
[21.36, 0.28, 0.27]
[22.44, 0.93, 0.59]
[21.73, 0.52]
[21.86, 0.42]
[21.08, 0.35]
[21.65, 0.41, 0.38]
[21.13, 0.18]
[21.72, 0.28]
[22.68, 1.02, 0.97]
[21.58, 0.5, 0.43]
[21.77, 0.47]
[22.17, 0.68]
[22.31, 1.73, 0.8]
[21.08, 0.19]
[21.47, 0.57]
[21.85, 0.52, 0.44]
[21.41, 0.43]
[21.71, 0.42, 0.41]
[21.12, 0.22]
[21.67, 0.41]
[21.71, 0.69]
[21.82, 0.36, 0.36]
[22.12, 0.83, 0.81]
[21.78, 0.43, 0.41]
[22.58, 0.7]
[21.64, 0.48]
[22.5, 1.36, 0.88]
[22.15, 0.5]
[22.65, 3.38, 0.79]
[22.03, 0.39]
[22.19, 0.82, 0.68]
[21.35, 0.44]
[22.4, 1.49, 1.04]
[22.11, 0.73, 0.61]
[21.84, 0.59, 0.47]
[21.65, 0.46]
[21.3, 0.33]
[22.9, 7.01, 0.99, 0.98]
[22.06, 0.45]
[21.88, 0.61]
[21.56, 0.58]
[21.91, 0.38]
[21.25, 0.34]
[21.88, 0.49, 0.45]
[22.15, 0.44]
[22.6, 0.46]
[22.78, 1.99, 0.49]
[21.49, 0.36]
[22.16, 0.85, 0.69]
[22.15, 0.69, 0.68]
[21.55, 0.57, 0.53]
[22.16, 0.73, 0.71]
[22.58, 0.63, 0.48]
[21.88, 0.92, 0.69]
[21.67, 0.41]
[22.01, 0.48]
[22.5, 1.11, 0.69]
[21.66, 0.5]
[22.07, 0.62, 0.61]
[22.35, 0.88, 0.65]
[21.06, 0.53]
[21.82, 0.33]
[22.1, 1.44, 0.66]
[21.96, 0.49]
[21.75, 0.48]
[21.35, 0.38, 0.38]
[21.45, 0.41]
[22.23, 1.31, 0.92]
[22.12, 0.55]
[21.84, 0.52]
[21.39, 0.42, 0.42]
[21.67, 0.37]
[21.44, 0.27]
[22.08, 0.27]
[21.72, 0.3]
[21.76, 0.39]
[22.48, 1.74, 1.33, 1.29, 1.2]
[21.52, 0.35]
[22.19, 1.12, 1.02, 0.83]
[22.3, 0.75]
[22.16, 0.52]
[21.87, 0.47]
[21.49, 0.7]
[21.52, 0.52]
[22.41, 1.56, 1.07]
[22.63, 1.07, 0.88]
[21.7, 0.68]
[22.15, 0.63, 0.62]
[21.57, 0.41]
[22.3, 0.88, 0.83]
[22.25, 0.98, 0.75]
[22.59, 1.62, 0.9]
[21.75, 0.44]
[22.1, 0.91, 0.78]
[22.26, 0.43]
[22.62, 1.68, 0.8]
[21.61, 0.39]
[21.95, 0.8, 0.73]
[22.07, 0.6]
[22.6, 1.22, 1.16]
[21.69, 0.7]
[21.75, 0.36]
[22.57, 1.84, 0.73]
[22.65, 1.99, 0.78]
[22.08, 1.15, 0.54]
[22.23, 0.64, 0.59]
[21.77, 0.26]
[22.06, 0.66]
[22.06, 0.45]
[22.83, 1.57, 0.86]
[22.36, 1.68, 0.87]
[21.82, 0.47]
[22.56, 4.17, 0.6]
[22.17, 1.13, 0.92]
[22.49, 1.34, 0.98, 0.94]
[22.22, 0.4]
[21.77, 0.76, 0.68]
[22.1, 0.82]
[22.26, 0.82, 0.71]
[21.36, 0.23]
[21.52, 0.4]
[22.46, 0.68, 0.64]
[21.58, 0.55]
[21.86, 0.49]
[22.19, 0.88, 0.87]
[21.46, 0.36]
[22.29, 0.43, 0.41]
[21.58, 0.4]
[21.94, 0.56, 0.56]
[21.13, 0.36]
[22.0, 0.67]
[22.17, 0.77, 0.69]
[20.9, 0.3]
[22.14, 0.7, 0.48]
[20.95, 0.38]
[21.52, 0.35]
[21.13, 0.33, 0.29]
[21.78, 0.41]
[21.93, 0.56, 0.53]
[22.1, 0.64]
[22.06, 0.5]
[21.33, 0.36]
[22.26, 0.78, 0.61]
[22.1, 0.8, 0.72]
[22.19, 0.61]
[21.68, 0.45]
[21.97, 0.65]
[22.15, 0.46, 0.45]
[22.02, 0.55]
[21.7, 0.42]
[22.22, 0.45]
[21.27, 0.34]
[22.32, 1.58, 0.46]
[21.62, 0.6]
[22.31, 3.34, 0.58]
[22.04, 0.3, 0.28]
[21.81, 0.43]
[22.36, 1.02, 0.83]
[21.82, 0.5]
[21.37, 0.46]
[21.59, 0.57]
[21.81, 0.58]
[21.54, 0.42]
[21.61, 0.51]
[21.89, 0.55, 0.54]
[22.22, 0.45, 0.41]
[21.77, 0.39]
[22.86, 1.06, 0.77]
[21.81, 0.29]
[21.81, 0.48]
[21.53, 0.45]
[21.77, 0.47, 0.47]
[21.61, 0.38]
[21.96, 0.73, 0.64]
[21.88, 1.37, 0.8]
[21.09, 0.28]
[21.87, 0.39]
[21.33, 0.45, 0.38]
[22.16, 0.64]
[21.87, 0.47]
[21.97, 0.56]
[21.55, 0.4]
[22.13, 0.94, 0.64]
[21.73, 0.42]
[21.55, 0.59, 0.57]
[22.07, 0.68, 0.63]
[21.9, 0.52]
[20.89, 0.31]
[21.87, 0.54]
[22.24, 1.02, 1.0]
[22.18, 1.09, 1.03]
[22.07, 0.74, 0.72]
[21.94, 0.56]
[21.52, 0.43]
[22.2, 0.73, 0.66]
[21.69, 0.29]
[21.62, 0.37]
[21.64, 0.42]
[21.41, 0.41]
[22.05, 0.85]
[20.91, 0.39]
[22.34, 2.1, 0.64]
[21.37, 0.31]
[21.95, 0.39]
[22.45, 0.47, 0.44]
[21.48, 0.33]
[21.29, 0.33]
[22.04, 0.78, 0.64]
[22.67, 1.89, 0.93]
[21.87, 0.41]
[21.8, 0.81, 0.61]
[21.72, 0.5]
[21.53, 0.45]
[22.08, 0.89, 0.75]
[22.49, 1.59, 0.77]
[22.01, 0.44]
[21.0, 0.32]
[21.68, 0.31]
[22.65, 1.27, 0.76, 0.66]
[21.58, 0.29]
[21.49, 0.36]
[22.13, 0.69]
[21.83, 0.9]
[22.22, 0.7]
