[0.73]
[1.39]
[1.24]
[1.36]
[1.06]
[1.19]
[0.96]
[0.83]
[1.11]
[1.69]
[1.06]
[0.95]
[1.09]
[1.19]
[1.73]
[0.83]
[1.58]
[0.74]
[0.9]
[1.02]
[1.03]
[1.15]
[1.28]
[1.13]
[1.0]
[1.48]
[1.44]
[1.22]
[2.99]
[1.89]
[1.25]
[0.99]
[1.1]
[2.93]
[1.03]
[1.61]
[1.42]
[1.25]
[0.86]
[0.88]
[1.12]
[1.19]
[0.81]
[1.54]
[0.99]
[1.16]
[1.12]
[1.8]
[1.39]
[1.41]
[1.28]
[1.23]
[2.41]
[0.92]
[0.92]
[0.93]
[0.84]
[0.76]
[1.06]
[1.43]
[1.11]
[1.63]
[1.13]
[1.08]
[1.56]
[1.27]
[2.17]
[0.75]
[1.23]
[1.04]
[1.33]
[1.48]
[1.27]
[1.02]
[1.39]
[1.16]
[1.3]
[0.94]
[1.17]
[0.84]
[1.15]
[1.02]
[1.43]
[1.43]
[1.36]
[0.98]
[1.6]
[1.58]
[1.37]
[1.31]
[1.59]
[1.15]
[1.84]
[0.86]
[1.06]
[0.98]
[1.08]
[0.94]
[1.4]
[1.46]
[1.06]
[1.12]
[1.3]
[1.12]
[1.36]
[1.04]
[2.75]
[1.03]
[0.96]
[0.87]
[0.82]
[1.36]
[0.89]
[1.4]
[1.33]
[0.88]
[1.11]
[1.36]
[1.01]
[0.83]
[1.56]
[2.68]
[1.25]
[1.13]
[1.6]
[1.14]
[1.6]
[1.06]
[1.28]
[1.42]
[0.81]
[1.65]
[0.91]
[0.84]
[2.45]
[1.26]
[2.42]
[0.68]
[1.61]
[1.22]
[1.04]
[0.98]
[0.89]
[0.96]
[1.64]
[2.12]
[1.15]
[1.1]
[1.56]
[2.24]
[1.35]
[0.63]
[1.37]
[0.76]
[0.98]
[1.42]
[1.16]
[1.19]
[1.37]
[0.84]
[1.0]
[1.5]
[1.17]
[0.99]
[2.03]
[1.94]
[1.16]
[1.55]
[1.58]
[0.78]
[1.78]
[1.29]
[1.33]
[0.86]
[1.35]
[2.52]
[1.42]
[0.84]
[2.13]
[1.28]
[1.68]
[2.43]
[1.81]
[0.97]
[0.98]
[1.03]
[0.93]
[1.83]
[0.78]
[1.31]
[1.09]
[1.52]
[1.18]
[0.92]
[1.41]
[1.06]
[1.16]
[1.23]
[1.37]
[1.13]
[0.76]
[1.15]
[1.95]
[1.39]
[1.81]
[1.31]
[1.28]
[1.48]
[1.22]
[1.5]
[0.8]
[0.99]
[1.59]
[1.03]
[1.38]
[1.09]
[1.13]
[0.94]
[1.42]
[0.71]
[0.93]
[0.82]
[1.19]
[1.13]
[1.06]
[2.06]
[1.24]
[1.41]
[1.07]
[1.54]
[1.04]
[1.24]
[2.36]
[1.03]
[1.7]
[0.87]
[0.94]
[0.98]
[1.41]
[1.82]
[0.88]
[1.03]
[0.94]
[1.2]
[0.81]
[1.38]
[0.99]
[1.25]
[0.82]
[0.96]
[1.61]
[2.49]
[1.42]
[1.07]
[1.37]
[0.88]
[1.28]
[1.33]
[0.78]
[1.1]
[1.58]
[1.04]
[1.28]
[1.11]
[0.96]
[1.12]
[1.13]
[0.92]
[1.22]
[1.13]
[1.95]
[1.91]
[1.39]
[1.73]
[0.94]
[1.34]
[1.29]
[1.22]
[0.89]
[1.18]
[1.26]
[1.81]
[1.97]
[1.61]
[1.32]
[1.38]
[1.25]
[1.21]
[1.43]
[0.88]
[0.78]
[2.72]
[1.23]
[1.0]
[1.03]
[0.77]
[0.92]
[1.04]
[1.49]
[1.17]
[0.88]
[0.91]
[1.17]
[0.86]
[1.17]
[1.87]
[4.31]
[1.12]
[1.16]
[1.49]
[0.87]
[3.2]
[0.94]
[1.27]
[1.42]
[1.1]
[1.28]
[1.21]
[1.04]
[2.14]
[0.97]
[0.83]
[1.23]
[1.2]
[0.67]
[1.51]
[1.24]
[1.48]
[1.49]
[1.17]
[1.03]
[1.07]
[0.82]
[1.46]
[1.58]
[1.07]
[1.96]
[0.63]
[1.3]
[1.5]
[1.73]
[1.31]
[1.54]
[1.33]
[0.87]
[1.34]
[1.6]
[1.02]
[1.52]
[1.43]
[0.96]
[1.01]
[1.0]
[0.89]
[2.13]
[1.25]
[1.85]
[1.01]
[1.54]
[1.15]
[1.32]
[2.03]
[1.02]
[1.24]
[0.92]
[0.89]
[0.93]
[1.15]
[0.99]
[1.16]
[1.81]
[0.85]
[1.26]
[2.59]
[1.35]
[1.13]
[1.18]
[0.9]
[1.24]
[1.31]
[0.88]
[0.93]
[1.26]
[0.91]
[1.17]
[0.85]
[1.14]
[0.74]
[1.62]
[1.04]
[0.83]
[0.88]
[1.28]
[1.41]
[1.06]
[1.99]
[1.2]
[0.76]
[1.33]
[0.88]
[1.7]
[1.51]
[1.37]
[0.93]
[0.96]
[1.15]
[1.18]
[1.25]
[1.55]
[1.62]
[1.13]
[2.04]
[1.58]
[1.37]
[0.95]
[1.44]
[1.42]
[2.36]
[1.09]
[1.66]
[1.06]
[0.82]
[2.01]
[2.56]
[1.1]
[1.17]
[1.11]
[0.81]
[1.25]
[1.93]
[1.0]
[1.43]
[1.08]
[1.03]
[0.93]
[1.38]
[2.21]
[0.86]
[1.68]
[1.31]
[1.69]
[1.37]
[1.47]
[0.95]
[1.0]
[1.22]
[1.44]
[1.32]
[1.27]
[1.45]
[1.16]
[0.7]
[0.96]
[1.87]
[1.22]
[1.13]
[0.82]
[2.06]
[0.7]
[1.51]
[1.05]
[1.15]
[1.18]
[1.49]
[1.53]
[3.84]
[1.04]
[1.06]
[0.97]
[1.53]
[1.09]
[1.73]
[1.05]
[1.41]
[1.3]
[1.04]
[0.81]
[1.29]
[1.72]
[1.65]
[1.03]
[1.19]
[1.62]
[1.62]
[0.9]
[0.83]
[4.15]
[1.69]
[0.92]
[1.18]
[2.06]
[0.83]
[1.17]
[0.8]
[1.91]
[0.73]
[1.02]
[0.99]
[2.93]
[0.95]
[1.03]
[0.98]
[1.05]
[1.27]
[0.8]
[1.24]
[1.01]
[1.02]
[2.35]
[0.84]
[1.91]
[0.77]
[2.27]
[1.3]
[1.32]
[1.05]
[0.85]
[1.34]
[1.0]
[1.54]
[1.52]
[1.16]
[0.81]
[0.72]
[0.84]
[0.84]
[1.33]
[1.27]
[1.03]
[1.11]
[0.96]
[1.62]
[0.98]
[2.75]
[1.52]
[1.68]
[1.51]
[1.55]
[1.09]
[1.59]
[1.28]
[0.8]
[1.06]
[1.48]
[1.23]
[1.24]
[1.08]
[0.95]
[1.06]
[0.98]
[2.08]
[1.29]
[1.15]
[1.31]
[1.39]
[1.29]
[1.57]
[1.26]
[2.07]
[1.19]
[0.94]
[0.86]
[1.4]
[1.22]
[1.37]
[2.4]
[1.24]
[1.57]
[1.06]
[1.16]
[1.36]
[3.48]
[1.51]
[0.71]
[1.13]
[1.14]
[1.22]
[1.02]
[0.69]
[1.31]
[0.79]
[0.82]
[0.94]
[1.67]
[1.19]
[1.07]
[1.28]
[0.89]
[2.8]
[1.95]
[1.51]
[1.5]
[1.11]
[1.44]
[0.83]
[1.18]
[1.44]
[1.18]
[0.99]
[1.42]
[1.25]
[1.59]
[0.65]
[3.76]
[1.11]
[2.13]
[1.04]
[1.2]
[1.06]
[1.16]
[1.13]
[1.57]
[1.5]
[0.73]
[1.03]
[1.19]
[1.21]
[1.27]
[1.49]
[1.34]
[1.23]
[0.83]
[1.42]
[1.07]
[0.95]
[0.98]
[0.86]
[0.91]
[1.31]
[1.2]
[0.93]
[1.05]
[0.86]
[1.36]
[1.44]
[1.09]
[0.87]
[1.49]
[1.74]
[1.73]
[1.3]
[0.85]
[0.81]
[1.47]
[1.03]
[0.86]
[1.36]
[1.16]
[1.71]
[0.74]
[1.9]
[1.51]
[0.94]
[0.64]
[1.25]
[1.15]
[0.93]
[1.92]
[1.14]
[0.87]
[0.78]
[1.05]
[1.71]
[1.01]
[0.81]
[1.26]
[1.1]
[0.9]
[1.72]
[1.27]
[2.13]
[0.89]
[1.46]
[0.89]
[1.23]
[0.91]
[1.46]
[1.05]
[1.32]
[1.13]
[0.98]
[1.93]
[1.06]
[0.75]
[1.08]
[1.97]
[1.28]
[3.26]
[3.44]
[1.2]
[1.22]
[1.39]
[1.06]
[1.66]
[0.98]
[0.63]
[0.97]
[1.65]
[1.23]
[2.32]
[1.44]
[1.09]
[0.99]
[1.7]
[1.18]
[0.92]
[0.97]
[1.74]
[0.91]
[1.13]
[1.19]
[1.17]
[1.46]
[1.24]
[1.32]
[1.0]
[1.44]
[1.05]
[1.13]
[1.79]
[0.78]
[1.89]
[0.98]
[2.02]
[1.53]
[0.87]
[1.16]
[1.43]
[1.88]
[1.15]
[1.55]
[1.17]
[1.48]
[1.38]
[1.12]
[1.15]
[1.56]
[0.96]
[1.11]
[0.98]
[1.66]
[1.17]
[1.13]
[1.25]
[1.82]
[1.11]
[1.14]
[1.05]
[0.84]
[1.09]
[1.67]
[1.06]
[1.09]
[1.41]
[1.36]
[1.65]
[1.16]
[0.94]
[1.0]
[0.87]
[1.26]
[1.11]
[1.63]
[1.15]
[0.65]
[1.04]
[1.49]
[1.08]
[0.7]
[2.25]
[1.25]
[0.95]
[0.95]
[1.91]
[1.21]
[1.34]
[1.51]
[1.07]
[1.63]
[1.14]
[1.06]
[1.5]
[0.99]
[1.53]
[1.15]
[1.26]
[1.7]
[1.15]
[1.03]
[0.91]
[1.08]
[0.97]
[1.69]
[0.68]
[1.51]
[1.2]
[1.71]
[0.88]
[1.75]
[0.72]
[1.93]
[0.95]
[1.52]
[1.27]
[1.41]
[1.61]
[0.74]
[1.32]
[1.18]
[2.35]
[1.52]
[1.77]
[1.4]
[1.12]
[1.99]
[1.21]
[1.15]
[1.29]
[0.87]
[1.25]
[1.04]
[1.32]
[0.98]
[0.99]
[1.38]
[0.9]
[1.27]
[1.56]
[1.58]
[1.65]
[1.07]
[1.63]
[1.28]
[1.83]
[1.06]
[1.13]
[1.96]
[0.81]
[0.94]
[1.01]
[1.73]
[0.78]
[1.08]
[1.03]
[0.89]
[1.37]
[0.92]
[1.02]
[0.74]
[1.41]
[1.07]
[0.94]
[1.6]
[0.94]
[1.37]
[1.39]
[0.88]
[1.18]
[1.49]
[1.27]
[1.17]
[1.79]
[1.36]
[0.93]
[0.93]
[0.84]
[2.7]
[1.37]
[1.17]
[1.36]
[1.57]
[1.26]
[1.11]
[1.25]
[1.39]
[2.0]
[0.96]
[0.81]
[1.02]
[1.41]
[1.01]
[1.27]
[0.71]
[0.8]
[1.11]
[0.89]
[1.87]
[0.8]
[1.02]
[0.93]
[0.99]
[1.35]
[0.92]
[1.71]
[1.23]
[1.16]
[1.59]
[1.54]
[2.34]
[1.09]
[1.33]
[1.11]
[1.23]
[1.14]
[1.38]
[1.16]
[1.02]
[1.39]
[0.74]
[1.5]
[0.67]
[1.34]
[1.3]
[0.68]
[0.9]
[1.28]
[1.83]
[1.04]
[1.81]
[0.97]
[1.31]
[1.12]
[1.18]
[1.46]
[1.32]
[1.14]
[1.32]
[1.18]
[1.17]
[1.62]
[0.86]
[1.88]
[1.22]
[1.1]
[1.32]
[1.23]
[1.21]
[1.28]
[0.91]
[1.06]
[1.19]
[1.26]
[1.14]
[3.01]
[1.02]
[1.09]
[1.09]
[0.86]
[1.24]
[1.0]
[2.46]
[1.31]
[1.13]
[0.99]
[0.95]
[0.97]
[1.32]
[1.51]
[2.15]
[1.13]
[1.27]
[2.19]
[1.44]
[0.96]
[1.06]
[1.32]
[0.9]
[2.35]
[1.91]
[1.1]
[1.31]
[1.46]
[1.13]
[0.88]
[0.94]
[1.32]
[1.09]
[1.12]
[1.4]
[0.97]
[0.85]
[0.84]
[0.86]
[1.97]
[1.31]
[1.5]
[1.13]
[1.94]
[0.78]
[1.04]
[1.76]
[1.01]
[0.96]
[1.43]
[1.02]
[1.26]
[1.14]
[1.45]
[1.55]
[1.04]
