[33.39, 24.07, 0.15]
[33.62, 29.39, 6.5, 1.16, 1.16]
[33.57, 27.38, 0.58]
[33.52, 25.95, 0.26]
[33.27, 19.74, 0.18, 0.16]
[33.74, 31.62, 21.29, 0.54]
[33.63, 27.75, 1.37, 0.57]
[33.85, 27.78, 3.59, 0.87]
[33.76, 29.16, 3.58, 0.4]
[33.48, 28.01, 1.31, 0.46]
[33.76, 25.15, 0.47, 0.46]
[33.74, 26.91, 0.79, 0.42]
[33.66, 27.75, 0.3]
[33.51, 21.09, 0.14, 0.13]
[33.7, 24.39, 1.02, 0.41]
[33.61, 29.25, 3.81, 0.36]
[33.66, 28.56, 5.29, 0.78]
[33.31, 23.73, 0.2, 0.18]
[33.4, 21.21, 0.27, 0.19]
[33.49, 23.07, 0.22, 0.18]
[33.45, 28.22, 0.52, 0.41]
[33.56, 29.29, 3.41, 0.56]
[33.83, 31.07, 15.01, 0.24]
[33.66, 27.76, 0.98, 0.45]
[33.56, 26.46, 0.29, 0.23]
[33.65, 28.22, 5.69, 3.21, 2.96]
[33.84, 25.0, 1.67, 0.7]
[33.61, 25.24, 0.1]
[33.6, 23.79, 0.32]
[33.32, 14.53, 0.08, 0.06]
[33.7, 24.96, 0.18]
[33.51, 23.46, 0.39]
[33.65, 30.2, 7.2, 0.36, 0.31]
[33.48, 22.69, 0.15]
[33.49, 27.08, 0.63, 0.3]
[33.62, 28.64, 0.92, 0.82, 0.63]
[33.51, 25.02, 0.75, 0.7]
[33.56, 29.7, 4.93, 0.18, 0.15]
[33.9, 30.83, 8.87, 0.42]
[33.46, 23.55, 0.21]
[33.28, 18.44, 0.2]
[33.41, 27.81, 0.6, 0.56]
[33.48, 24.48, 0.31, 0.26]
[33.45, 26.76, 1.08, 0.65]
[33.48, 25.91, 0.18]
[33.34, 25.04, 0.38, 0.27]
[33.82, 28.86, 5.39, 0.45, 0.44]
[33.44, 23.26, 0.15]
[33.59, 29.13, 2.03, 0.55]
[33.36, 21.12, 0.11]
[33.28, 22.16, 0.17]
[33.68, 26.29, 0.54, 0.47]
[33.44, 23.32, 0.14, 0.12]
[33.24, 24.52, 0.22]
[33.68, 28.1, 1.12, 0.6]
[33.51, 27.27, 1.64, 0.44]
[33.39, 20.67, 0.35, 0.31]
[33.52, 25.45, 0.36]
[33.53, 25.8, 0.25]
[33.33, 26.95, 0.72, 0.59]
[33.56, 23.39, 0.09]
[33.65, 30.37, 7.59, 0.39, 0.36]
[33.79, 26.56, 2.18, 0.88]
[33.83, 26.79, 0.64, 0.59]
[33.54, 24.76, 0.15]
[33.42, 23.85, 0.34, 0.24]
[33.51, 25.05, 0.49, 0.29]
[33.47, 20.87, 0.06]
[33.45, 27.28, 2.0, 0.42]
[33.39, 25.83, 0.51, 0.37]
[33.7, 29.52, 8.06, 0.56, 0.52]
[33.54, 28.43, 1.28, 0.61]
[33.61, 27.36, 0.3]
[33.66, 27.38, 2.06, 0.49]
[33.52, 26.4, 0.32, 0.25]
[33.81, 28.13, 3.12, 0.53]
[33.69, 26.12, 0.36, 0.29]
[33.82, 22.52, 0.13, 0.11]
[33.4, 24.64, 0.19, 0.16]
[33.33, 18.93, 0.03]
[33.55, 25.21, 0.65, 0.52, 0.35]
[33.33, 25.33, 0.33]
[33.57, 27.39, 1.49, 0.47]
[33.63, 28.38, 2.45, 0.45]
[33.63, 26.92, 0.91, 0.26]
[33.26, 21.36, 0.47, 0.35]
[33.59, 26.51, 1.93, 0.89]
[33.4, 21.07, 0.1, 0.08]
[33.74, 27.22, 0.49, 0.47]
[33.44, 24.49, 0.22]
[33.82, 30.02, 4.2, 0.48, 0.46]
[33.39, 18.75, 0.05]
[33.51, 27.61, 0.23]
[33.62, 24.63, 0.26]
[33.69, 26.53, 0.31]
[33.42, 23.66, 0.12]
[33.53, 25.01, 0.7, 0.29]
[33.33, 20.6, 0.09, 0.07]
[33.51, 26.41, 0.85, 0.78]
[33.62, 25.78, 0.24]
[33.89, 29.3, 5.57, 0.33, 0.31]
[33.47, 26.43, 0.47, 0.41]
[33.29, 15.8, 0.09, 0.06]
[33.26, 20.4, 0.13]
[33.49, 21.44, 0.19]
[33.33, 23.55, 0.12, 0.11]
[33.4, 25.18, 0.17]
[33.67, 26.87, 0.59, 0.51]
[33.46, 17.47, 0.09, 0.05]
[33.39, 19.41, 0.07]
[33.43, 23.03, 0.41, 0.38]
[33.59, 29.8, 10.83, 0.26, 0.23]
[33.65, 26.16, 0.6, 0.55]
[33.68, 25.16, 0.94, 0.66]
[33.75, 30.22, 9.97, 0.16, 0.1]
[33.8, 29.07, 5.0, 0.78]
[33.3, 24.63, 0.31]
[33.67, 27.15, 1.4, 1.02]
[33.68, 28.32, 3.1, 0.4]
[33.51, 20.96, 0.32, 0.3]
[33.38, 22.2, 0.3]
[33.18, 16.75, 0.12, 0.1]
[33.28, 24.86, 0.2]
[33.6, 26.19, 0.19, 0.15]
[33.64, 30.35, 9.74, 1.9, 1.23]
[33.6, 26.76, 0.36, 0.3]
[33.35, 18.92, 0.22, 0.2]
[33.6, 23.79, 0.33]
[33.46, 26.09, 0.29]
[33.56, 22.94, 0.48, 0.47]
[33.62, 27.51, 3.12, 1.82, 1.2]
[33.77, 31.13, 16.62, 1.87, 1.85]
[33.64, 26.32, 0.47, 0.42]
[33.63, 28.91, 0.98, 0.69]
[33.35, 24.0, 0.13]
[33.81, 25.64, 0.54, 0.19]
[33.57, 27.36, 0.65]
[33.51, 27.12, 1.48, 0.37]
[33.44, 21.69, 0.21]
[33.37, 20.8, 0.07, 0.03]
[33.63, 25.89, 0.16]
[33.46, 22.94, 0.23]
[33.6, 24.84, 0.14]
[33.53, 27.03, 0.55, 0.26]
[33.6, 22.19, 0.33, 0.2]
[33.29, 18.68, 0.36]
[33.54, 28.98, 3.82, 0.45, 0.32]
[33.74, 29.65, 3.22, 0.36, 0.24]
[33.61, 25.68, 0.21, 0.17]
[33.44, 22.83, 0.32, 0.28]
[33.37, 19.27, 0.12, 0.04]
[33.73, 29.88, 2.89, 0.47]
[33.21, 21.78, 0.36]
[33.48, 27.28, 0.5, 0.43]
[33.41, 18.94, 0.11]
[33.64, 27.62, 1.48, 0.56]
[33.46, 24.13, 0.35, 0.25]
[33.44, 26.87, 0.99, 0.51]
[33.53, 24.17, 0.23]
[33.64, 27.27, 0.62, 0.49]
[33.59, 24.38, 0.18, 0.16]
[33.58, 26.97, 0.43, 0.35]
[33.41, 24.31, 0.52]
[33.53, 23.58, 0.31, 0.29]
[33.49, 25.53, 0.24]
[33.64, 28.03, 0.45]
[33.51, 15.71, 0.08, 0.05]
[33.65, 27.53, 1.22, 0.79]
[33.5, 26.24, 0.22]
[33.65, 23.8, 0.32]
[33.89, 31.78, 18.91, 2.35, 1.5, 1.45]
[33.76, 31.06, 19.45, 2.49, 0.97]
[33.69, 25.83, 0.21]
[33.53, 27.01, 0.6, 0.55]
[33.56, 27.38, 0.7, 0.44]
[33.64, 27.74, 2.68, 0.61]
[33.52, 29.64, 7.27, 0.29, 0.25]
[33.87, 25.69, 0.96, 0.52]
[33.36, 23.13, 0.2]
[33.78, 31.81, 23.59, 5.56, 1.14]
[33.49, 26.13, 0.28]
[33.38, 15.13, 0.16]
[33.71, 28.47, 3.66, 0.66]
[33.59, 27.22, 0.47, 0.35]
[33.51, 23.74, 0.17]
[33.5, 27.7, 0.51, 0.47]
[33.56, 27.51, 0.65, 0.4]
[33.72, 28.77, 1.77, 0.3]
[33.43, 26.12, 1.39, 0.48]
[33.72, 27.39, 0.68, 0.42]
[33.57, 27.06, 1.13, 0.54]
[33.51, 27.47, 1.78, 0.92, 0.7]
[33.33, 23.73, 0.83, 0.83]
[33.67, 27.1, 0.84, 0.32]
[33.73, 27.93, 2.25, 0.51]
[33.44, 20.38, 0.13, 0.1]
[33.3, 21.47, 0.21]
[33.51, 23.7, 0.11]
[33.75, 28.79, 5.51, 0.81]
[33.26, 19.99, 0.11, 0.08]
[33.64, 26.4, 0.42, 0.27]
[33.54, 28.25, 0.73, 0.47]
[33.82, 28.44, 1.19, 0.7]
[33.32, 23.23, 0.1]
[33.2, 20.38, 0.17, 0.15]
[33.44, 22.67, 0.25]
[33.55, 25.94, 0.39]
[33.42, 21.07, 0.24]
[33.62, 24.99, 0.29]
[33.51, 27.35, 5.23, 0.72, 0.52]
[33.58, 25.72, 0.33]
[33.57, 26.05, 0.62, 0.47]
[33.38, 26.26, 1.07, 0.72]
[33.73, 28.37, 4.52, 0.38, 0.35]
[33.65, 26.23, 0.26]
[33.93, 32.02, 22.73, 3.41, 1.03]
[33.45, 25.81, 0.32, 0.3]
[33.44, 26.13, 0.19, 0.16]
[33.76, 30.2, 8.37, 0.1, 0.09]
[33.69, 25.14, 0.7, 0.5]
[33.7, 28.78, 2.62, 0.99, 0.6]
[33.68, 25.96, 1.32, 0.57]
[33.38, 19.87, 0.14]
[33.55, 29.6, 4.89, 0.7, 0.51]
[33.51, 25.85, 0.26]
[33.44, 24.4, 0.27, 0.19]
[33.53, 27.32, 0.28, 0.26]
[33.76, 27.24, 2.95, 0.62]
[33.78, 28.39, 0.81, 0.51]
[33.62, 26.77, 0.48]
[33.87, 28.2, 4.19, 1.41]
[33.62, 27.82, 1.21, 0.76]
[33.46, 27.75, 2.83, 0.36]
[33.29, 24.49, 0.4, 0.36]
[33.68, 26.75, 0.48]
[33.16, 18.43, 0.16, 0.13]
[33.68, 25.88, 3.4, 1.61, 1.49]
[33.45, 26.03, 0.64, 0.39]
[33.55, 22.78, 0.38, 0.22]
[33.6, 29.37, 1.78, 0.56, 0.54]
[33.74, 29.72, 10.9, 0.65, 0.64]
[33.42, 23.86, 0.25]
[33.31, 19.32, 0.14]
[33.45, 24.31, 0.3, 0.29]
[33.17, 18.81, 0.09]
[33.88, 29.68, 5.68, 1.38, 1.13]
[33.44, 24.46, 0.13]
[33.64, 28.76, 1.82, 0.5]
[33.74, 28.15, 3.76, 0.48]
[33.68, 28.35, 0.46, 0.39]
[33.57, 27.53, 0.57, 0.51]
[33.62, 26.08, 0.54]
[33.43, 26.34, 0.28]
[33.43, 27.28, 0.49, 0.43]
[33.64, 25.38, 0.18, 0.15]
[33.33, 25.41, 0.19]
[33.4, 26.0, 0.33]
[33.5, 27.06, 0.97, 0.49]
[33.62, 28.96, 4.56, 0.5]
[33.79, 28.12, 1.08, 0.77]
[33.65, 25.47, 0.12]
[33.61, 27.67, 0.82, 0.37]
[33.63, 25.59, 0.42]
[33.4, 21.98, 0.08, 0.05]
[33.65, 27.15, 0.84, 0.74]
[33.66, 22.02, 0.12]
[33.73, 27.01, 0.93, 0.59]
[33.46, 27.34, 0.89, 0.59]
[33.43, 25.66, 1.5, 0.43]
[33.41, 29.78, 5.33, 0.38, 0.33]
[33.63, 28.9, 3.12, 0.5]
[33.57, 25.39, 0.22]
[33.51, 27.59, 0.45, 0.4]
[33.54, 24.78, 0.19]
[33.45, 24.89, 0.39]
[33.72, 29.36, 5.89, 0.31, 0.26]
[33.56, 24.13, 0.22, 0.18]
[33.42, 26.75, 0.36, 0.31]
[33.44, 23.31, 0.12]
[33.77, 30.23, 8.37, 0.45, 0.42]
[33.12, 17.19, 0.1]
[33.45, 22.72, 0.12]
[33.4, 17.23, 0.17, 0.1]
[33.68, 27.14, 1.27, 0.34]
[33.54, 27.46, 0.35, 0.31]
[33.12, 20.62, 0.14]
[33.48, 21.04, 0.16]
[33.54, 18.84, 0.12]
[33.43, 21.82, 0.26]
[33.65, 23.43, 0.14]
[33.75, 27.15, 0.82, 0.57]
[33.88, 30.97, 12.34, 0.64]
[33.51, 26.07, 0.51, 0.29]
[33.65, 24.29, 0.31]
[33.69, 29.3, 4.15, 0.23, 0.19]
[33.54, 22.18, 0.17]
[33.61, 30.14, 4.81, 0.28]
[33.51, 27.28, 0.56, 0.4]
[33.25, 17.91, 0.07, 0.04]
[33.64, 27.15, 0.45, 0.39]
[33.79, 27.07, 0.58, 0.44]
[33.54, 16.75, 0.13, 0.1]
[33.45, 24.03, 0.24]
[33.29, 23.7, 0.27, 0.25]
[33.69, 27.84, 2.36, 1.43, 1.06]
[33.64, 27.92, 0.47]
[33.73, 28.51, 3.95, 0.9]
[33.72, 27.36, 1.74, 0.88]
[33.61, 25.92, 1.86, 0.47]
[33.57, 30.97, 18.35, 1.6, 0.77]
[33.59, 23.47, 0.18, 0.16]
[33.52, 25.86, 0.48]
[33.57, 26.55, 0.36]
[33.29, 23.36, 0.16]
[33.49, 27.12, 0.74, 0.36]
[33.68, 28.63, 0.73, 0.56, 0.48]
[33.64, 17.86, 0.07, 0.05]
[33.77, 30.08, 8.09, 0.37]
[33.39, 23.07, 0.13]
[33.66, 27.4, 0.37]
[33.47, 26.2, 0.21]
[33.24, 17.32, 0.1, 0.06]
[33.28, 22.33, 0.25]
[33.39, 19.03, 0.36, 0.34]
[33.39, 22.34, 0.18, 0.15]
[33.23, 18.72, 0.12, 0.1]
[33.41, 22.96, 0.21, 0.19]
[33.81, 28.29, 1.28, 0.4]
[33.22, 19.15, 0.19]
[33.35, 23.78, 0.38, 0.33]
[33.68, 30.38, 6.68, 0.34, 0.31]
[33.4, 21.67, 0.22]
[33.48, 29.97, 3.87, 0.27, 0.2]
[33.53, 26.55, 1.02, 0.48]
[33.49, 23.99, 0.27, 0.25]
[33.54, 26.98, 0.27]
[33.48, 23.8, 0.24]
[33.62, 20.86, 0.14, 0.12]
[33.57, 23.75, 0.17, 0.12]
[33.2, 22.94, 0.18]
[33.43, 19.82, 0.11]
[33.46, 22.04, 0.18]
[33.47, 20.0, 0.05]
[33.79, 30.95, 15.54, 0.5, 0.42]
[33.37, 27.42, 0.23]
[33.5, 25.13, 0.44]
[33.59, 24.3, 0.26]
[33.72, 30.57, 12.63, 0.74, 0.65]
[33.69, 24.18, 0.21]
[33.58, 25.68, 0.35, 0.33]
[33.48, 24.47, 0.58, 0.47]
[33.16, 20.93, 0.1]
[33.56, 29.07, 4.54, 0.56]
[33.45, 25.54, 0.35]
[33.66, 27.84, 2.55, 0.62]
[33.62, 25.25, 0.67, 0.28]
[33.47, 26.57, 0.66, 0.47]
[33.49, 23.38, 0.12]
[33.68, 30.06, 8.58, 0.57, 0.49]
[33.58, 29.31, 5.06, 0.59, 0.55]
[33.31, 21.93, 0.25]
[33.63, 27.8, 1.33, 0.65]
[33.53, 24.9, 0.42, 0.31]
[33.45, 20.45, 0.12, 0.09]
[33.23, 20.26, 0.21, 0.19]
[33.42, 25.26, 0.48]
[33.27, 17.85, 0.11, 0.09]
[33.58, 28.35, 0.98, 0.72]
[33.56, 28.93, 2.76, 0.68]
[33.45, 21.76, 0.31, 0.26]
[33.37, 26.56, 0.56, 0.44]
[33.32, 24.28, 0.5, 0.48]
[33.4, 24.03, 1.43, 1.12]
[33.59, 28.39, 2.11, 0.67, 0.64]
[33.56, 26.76, 0.48, 0.37]
[33.59, 24.13, 1.14, 0.69]
[33.3, 25.18, 0.72, 0.48]
[33.51, 25.7, 0.24]
[33.72, 28.62, 6.25, 0.55]
[33.6, 27.26, 1.3, 0.73]
[33.77, 28.45, 6.53, 1.48, 1.38]
[33.57, 25.93, 0.67, 0.28]
[33.73, 23.22, 0.33]
[33.6, 28.86, 4.17, 0.67, 0.42]
[33.32, 19.68, 0.11, 0.09]
[33.52, 23.77, 0.22]
[33.63, 25.97, 0.29]
[33.86, 28.7, 1.56, 0.36]
[33.68, 23.18, 0.12]
[33.68, 31.13, 18.45, 0.53, 0.38]
[33.54, 23.5, 0.14]
[33.82, 28.2, 3.4, 0.74]
[33.65, 28.47, 1.88, 0.73]
[33.76, 27.63, 0.71, 0.32]
[33.29, 23.54, 0.2]
[33.38, 23.31, 0.26]
[33.37, 22.57, 0.42, 0.19]
[33.25, 19.5, 0.11]
[33.23, 19.5, 0.14, 0.12]
[33.43, 28.01, 1.82, 0.32]
[33.71, 29.53, 7.17, 0.28, 0.23]
[33.78, 29.59, 7.26, 0.4, 0.38]
[33.53, 24.75, 0.84, 0.52]
[33.14, 15.54, 0.04]
[33.47, 22.82, 0.1, 0.08]
[33.48, 24.38, 0.24]
[33.56, 23.4, 0.21]
[33.43, 16.88, 0.27, 0.15]
[33.61, 25.57, 0.46]
[33.49, 24.97, 0.21]
[33.37, 21.34, 0.06]
[33.51, 27.03, 1.14, 0.55]
[33.47, 26.08, 0.32]
[33.54, 24.06, 0.2]
[33.31, 21.89, 0.19]
[33.35, 23.64, 0.19, 0.16]
[33.52, 20.25, 0.13, 0.1]
[33.59, 29.15, 4.82, 0.49, 0.48]
[33.36, 23.39, 0.26]
[33.62, 25.8, 0.33]
[33.52, 25.47, 0.35]
[33.45, 21.82, 0.39]
[33.46, 24.4, 0.3]
[33.43, 21.34, 0.25]
[33.52, 27.94, 1.84, 0.38]
[33.38, 25.76, 0.61, 0.36]
[33.67, 27.74, 0.75, 0.6]
[33.37, 19.88, 0.1]
[33.51, 22.37, 0.12, 0.1]
[33.84, 29.71, 9.01, 0.84, 0.66]
[33.93, 29.52, 7.38, 1.47, 1.27]
[33.66, 26.83, 0.43, 0.34]
[33.35, 23.62, 0.23]
[33.66, 28.76, 6.36, 0.56, 0.54]
[33.59, 28.93, 2.37, 0.36]
[33.44, 27.7, 2.67, 0.28]
[33.63, 28.64, 2.61, 0.45]
[33.71, 30.51, 10.02, 0.08]
[33.29, 24.23, 0.46, 0.44]
[33.68, 31.12, 17.64, 0.72, 0.71]
[33.68, 21.27, 0.24, 0.16]
[33.58, 27.63, 2.55, 0.16]
[33.42, 25.91, 0.39, 0.31]
[33.83, 24.32, 0.26]
[33.62, 25.78, 0.69, 0.47]
[33.76, 28.78, 5.01, 0.32, 0.3]
[33.67, 28.89, 3.88, 0.38, 0.28]
[33.26, 24.1, 0.1]
[33.38, 22.63, 0.2]
[33.75, 25.09, 0.13]
[33.54, 17.3, 0.07]
[33.59, 21.81, 0.01]
[33.58, 23.22, 0.08]
[33.44, 22.93, 0.24]
[33.84, 30.27, 7.68, 0.21, 0.16]
[33.66, 24.86, 0.91, 0.55]
[33.04, 17.46, 0.1]
[33.64, 25.98, 0.52]
[33.54, 27.95, 1.25, 0.65]
[33.5, 19.2, 0.22]
[33.56, 25.1, 0.74, 0.44]
[33.65, 26.58, 0.23, 0.19]
[33.59, 27.58, 1.36, 0.62]
[33.69, 19.65, 0.08, 0.05]
[33.69, 19.23, 0.06, 0.04]
[33.36, 22.39, 0.09]
[33.86, 31.21, 17.14, 0.24, 0.23]
[33.31, 20.15, 0.18]
[33.6, 26.14, 0.49, 0.35]
[33.4, 23.68, 0.11]
[33.3, 23.82, 0.23]
[33.61, 27.47, 2.56, 0.36]
[33.65, 25.75, 0.62, 0.56]
[33.14, 14.14, 0.09]
[33.75, 26.9, 0.16]
[33.6, 28.32, 3.16, 0.61]
[33.79, 28.49, 3.8, 0.65]
[33.44, 24.21, 0.23]
[33.65, 24.53, 0.18]
[33.54, 27.2, 1.55, 1.19, 0.86]
[33.75, 29.61, 6.6, 0.31]
[33.74, 31.47, 19.82, 0.9, 0.55]
[33.35, 27.2, 0.32]
[33.73, 26.23, 1.04, 0.21]
[33.52, 26.26, 0.46]
[33.99, 29.96, 3.59, 0.4]
[33.56, 24.98, 0.19]
[33.55, 28.67, 1.32, 0.43]
[33.7, 27.92, 1.45, 0.41]
[33.53, 29.07, 3.23, 0.34, 0.26]
[33.87, 27.97, 0.88, 0.83]
[33.67, 27.4, 0.5, 0.39]
[33.64, 27.32, 4.48, 1.89]
[33.32, 20.58, 0.14]
[33.95, 30.09, 11.04, 3.62, 2.24]
[33.53, 19.67, 0.19]
[33.6, 26.95, 0.37]
[33.57, 21.63, 0.05]
[33.64, 28.15, 2.03, 0.35]
[33.44, 23.41, 0.47, 0.35]
[33.53, 24.29, 0.35]
[33.46, 24.05, 0.28]
[33.75, 29.79, 7.23, 1.19, 1.08]
[33.71, 24.12, 0.6, 0.47]
[33.67, 23.53, 0.38, 0.33]
[33.64, 29.02, 1.95, 0.62]
[33.59, 28.19, 1.51, 0.66]
[33.33, 16.71, 0.13, 0.05]
[33.37, 17.63, 0.1, 0.04]
[33.64, 28.66, 3.71, 0.38]
[33.52, 22.95, 0.31]
[33.49, 22.39, 0.17]
[33.66, 24.76, 1.12, 0.52]
[33.61, 27.64, 1.13, 0.36]
[33.55, 26.65, 0.74, 0.58]
[33.21, 22.37, 0.37, 0.29]
[33.69, 27.88, 0.27]
[33.26, 16.4, 0.1, 0.05]
[33.41, 17.03, 0.12, 0.11]
[33.81, 28.02, 1.77, 0.39]
[33.17, 20.47, 0.25, 0.15]
[33.5, 26.97, 1.69, 0.35]
[33.8, 28.9, 6.02, 2.45, 2.34]
[33.5, 25.88, 0.4, 0.38]
[33.39, 23.31, 0.21]
[33.39, 22.26, 0.14]
[33.18, 17.69, 0.05]
[33.65, 28.94, 4.11, 0.66]
[33.7, 29.18, 1.28, 0.5]
[33.77, 27.32, 1.11, 0.42]
[33.46, 23.12, 0.06]
[33.34, 19.49, 0.09]
[33.79, 30.59, 7.57, 0.49, 0.44]
[33.65, 29.72, 4.0, 0.94]
[33.69, 30.26, 6.93, 0.32, 0.31]
[33.67, 22.08, 0.17, 0.15]
[33.62, 24.96, 0.65, 0.59]
[33.42, 23.45, 0.39, 0.29]
[33.39, 26.05, 3.49, 0.97]
[33.71, 28.08, 4.21, 1.32]
[33.79, 29.93, 6.84, 1.08, 0.58]
[33.76, 28.44, 4.75, 0.99, 0.99]
[33.63, 27.74, 0.41, 0.36]
[33.62, 25.61, 0.72, 0.65]
[33.38, 26.1, 0.45, 0.34]
[33.65, 25.31, 0.6, 0.34]
[33.45, 25.75, 0.4, 0.39]
[33.54, 25.09, 0.3]
[33.19, 21.94, 0.16, 0.14]
[33.72, 23.29, 0.13]
[33.66, 28.05, 0.74, 0.54]
[33.51, 24.84, 0.27]
[33.47, 25.67, 0.18]
[33.72, 27.14, 1.53, 0.57]
[33.26, 21.36, 0.27]
[33.47, 25.09, 0.27, 0.26]
[33.48, 25.03, 0.44, 0.38]
[33.39, 25.77, 0.2, 0.19]
[33.46, 20.48, 0.12]
[33.43, 15.94, 0.09, 0.07]
[33.62, 28.96, 7.23, 0.41, 0.37]
[33.53, 26.33, 0.45]
[33.5, 20.11, 0.16]
[33.5, 22.5, 0.19]
[33.52, 26.76, 0.27]
[33.77, 28.66, 2.65, 0.47]
[33.7, 28.77, 2.12, 0.36]
[33.6, 25.49, 0.25]
[33.42, 27.07, 1.02, 0.51]
[33.58, 28.16, 2.48, 0.35]
[33.42, 19.85, 0.14, 0.12]
[33.59, 24.82, 0.89, 0.6]
[33.45, 24.32, 0.06]
[33.37, 28.17, 1.91, 0.35]
[33.7, 26.38, 0.89, 0.67, 0.47]
[33.65, 28.8, 3.27, 0.44]
[33.72, 26.96, 0.15]
[33.53, 28.61, 3.55, 0.55]
[33.59, 27.35, 0.79, 0.51]
[33.41, 23.33, 0.38, 0.37]
[33.76, 29.06, 4.94, 0.35, 0.33]
[33.28, 23.59, 0.21]
[33.75, 29.39, 7.84, 0.36, 0.25]
[33.65, 20.23, 0.07]
[33.63, 23.53, 0.28, 0.24]
[33.77, 29.06, 4.72, 0.57, 0.48]
[33.26, 22.33, 0.08, 0.05]
[33.6, 26.71, 0.75]
[33.71, 28.47, 1.64, 0.36]
[33.42, 19.01, 0.17, 0.15]
[33.4, 20.58, 0.07]
[33.49, 27.94, 1.74, 0.42]
[33.42, 22.2, 0.31]
[33.51, 21.78, 0.25, 0.19]
[33.48, 30.09, 12.09, 0.08]
[33.59, 25.19, 0.18, 0.17]
[33.63, 25.81, 0.21, 0.17]
[33.44, 23.79, 0.19]
[33.8, 31.91, 15.44, 0.72]
[33.59, 25.93, 0.57]
[33.65, 27.53, 0.63, 0.59]
[33.62, 28.42, 4.64, 0.5, 0.43]
[33.67, 27.49, 1.1, 0.79]
[33.67, 27.32, 1.2, 0.36]
[33.4, 19.86, 0.1]
[33.6, 24.39, 0.26, 0.23, 0.18]
[33.09, 14.84, 0.13, 0.08]
[33.36, 24.82, 0.25]
[33.63, 22.68, 0.48, 0.34]
[33.41, 24.06, 0.25]
[33.24, 20.02, 0.03]
[33.72, 27.2, 1.54, 0.41]
[33.73, 24.04, 0.19]
[33.3, 20.71, 0.26]
[33.43, 24.57, 0.2]
[33.44, 21.28, 0.3, 0.28]
[33.48, 23.67, 0.15, 0.13]
[33.69, 27.39, 1.08, 0.9, 0.73, 0.46]
[33.69, 29.49, 11.75, 0.26, 0.24]
[33.74, 30.14, 13.42, 0.3, 0.29]
[33.63, 28.3, 0.77, 0.61]
[33.5, 24.12, 0.2]
[33.49, 28.8, 5.7, 0.18, 0.16]
[33.57, 27.76, 2.01, 0.38]
[33.16, 20.65, 0.13, 0.1]
[33.68, 28.41, 1.86, 0.38, 0.36]
[33.63, 23.3, 0.2, 0.18]
[33.38, 21.43, 0.29, 0.26]
[33.39, 15.95, 0.16, 0.11]
[33.82, 27.88, 2.18, 0.55]
[33.77, 29.93, 8.85, 0.22, 0.21]
[33.56, 25.46, 0.57, 0.38]
[33.46, 22.89, 0.18, 0.16]
[33.39, 17.04, 0.1, 0.07]
[33.49, 28.07, 2.05, 0.54]
[33.47, 21.54, 0.11]
[33.59, 25.05, 0.44, 0.37]
[33.52, 24.28, 0.12]
[33.85, 28.62, 1.61, 1.22, 0.86]
[33.36, 25.74, 0.23]
[33.7, 27.16, 0.26, 0.18]
[33.28, 24.55, 0.26]
[33.6, 23.12, 0.33]
[33.58, 27.8, 0.97, 0.6]
[33.44, 24.07, 0.72, 0.39]
[33.53, 25.08, 0.16]
[33.52, 22.43, 0.05]
[33.42, 20.4, 0.1]
[33.63, 28.76, 6.09, 0.64, 0.55]
[33.52, 27.29, 1.25, 0.43]
[33.38, 21.64, 0.21, 0.15]
[33.38, 15.8, 0.04]
[33.53, 22.02, 0.15, 0.1]
[33.6, 28.11, 3.36, 0.49]
[33.23, 15.43, 0.05, 0.04]
[33.7, 25.02, 0.51]
[33.3, 21.89, 0.07]
[33.55, 27.52, 0.47, 0.36]
[33.49, 27.19, 0.38, 0.35]
[33.78, 27.76, 2.61, 0.51]
[33.41, 19.57, 0.1]
[33.43, 28.03, 0.56, 0.45]
[33.41, 23.37, 0.36]
[33.42, 22.54, 0.14]
[33.63, 29.08, 2.97, 0.42]
[33.51, 26.59, 0.23, 0.17]
[33.54, 27.33, 0.34]
[33.79, 28.37, 1.24, 0.36]
[33.4, 19.57, 0.19]
[33.56, 26.49, 1.13, 0.3]
[33.35, 21.25, 0.12, 0.08]
[33.38, 26.14, 0.23]
[33.74, 27.48, 0.87, 0.58]
[33.51, 24.15, 0.17]
[33.69, 26.01, 0.35, 0.31]
[33.71, 26.5, 1.11, 0.62]
[33.57, 24.61, 0.08]
[33.58, 28.99, 7.41, 0.19]
[33.48, 22.51, 0.31]
[33.62, 26.0, 0.51, 0.39]
[33.51, 23.99, 0.23]
[33.6, 27.17, 0.56]
[33.56, 26.53, 0.46, 0.4]
[33.42, 21.67, 0.12]
[33.46, 26.8, 1.45, 0.52]
[33.74, 28.08, 3.98, 0.59]
[33.77, 29.42, 13.32, 1.25]
[33.57, 22.94, 0.17]
[33.21, 22.7, 0.12, 0.09]
[33.57, 29.17, 3.26, 0.38]
[33.66, 29.14, 1.23, 0.41]
[33.45, 26.71, 2.86, 0.38]
[33.67, 27.15, 0.35]
[33.75, 28.96, 6.47, 0.13]
[33.64, 24.85, 0.27]
[33.45, 26.25, 0.92, 0.71]
[33.55, 22.43, 0.16]
[33.66, 26.6, 1.22, 0.63]
[33.27, 15.92, 0.09, 0.06]
[33.38, 20.13, 0.19, 0.15]
[33.59, 28.2, 3.87, 0.64]
[33.18, 16.83, 0.14, 0.1]
[33.41, 22.99, 0.21]
[33.61, 29.62, 7.58, 0.11, 0.1]
[33.78, 29.29, 8.0, 0.28]
[33.65, 27.51, 0.35]
[33.35, 27.32, 0.21]
[33.28, 20.98, 0.1]
[33.39, 25.05, 0.16]
[33.47, 25.8, 0.4, 0.35]
[33.48, 23.0, 0.21, 0.2]
[33.62, 27.24, 0.63, 0.41, 0.37]
[33.72, 30.54, 10.7, 0.23, 0.2]
[33.62, 28.79, 9.47, 0.33]
[33.37, 27.57, 1.76, 0.88]
[33.81, 29.57, 2.73, 0.46]
[33.68, 29.57, 1.72, 0.45]
[33.65, 27.46, 2.2, 0.89, 0.81]
[33.63, 27.36, 2.59, 1.67]
[33.13, 16.28, 0.08, 0.04]
[33.57, 20.54, 0.15]
[33.63, 28.13, 5.33, 0.52]
[33.64, 29.16, 3.21, 0.29, 0.24]
[33.68, 26.49, 0.65, 0.48, 0.38]
[33.8, 28.48, 1.39, 1.14]
[33.55, 20.55, 0.19]
[33.4, 26.2, 0.97, 0.5]
[33.7, 26.51, 0.61, 0.42]
[33.44, 27.18, 0.83, 0.7]
[33.64, 28.67, 1.59, 0.57, 0.43]
[33.58, 24.89, 0.11]
[33.66, 28.72, 2.85, 0.28, 0.17]
[33.44, 22.11, 0.14, 0.11]
[33.31, 21.95, 0.23]
[33.53, 27.75, 0.64, 0.38]
[33.68, 28.48, 3.95, 0.33, 0.28]
[33.55, 24.78, 0.26]
[33.86, 30.41, 8.87, 0.28, 0.27]
[33.58, 23.44, 0.08]
[33.51, 25.52, 0.16]
[33.24, 14.74, 0.11, 0.03]
[33.53, 25.77, 0.5, 0.38]
[33.78, 31.33, 18.54, 0.9, 0.69]
[33.32, 23.9, 0.12]
[33.57, 27.62, 3.12, 0.69]
[33.34, 22.41, 0.24]
[33.34, 24.33, 0.1]
[33.58, 27.01, 0.62, 0.52]
[33.47, 23.13, 0.09]
[33.79, 29.53, 7.2, 0.46, 0.43]
[33.74, 28.35, 1.6, 0.46]
[33.4, 27.24, 0.99, 0.6]
[33.5, 28.36, 0.71, 0.43]
[33.41, 24.08, 0.56, 0.55]
[33.45, 22.51, 0.1]
[33.09, 15.06, 0.16, 0.1]
[33.55, 28.06, 0.6, 0.49]
[33.67, 29.15, 1.01, 0.57]
[33.78, 30.8, 8.01, 0.24, 0.23]
[33.21, 22.42, 0.15]
[33.48, 23.9, 0.26, 0.24]
[33.48, 23.0, 0.18, 0.16]
[33.72, 30.49, 10.66, 0.28, 0.25]
[33.51, 19.22, 0.14, 0.09]
[33.45, 26.15, 1.63, 0.57]
[33.84, 31.95, 18.59, 1.03, 0.8]
[33.76, 29.71, 9.76, 1.01, 0.82]
[33.9, 30.65, 6.61, 0.38, 0.37]
[32.93, 15.55, 0.07]
[33.63, 27.29, 2.77, 0.41]
[33.43, 25.2, 0.79, 0.6]
[33.41, 25.21, 0.38, 0.35]
[33.52, 26.98, 0.53, 0.34]
[33.13, 19.08, 0.06]
[33.51, 23.61, 0.32, 0.3]
[33.59, 22.79, 0.16]
[33.48, 25.75, 0.19]
[33.47, 27.31, 0.57, 0.51]
[33.57, 26.97, 0.55, 0.46]
[33.52, 27.15, 1.04, 0.54]
[33.56, 25.72, 0.28]
[33.42, 22.44, 0.2]
[33.67, 29.48, 3.38, 0.54]
[33.59, 25.56, 0.44]
[33.25, 15.39, 0.12, 0.1]
[33.6, 26.53, 0.25]
[33.84, 31.74, 20.16, 1.45, 0.39]
[33.49, 27.8, 2.69, 0.69]
[33.51, 22.53, 0.03]
[33.47, 30.33, 9.91, 0.79, 0.68]
[33.45, 25.7, 1.28, 0.78]
[33.53, 23.28, 0.23]
[33.52, 27.07, 0.52, 0.41]
[33.55, 25.82, 0.25]
[33.6, 23.82, 0.41, 0.31]
[33.58, 26.46, 0.24]
[33.17, 18.6, 0.11, 0.09]
[33.19, 23.35, 0.5, 0.35]
[33.62, 29.98, 2.43, 0.52]
[33.08, 21.46, 0.38, 0.34]
[33.72, 29.02, 3.94, 0.81, 0.68]
[33.73, 28.33, 0.61, 0.57]
[33.52, 23.39, 0.09]
[33.66, 27.4, 2.07, 0.85]
[33.46, 24.79, 0.35]
[33.66, 27.6, 0.58, 0.53]
[33.46, 26.27, 0.28]
[33.46, 24.54, 0.21]
[33.49, 29.5, 1.79, 0.36]
[33.74, 30.21, 10.78, 0.6, 0.59]
[33.49, 27.7, 0.79, 0.69]
[33.43, 21.34, 0.08]
[33.38, 20.81, 0.08]
[33.64, 19.79, 0.12, 0.07]
[33.34, 22.43, 0.23, 0.2]
[33.77, 30.56, 17.46, 1.39, 1.16]
[33.71, 24.14, 0.56]
[33.06, 17.01, 0.19, 0.17]
[33.91, 30.32, 10.82, 0.2, 0.19]
[33.64, 27.0, 1.64, 0.95]
[33.58, 22.13, 0.25]
[33.35, 19.5, 0.12, 0.08]
[33.76, 24.43, 0.42]
[33.71, 25.3, 0.37, 0.25]
[33.76, 24.6, 0.17]
[33.41, 21.56, 0.12]
[33.6, 28.88, 2.33, 0.6]
[33.67, 28.96, 4.88, 0.25]
[33.61, 23.39, 0.13]
[33.64, 28.68, 3.69, 0.89, 0.51]
[33.51, 26.78, 0.48, 0.34]
[33.53, 26.88, 0.93, 0.9]
[33.62, 28.32, 0.91, 0.75]
[33.23, 19.18, 0.09, 0.07]
[33.49, 20.47, 0.13]
[33.69, 30.51, 15.65, 0.33, 0.3]
[33.5, 23.4, 0.14, 0.12]
[33.31, 19.08, 0.06, 0.03]
[33.62, 28.42, 4.89, 0.66]
[33.55, 26.04, 1.33, 0.53]
[33.78, 29.86, 8.03, 0.39]
[33.43, 22.26, 0.09]
[33.64, 29.15, 5.71, 0.74, 0.57]
[33.64, 27.7, 1.16, 0.59]
[33.59, 26.94, 0.62, 0.32]
[33.56, 25.82, 0.27, 0.21]
[33.47, 25.46, 0.12]
[33.43, 19.96, 0.16, 0.12]
[33.74, 28.82, 3.47, 0.64]
[33.42, 24.54, 0.48]
[33.46, 27.35, 0.59, 0.36]
[33.74, 27.3, 0.89, 0.36]
[33.6, 19.78, 0.11]
[33.56, 28.03, 0.79, 0.39]
[33.88, 29.39, 0.9, 0.58]
[33.54, 27.77, 1.25, 0.52]
[33.46, 24.86, 0.94, 0.69]
[33.29, 18.09, 0.1]
[33.52, 29.45, 6.26, 1.37, 1.34]
[33.53, 31.39, 16.84, 0.27]
[33.59, 29.35, 6.58, 0.43, 0.35]
[33.53, 25.58, 0.65]
[33.86, 30.51, 10.35, 0.29, 0.28]
[33.62, 27.18, 0.65, 0.36]
[33.42, 26.79, 2.59, 0.62]
[33.59, 29.1, 8.1, 0.44, 0.38]
[33.52, 26.04, 0.43]
[33.54, 30.55, 8.04, 0.23]
[33.46, 20.67, 0.12]
[33.36, 24.65, 0.25]
[33.82, 31.77, 18.8, 1.5, 1.3, 0.55]
[33.5, 24.38, 0.36, 0.22]
[33.55, 27.66, 1.73, 0.5]
[33.63, 28.76, 3.36, 0.95]
[33.82, 32.3, 24.51, 4.46, 2.81]
[33.63, 25.87, 0.55]
[33.4, 26.33, 0.51, 0.41]
[33.62, 23.52, 0.16]
[33.66, 28.8, 0.56, 0.35]
[33.65, 24.58, 0.17]
[33.64, 26.92, 2.26, 0.48]
[33.21, 20.51, 0.15]
[33.62, 28.45, 2.52, 0.67]
[33.28, 21.88, 0.22]
[33.59, 28.08, 0.81, 0.36]
[33.41, 23.57, 0.09]
[33.28, 24.86, 0.25]
[33.8, 29.56, 4.64, 0.49, 0.44]
[33.56, 26.28, 0.22]
[33.29, 24.99, 0.29, 0.25]
[33.51, 25.48, 0.42, 0.35]
[33.63, 27.84, 1.05, 0.41]
[33.38, 21.97, 0.45]
[33.03, 16.45, 0.15, 0.13]
[33.42, 20.57, 0.09, 0.05]
[33.46, 25.79, 0.45, 0.29]
[33.5, 27.75, 1.62, 0.62]
[33.59, 25.51, 0.5, 0.48]
[33.73, 27.95, 2.84, 0.73]
[33.54, 22.15, 0.14, 0.11]
[33.54, 27.26, 0.38, 0.34]
[33.57, 28.27, 1.92, 1.53]
[33.6, 26.43, 0.79, 0.69]
[33.76, 25.38, 0.25]
[33.59, 25.42, 0.2]
[33.25, 23.22, 0.15]
[33.44, 24.53, 0.16]
[33.65, 30.96, 13.09, 0.59, 0.58]
[33.55, 26.94, 1.69, 0.55]
[33.39, 23.99, 0.14, 0.12]
[33.53, 22.85, 0.17]
[33.41, 24.96, 0.41, 0.33]
[33.39, 19.49, 0.12, 0.1]
[33.31, 21.71, 0.3]
[33.65, 25.37, 0.36]
[33.7, 25.8, 0.27, 0.25]
[33.71, 28.07, 1.15, 0.46]
[33.68, 28.75, 3.56, 0.2]
[33.48, 22.26, 0.12]
[33.34, 18.84, 0.16]
[33.3, 19.68, 0.13]
[33.14, 22.43, 0.27]
[33.66, 24.34, 0.51, 0.38]
[33.74, 27.27, 0.56]
[33.73, 30.73, 13.65, 0.26, 0.23]
[33.45, 21.84, 0.28]
[33.76, 27.35, 1.67, 0.51]
[33.6, 28.31, 3.88, 0.6, 0.58]
[33.1, 25.59, 0.16]
[33.61, 27.38, 0.67, 0.57]
[33.16, 16.4, 0.14, 0.09]
[33.29, 19.58, 0.21, 0.19]
[33.7, 27.88, 0.53, 0.46]
[33.0, 15.04, 0.07, 0.05]
[33.18, 23.33, 0.12]
[33.74, 24.28, 0.18]
[33.54, 27.52, 0.35, 0.26]
[33.8, 31.14, 20.49, 0.67, 0.52]
[33.52, 25.1, 0.22]
[33.53, 23.92, 0.11]
[33.7, 24.85, 0.22, 0.18]
[33.74, 25.56, 0.33]
[33.21, 22.6, 0.11]
[33.7, 24.97, 0.16]
[33.77, 30.58, 10.02, 0.81]
[33.22, 17.36, 0.19]
[33.49, 20.23, 0.09, 0.07]
[33.86, 24.9, 0.13]
[33.79, 24.31, 0.21, 0.17]
[33.65, 27.45, 1.17, 0.73]
[33.69, 25.89, 0.34]
[33.44, 27.28, 0.74, 0.67]
[33.11, 21.98, 0.07]
[33.43, 27.91, 3.89, 1.04]
[33.63, 26.15, 0.36]
[33.52, 26.12, 0.3]
[33.5, 26.81, 0.38]
[33.5, 27.51, 0.3]
[33.54, 26.96, 0.2]
[33.77, 29.29, 5.07, 1.47]
[33.28, 14.24, 0.08, 0.05]
[33.46, 20.85, 0.09]
[33.32, 20.13, 0.13, 0.08]
[33.56, 22.89, 0.26, 0.23]
[33.14, 20.26, 0.08]
[33.48, 22.44, 0.22, 0.17]
[33.71, 30.06, 12.57, 0.4, 0.34]
[33.86, 28.74, 4.53, 0.52]
[33.62, 27.62, 1.63, 0.7]
[33.86, 29.41, 5.87, 0.45, 0.42]
[33.44, 21.04, 0.23, 0.21]
[33.34, 25.06, 0.37]
[33.29, 21.62, 0.14, 0.12]
[33.72, 27.97, 1.35, 0.71]
[33.72, 29.11, 2.67, 0.99, 0.89]
[33.18, 23.31, 0.08]
[33.33, 21.41, 0.07]
[33.38, 18.54, 0.19]
[33.63, 25.52, 0.15, 0.13]
[33.48, 26.32, 0.89, 0.81]
[33.63, 25.22, 0.15]
[33.51, 21.92, 0.15]
[33.56, 30.57, 13.29, 0.27, 0.26]
[33.65, 24.74, 0.22]
[33.25, 22.53, 0.25, 0.18]
[33.07, 16.22, 0.11, 0.1]
[33.42, 24.49, 0.23]
[33.32, 23.85, 0.43, 0.41]
[33.65, 24.08, 0.11]
[33.41, 25.04, 0.26]
[33.63, 25.06, 0.13]
[33.33, 18.43, 0.1, 0.08]
[33.39, 24.41, 0.21, 0.2]
[33.43, 21.59, 0.09]
[33.55, 25.69, 0.13]
[33.38, 19.37, 0.12, 0.1]
[33.64, 28.23, 1.42, 0.89]
[33.58, 26.43, 0.24]
[33.52, 27.42, 1.05, 0.24]
[33.62, 16.74, 0.13, 0.05]
