[33.54, 29.19, 5.78, 0.27, 0.25]
[33.22, 24.19, 0.31]
[33.7, 31.23, 19.73, 1.22, 1.02]
[33.38, 24.77, 0.31, 0.29]
[33.54, 29.9, 14.99, 0.72]
[33.57, 30.1, 13.37, 1.06, 0.68]
[33.1, 23.86, 0.28]
[33.45, 28.56, 4.34, 0.53]
[33.69, 30.77, 17.25, 4.44, 3.53]
[33.32, 26.58, 0.22]
[33.65, 28.65, 6.85, 1.31, 0.76]
[33.49, 31.25, 23.05, 11.23, 7.38, 6.65]
[33.48, 31.25, 24.88, 9.55, 4.96, 3.82]
[33.83, 31.05, 23.03, 10.28, 9.21, 9.12]
[33.61, 28.19, 6.53, 0.7]
[33.18, 23.93, 0.4]
[33.63, 31.69, 23.87, 6.24, 2.22, 1.81]
[33.77, 32.98, 31.85, 30.09, 28.01, 26.5, 26.07, 26.07]
[33.5, 29.7, 15.28, 1.64, 1.09]
[33.15, 26.36, 0.25]
[33.43, 28.72, 9.95, 1.58, 1.39]
[33.39, 26.99, 1.3, 0.44]
[33.43, 30.56, 13.37, 0.34, 0.32]
[33.69, 32.01, 25.12, 10.91, 6.65, 5.54]
[33.74, 29.53, 9.03, 0.89]
[33.54, 31.51, 16.81, 1.8, 1.3, 0.91]
[33.74, 30.44, 17.19, 5.61, 3.87, 3.18, 3.04]
[33.6, 30.75, 18.85, 2.44, 1.54]
[33.76, 30.99, 17.36, 1.14, 0.98]
[33.54, 31.13, 15.05, 0.62]
[33.81, 31.99, 23.43, 10.4, 7.65, 7.15, 6.96]
[33.63, 30.72, 11.56, 0.44, 0.39]
[33.63, 30.1, 8.95, 2.52, 2.31]
[33.43, 24.8, 0.42]
[33.44, 30.03, 14.2, 2.61, 2.0, 1.41, 1.1]
[33.47, 28.96, 6.28, 1.07, 1.07]
[33.61, 31.87, 22.3, 6.95, 4.23, 2.85, 0.69]
[33.59, 30.87, 18.72, 4.5, 3.35]
[33.33, 26.91, 1.92, 1.01, 0.96]
[33.81, 30.01, 13.53, 1.28, 1.23]
[33.36, 27.05, 0.5, 0.36]
[33.48, 23.99, 0.27]
[33.55, 30.86, 16.37, 2.81, 1.8]
[33.51, 27.77, 2.05, 0.93]
[33.54, 28.89, 0.98, 0.71]
[33.5, 29.15, 11.02, 1.63, 1.64]
[33.51, 25.19, 0.21]
[33.62, 32.54, 28.58, 16.29, 0.62]
[33.65, 29.63, 9.73, 0.27, 0.24]
[33.69, 31.22, 21.86, 6.01, 3.53, 3.37]
[33.6, 29.58, 13.41, 3.47, 3.09]
[33.71, 30.07, 10.54, 0.72, 0.67]
[33.42, 26.49, 0.75, 0.64]
[33.41, 25.76, 0.31, 0.26]
[33.58, 30.91, 18.12, 2.7, 0.61]
[33.57, 29.05, 7.11, 0.32, 0.28]
[33.7, 33.19, 32.61, 31.2, 29.41, 29.21]
[33.64, 30.38, 13.35, 0.54, 0.53]
[33.7, 30.81, 16.5, 2.78, 2.27, 1.18, 1.12]
[33.27, 27.1, 0.76, 0.47]
[33.31, 24.57, 0.54, 0.42]
[33.8, 32.91, 30.33, 20.56, 11.45, 9.73, 9.34]
[33.52, 26.79, 0.56]
[33.58, 30.82, 14.04, 2.02, 1.62, 0.87]
[33.49, 28.65, 4.02, 0.39]
[33.37, 28.2, 2.85, 0.56]
[33.43, 28.41, 3.05, 0.31]
[33.71, 31.16, 18.62, 3.4, 1.4]
[33.24, 26.29, 0.2]
[33.43, 29.46, 5.47, 0.33, 0.26]
[33.16, 23.42, 0.35, 0.34]
[33.37, 27.66, 2.92, 0.73]
[33.64, 29.71, 9.57, 3.38, 3.43]
[33.21, 26.24, 0.82, 0.73]
[33.49, 29.38, 7.14, 0.34, 0.31]
[33.32, 30.27, 15.64, 0.42]
[33.9, 32.57, 26.96, 17.13, 11.03, 10.49]
[33.44, 29.58, 8.89, 0.55, 0.48]
[33.54, 28.74, 4.86, 0.46]
[33.51, 28.81, 0.75]
[33.63, 31.69, 23.62, 7.26, 4.95, 4.81]
[33.14, 27.06, 0.53, 0.41]
[33.8, 31.21, 22.57, 7.39, 6.99]
[33.52, 28.57, 7.06, 1.45]
[33.69, 29.7, 9.15, 1.33, 1.26, 1.09]
[33.48, 29.05, 3.71, 0.33]
[33.74, 31.59, 22.66, 7.41, 4.42]
[33.62, 31.5, 22.98, 6.84, 4.38, 4.11, 3.97]
[33.26, 25.72, 0.98, 0.69]
[33.44, 27.62, 1.76, 0.47]
[33.37, 27.47, 2.89, 1.33]
[33.6, 30.92, 19.77, 5.77, 4.63, 4.54]
[33.66, 29.2, 8.82, 1.07, 1.0]
[33.54, 31.55, 17.84, 0.42, 0.25]
[33.84, 32.58, 26.6, 17.72, 12.25, 10.49]
[33.37, 27.53, 3.64, 0.9, 0.77]
[33.3, 26.58, 4.35, 0.87, 0.52]
[33.25, 22.34, 0.18, 0.17]
[33.54, 31.27, 24.05, 5.64, 1.0]
[33.55, 28.76, 3.26, 0.47, 0.45]
[33.61, 32.01, 24.99, 5.14, 1.46]
[33.54, 29.6, 11.39, 0.36]
[33.54, 30.18, 10.01, 0.72, 0.71]
[33.46, 27.4, 1.54, 0.5]
[33.68, 30.06, 17.88, 5.23, 2.82]
[33.4, 30.73, 18.56, 0.62, 0.52]
[33.66, 29.52, 13.82, 3.89, 3.07, 2.84, 2.75]
[33.81, 32.69, 27.52, 16.19, 5.38, 3.08, 2.8, 1.65, 1.52]
[33.37, 25.26, 0.89, 0.41]
[33.87, 31.4, 21.68, 13.09, 9.47, 8.69, 8.59]
[33.41, 30.3, 13.08, 0.17]
[33.57, 29.6, 7.47, 0.3, 0.25]
[33.63, 30.6, 13.56, 0.26, 0.25]
[33.37, 22.75, 0.26, 0.25]
[33.52, 24.72, 1.81, 0.64]
[33.46, 28.91, 6.26, 1.74, 1.67]
[33.36, 26.74, 1.45, 1.15, 0.79]
[33.78, 31.52, 19.46, 2.24, 2.01, 1.81, 1.18]
[33.72, 31.41, 13.15, 1.02]
[33.57, 31.79, 25.57, 13.26, 7.22, 6.22]
[33.56, 29.62, 5.73, 0.84]
[33.88, 33.22, 31.77, 29.21, 26.36, 22.93, 22.29, 22.07]
[33.2, 25.72, 0.84, 0.29]
[33.73, 31.65, 23.87, 9.76, 5.28, 4.64, 4.26]
[33.54, 30.56, 15.26, 0.7, 0.46]
[33.42, 26.0, 0.94, 0.56]
[33.28, 25.88, 0.35]
[33.8, 31.66, 26.79, 12.63, 5.43, 5.13]
[33.85, 32.76, 29.91, 24.55, 18.6, 15.95, 15.58]
[33.46, 26.4, 0.66, 0.6]
[33.4, 24.35, 1.9, 1.0, 0.88]
[33.63, 31.31, 17.86, 4.55, 3.23, 2.74]
[33.67, 30.61, 11.58, 0.78, 0.78]
[33.64, 30.33, 13.9, 1.5, 0.7]
[33.41, 28.28, 4.74, 0.33, 0.27]
[33.6, 29.73, 7.81, 0.54, 0.53]
[33.48, 29.5, 8.11, 0.97, 0.81]
[33.41, 29.6, 4.77, 0.27]
[33.62, 29.45, 12.14, 0.4]
[33.48, 28.83, 7.73, 1.23, 0.96]
[33.31, 27.96, 3.98, 0.19]
[33.65, 31.25, 18.48, 1.62, 0.81]
[33.56, 29.64, 9.53, 0.65, 0.65]
[33.18, 28.24, 5.19, 0.49]
[33.57, 31.29, 21.44, 5.48, 3.01, 1.75]
[33.53, 25.79, 0.42]
[33.31, 25.78, 0.58, 0.47]
[33.43, 27.93, 3.9, 0.42]
[33.39, 28.43, 3.57, 0.42]
[33.8, 30.89, 15.83, 4.24, 1.73, 1.61]
[33.7, 31.95, 26.99, 13.35, 9.25, 9.11, 9.02]
[33.63, 31.79, 23.38, 11.28, 8.63, 8.55]
[33.49, 30.28, 9.83, 0.22, 0.2]
[33.22, 23.15, 0.24]
[33.68, 29.46, 9.57, 0.58, 0.57]
[33.68, 30.3, 14.83, 1.9, 0.69]
[33.23, 25.88, 0.14]
[33.5, 29.29, 8.0, 0.62, 0.6]
[33.25, 27.97, 3.58, 0.42]
[33.76, 31.3, 18.18, 1.48, 0.93]
[33.43, 30.0, 10.49, 0.25, 0.19]
[33.5, 30.35, 9.61, 0.22, 0.21]
[33.59, 30.19, 13.65, 2.36, 1.44, 1.37]
[33.64, 31.93, 27.18, 14.3, 1.74, 0.62]
[33.58, 29.61, 4.23, 0.38]
[33.63, 29.77, 10.13, 3.67, 3.45]
[33.38, 27.16, 1.45, 0.54]
[33.3, 21.08, 0.25, 0.23]
[33.18, 22.9, 0.45]
[33.53, 25.38, 0.91, 0.48]
[33.87, 30.36, 18.35, 0.82]
[33.52, 28.35, 4.92, 0.65]
[33.67, 25.27, 0.56, 0.5]
[33.39, 25.7, 0.39, 0.27]
[33.36, 28.31, 8.22, 0.4, 0.37]
[33.8, 31.09, 17.57, 2.39, 2.07, 1.18]
[33.51, 28.45, 3.63, 0.33, 0.3]
[33.23, 26.43, 0.56, 0.5]
[33.74, 28.94, 4.18, 0.61]
[33.7, 30.56, 15.89, 1.34, 1.26]
[33.58, 31.99, 28.4, 19.95, 9.67, 7.73, 7.65]
[33.77, 31.4, 20.79, 3.86, 2.18, 2.06]
[33.74, 31.74, 22.97, 8.06, 4.83, 4.64, 4.34]
[33.34, 27.19, 0.81, 0.55]
[33.86, 30.12, 10.26, 1.64, 1.44]
[33.57, 27.4, 2.64, 1.22, 1.18]
[33.76, 32.14, 26.16, 16.68, 9.96, 7.13, 5.72]
[33.4, 29.32, 9.61, 0.15, 0.12]
[33.54, 28.16, 6.09, 0.89]
[33.48, 28.71, 1.33, 0.81]
[33.36, 25.93, 4.08, 0.77]
[33.74, 31.87, 25.46, 8.5, 4.52, 4.17, 4.03]
[33.51, 30.55, 15.51, 5.38, 3.55, 3.46]
[33.6, 28.31, 2.69, 0.35]
[33.35, 29.24, 0.6, 0.54]
[33.58, 31.86, 23.41, 2.48, 0.61]
[33.48, 28.06, 3.06, 0.44]
[33.42, 26.99, 0.37]
[33.52, 28.05, 3.04, 1.05]
[33.45, 30.47, 14.72, 0.33, 0.29]
[33.48, 26.26, 1.04, 0.94]
[33.44, 28.94, 4.38, 0.83]
[33.78, 31.56, 21.35, 6.2, 4.09]
[33.65, 30.38, 11.82, 0.88, 0.66]
[33.31, 26.04, 1.78, 0.4]
[33.71, 30.83, 14.28, 0.29]
[33.4, 26.74, 0.87, 0.69, 0.49]
[33.69, 30.43, 13.47, 3.94, 3.25]
[33.25, 24.73, 1.66, 0.62]
[33.56, 28.42, 7.87, 0.47, 0.46]
[33.68, 29.62, 7.88, 0.55, 0.39]
[33.72, 29.89, 10.79, 1.44, 1.36]
[33.45, 23.93, 0.13]
[33.55, 32.25, 27.68, 18.42, 6.57, 5.17]
[33.9, 32.73, 28.51, 18.73, 12.05, 11.1]
[33.38, 26.07, 0.42, 0.32]
[33.42, 28.89, 5.12, 1.9, 1.16]
[33.75, 32.17, 27.84, 19.72, 10.84, 8.96, 8.8]
[33.5, 24.31, 0.49, 0.39]
[33.39, 28.9, 5.16, 0.35, 0.32]
[33.92, 30.92, 19.27, 9.06, 8.27, 8.08]
[33.39, 28.39, 6.65, 0.99]
[33.47, 27.7, 1.8, 0.65]
[33.6, 29.75, 9.83, 0.21, 0.2]
[33.45, 30.47, 12.36, 0.65]
[33.64, 30.99, 21.54, 4.02, 1.82]
[33.76, 29.98, 15.86, 4.04, 2.35]
[33.57, 30.37, 17.61, 2.72, 1.5]
[33.5, 27.38, 2.7, 1.29, 1.24]
[33.53, 30.6, 15.04, 1.25, 0.63]
[33.47, 29.49, 10.63, 2.41, 1.97]
[33.86, 32.18, 26.09, 12.78, 5.73, 5.44]
[33.76, 31.66, 21.73, 4.65, 1.92, 1.81, 1.61]
[33.15, 23.52, 0.59, 0.56]
[33.57, 29.86, 15.71, 2.66, 1.6, 0.89]
[33.19, 24.39, 0.33]
[33.69, 32.57, 30.31, 25.82, 18.93, 14.82, 11.81, 9.73, 9.26]
[33.45, 30.33, 16.77, 2.69, 2.14]
[33.57, 29.27, 5.9, 0.84]
[33.36, 25.95, 1.33, 0.57]
[33.51, 29.06, 8.89, 0.65]
[33.32, 28.2, 6.04, 0.29, 0.26]
[33.62, 31.21, 18.76, 4.68, 4.01, 3.81, 3.71, 3.08]
[33.45, 28.67, 8.12, 0.28, 0.26]
[33.74, 33.23, 32.14, 30.14, 25.68, 21.61, 19.29, 18.61, 18.4]
[33.32, 25.27, 0.54, 0.38]
[33.88, 30.71, 20.41, 8.04, 5.76]
[33.74, 31.13, 20.1, 6.93, 4.01, 2.76, 2.67]
[33.48, 28.6, 9.47, 0.9, 0.89]
[33.85, 32.87, 30.48, 22.29, 9.17, 3.69, 3.35]
[33.3, 28.75, 7.37, 2.35, 2.36]
[33.59, 31.33, 19.57, 1.84, 1.42]
[33.51, 24.94, 0.24, 0.2]
[33.69, 30.8, 20.26, 5.92, 2.99, 2.51, 2.43]
[33.57, 27.89, 4.61, 0.57]
[33.47, 28.95, 4.06, 0.98]
[33.28, 25.18, 0.24]
[33.75, 29.06, 7.18, 0.48, 0.41]
[33.56, 29.7, 10.43, 1.33, 0.88]
[33.72, 29.76, 13.16, 2.3, 2.31]
[33.39, 28.95, 9.94, 0.54, 0.53]
[33.54, 31.57, 24.82, 12.79, 8.55, 7.19, 6.86]
[33.81, 31.79, 18.6, 5.84, 3.03, 2.67, 1.4]
[33.6, 29.77, 10.63, 0.46, 0.28]
[33.43, 26.05, 0.44]
[33.55, 31.25, 23.52, 7.38, 4.28, 3.48, 3.4]
[33.41, 29.13, 5.48, 0.72]
[33.56, 32.15, 26.0, 15.18, 10.25, 10.18]
[33.71, 31.51, 21.84, 7.52, 5.28, 4.78]
[33.28, 24.23, 0.18]
[33.55, 28.29, 5.53, 0.42]
[33.04, 19.29, 0.12, 0.08]
[33.12, 25.8, 0.46]
[33.49, 26.07, 0.77, 0.68]
[33.39, 28.43, 2.63, 0.65, 0.65]
[33.64, 31.74, 20.5, 1.16, 0.78]
[33.37, 27.2, 0.63, 0.46]
[33.21, 20.25, 0.09]
[33.6, 28.4, 3.65, 0.64]
[33.66, 31.87, 25.5, 9.99, 4.13, 3.51, 3.43]
[33.53, 29.22, 10.71, 0.53]
[33.38, 29.41, 9.14, 0.93, 0.93]
[33.56, 30.33, 15.56, 0.24]
[33.4, 25.21, 1.62, 0.62]
[33.45, 30.02, 7.22, 0.2, 0.15]
[33.21, 25.72, 0.65, 0.55]
[33.73, 29.77, 8.68, 1.46, 1.14]
[33.6, 30.1, 15.74, 1.47, 1.38]
[33.57, 28.22, 4.53, 0.71]
[33.78, 31.71, 26.34, 14.64, 6.58, 4.49, 3.48, 3.38, 3.19, 2.68, 1.31]
[33.45, 27.67, 5.57, 1.71, 1.59]
[33.22, 26.08, 0.3, 0.26]
[33.34, 27.95, 4.72, 1.08]
[33.45, 29.06, 8.19, 0.47, 0.46]
[33.49, 31.22, 22.82, 4.65, 1.07]
[33.6, 32.06, 28.27, 20.91, 16.19, 14.16]
[33.54, 29.94, 9.61, 0.38, 0.32]
[33.75, 32.57, 29.56, 21.47, 13.63, 12.25, 11.87]
[33.51, 27.74, 3.53, 0.75, 0.61]
[33.63, 31.28, 21.94, 3.49, 1.88]
[33.61, 30.95, 18.93, 4.99, 2.16]
[33.58, 29.8, 11.22, 1.01, 0.91, 0.71]
[33.29, 27.67, 2.38, 0.6]
[33.26, 22.09, 0.13]
[33.44, 27.44, 3.59, 0.85, 0.71]
[33.42, 30.37, 11.64, 0.52, 0.47]
[33.59, 31.68, 24.75, 7.43, 1.13]
[33.57, 30.65, 16.78, 1.81, 1.37]
[33.49, 29.32, 8.62, 0.46, 0.42]
[33.36, 27.18, 1.87, 0.98]
[33.39, 29.68, 4.98, 0.44, 0.34]
[33.19, 23.84, 0.9]
[33.62, 30.23, 10.22, 0.63, 0.59]
[33.45, 29.64, 9.9, 0.26, 0.23]
[33.73, 31.21, 18.95, 5.85, 5.0, 4.9]
[33.45, 29.52, 9.12, 0.87, 0.85]
[33.53, 29.74, 7.69, 0.76, 0.7]
[33.37, 26.08, 1.99, 1.13, 0.96]
[33.39, 30.37, 13.62, 0.36]
[33.51, 27.43, 4.14, 2.06]
[33.65, 32.52, 29.63, 22.6, 14.59, 11.88, 11.7]
[33.5, 32.45, 29.45, 20.55, 6.67, 4.16, 3.72, 3.12, 1.58, 1.51]
[33.49, 28.85, 9.58, 3.94, 3.69]
[33.42, 28.89, 3.02, 0.51]
[33.41, 29.1, 7.0, 0.82, 0.65]
[33.45, 29.2, 11.66, 0.34]
[33.63, 26.54, 0.47, 0.4]
[33.74, 32.81, 31.0, 25.58, 14.55, 9.42, 9.15]
[33.08, 24.59, 0.77, 0.77]
[33.41, 29.22, 3.67, 0.78]
[33.84, 32.57, 28.81, 17.53, 7.62, 5.78, 5.65]
[33.53, 29.31, 8.09, 0.37, 0.37]
[33.73, 32.3, 28.03, 18.42, 8.56, 7.01, 6.58]
[33.43, 21.03, 0.1]
[33.31, 27.1, 2.67, 0.99, 0.48]
[33.06, 21.83, 0.12, 0.1]
[33.3, 29.46, 3.42, 0.67]
[33.56, 30.59, 15.09, 2.39, 1.18]
[33.84, 32.58, 27.92, 21.96, 17.76, 16.23, 16.04, 15.96]
[33.24, 23.89, 0.55, 0.43]
[33.72, 30.77, 21.32, 2.69, 1.13]
[33.61, 28.82, 10.79, 1.78, 1.79]
[33.48, 28.98, 10.28, 1.04, 1.04]
[33.44, 29.18, 7.37, 0.42, 0.41]
[33.64, 29.92, 10.39, 0.41, 0.39]
[33.37, 31.35, 20.78, 1.71, 0.99]
[33.36, 24.05, 0.66, 0.29]
[33.36, 28.48, 1.49, 0.84]
[33.11, 23.73, 0.57, 0.4]
[33.67, 30.41, 16.43, 3.88, 2.83, 2.74]
[33.3, 28.79, 5.16, 0.37, 0.32]
[33.53, 29.27, 3.56, 1.04]
[33.41, 28.79, 7.65, 1.66, 1.2]
[33.59, 29.71, 8.15, 1.3, 1.27]
[33.38, 29.04, 11.07, 1.37, 0.92]
[33.56, 29.92, 9.34, 0.82, 0.8]
[33.67, 29.19, 10.73, 2.21, 2.02]
[33.64, 29.5, 4.48, 0.99, 0.88]
[33.8, 33.37, 32.19, 30.14, 27.35, 25.64, 25.55]
[33.54, 29.34, 9.79, 2.22, 2.1]
[33.76, 30.04, 14.28, 4.76, 3.94, 3.71]
[33.51, 29.12, 9.32, 0.4, 0.38]
[33.58, 30.49, 21.69, 8.35, 4.28, 3.71, 2.17]
[33.61, 32.29, 25.43, 7.8, 0.89]
[33.54, 31.54, 25.84, 11.62, 6.92, 6.65]
[33.59, 30.79, 13.13, 0.86, 0.67]
[33.37, 28.44, 4.53, 0.4]
[33.46, 28.61, 2.47, 0.64]
[33.52, 27.44, 1.74, 0.47]
[33.61, 30.87, 17.7, 2.63, 1.71, 1.05]
[33.84, 32.97, 30.96, 27.38, 24.54, 21.83, 20.62]
[33.64, 31.09, 20.47, 5.24, 1.49, 1.43]
[33.14, 23.94, 0.27, 0.22]
[33.42, 28.19, 5.69, 0.47, 0.44]
[33.79, 30.84, 17.13, 4.03, 1.59, 1.38]
[33.21, 27.13, 0.34, 0.27]
[33.52, 30.2, 16.69, 7.65, 6.03]
[33.63, 31.17, 16.15, 1.4, 0.43]
[33.45, 29.42, 14.67, 5.13, 4.16, 3.89]
[33.57, 30.39, 18.68, 6.68, 2.89]
[33.54, 30.48, 16.41, 1.29, 1.23]
[33.75, 32.78, 29.9, 24.52, 18.15, 13.76, 12.89]
[33.55, 32.1, 28.0, 10.53, 5.74, 5.65]
[33.29, 25.56, 0.65, 0.57]
[33.99, 32.45, 28.29, 12.26, 3.98, 3.66, 2.76]
[33.79, 31.87, 20.64, 5.69, 3.91, 3.81]
[33.18, 25.58, 0.58]
[33.44, 27.88, 0.67, 0.5]
[33.78, 31.23, 23.44, 11.55, 7.31, 7.05]
[33.34, 27.99, 4.69, 1.45]
[33.57, 30.82, 14.4, 1.09, 1.03]
[33.45, 26.82, 1.74, 0.49]
[33.73, 29.94, 13.28, 0.4, 0.39]
[33.46, 31.32, 21.41, 1.38, 0.78, 0.52]
[33.56, 29.99, 12.01, 1.4, 0.86]
[33.62, 32.17, 24.49, 11.07, 5.51, 3.31, 1.27]
[33.34, 28.53, 2.74, 0.5]
[33.51, 27.69, 1.99, 0.53]
[33.6, 31.35, 21.81, 10.37, 9.08, 9.0]
[33.41, 27.98, 3.62, 0.52]
[33.38, 29.94, 10.4, 0.22, 0.2]
[33.42, 28.65, 5.46, 2.13, 0.72]
[33.78, 31.15, 20.76, 7.68, 4.91, 4.73]
[33.31, 24.24, 0.67, 0.64]
[33.58, 30.85, 15.91, 1.03, 0.44]
[33.3, 23.02, 0.25]
[33.55, 29.92, 16.59, 4.41, 3.22]
[33.63, 29.59, 7.5, 1.41, 1.31]
[33.4, 29.59, 5.47, 0.27]
[33.57, 30.93, 9.67, 1.16, 1.01]
[33.72, 30.96, 18.27, 0.8, 0.8]
[33.33, 27.48, 2.18, 0.4]
[33.62, 30.62, 13.26, 0.73, 0.56]
[33.66, 32.52, 30.77, 25.99, 21.0, 16.58, 15.63, 15.39]
[33.46, 25.49, 0.85, 0.81]
[33.54, 30.75, 17.41, 0.85, 0.85]
[33.96, 30.73, 18.81, 4.03, 2.64]
[33.55, 28.61, 1.67, 0.34]
[33.71, 30.68, 17.26, 2.37, 1.42]
[33.73, 30.71, 19.0, 3.76, 2.13]
[33.59, 31.01, 18.49, 2.38, 1.81, 1.13, 0.97]
[33.81, 32.33, 25.96, 10.45, 6.42, 6.23, 6.16]
[33.38, 28.28, 8.47, 0.5, 0.31]
[33.65, 29.8, 11.93, 2.46, 2.34]
[33.24, 25.78, 2.09, 0.58]
[33.66, 28.29, 9.63, 0.58]
[33.44, 25.82, 1.47, 0.45, 0.42]
[33.72, 31.56, 23.31, 3.1, 1.58, 1.24]
[33.67, 30.72, 17.48, 1.72, 0.99]
[33.55, 29.09, 12.0, 1.63, 1.51]
[33.51, 27.44, 1.83, 1.12]
[33.61, 32.17, 25.17, 11.45, 7.16, 5.69, 5.61]
[33.48, 28.38, 5.61, 0.48]
[33.61, 29.14, 10.97, 0.67]
[33.17, 22.04, 0.24, 0.19]
[33.39, 27.95, 4.88, 1.19]
[33.39, 26.67, 1.07, 0.56]
[33.39, 25.97, 0.57, 0.36]
[33.57, 29.08, 5.76, 0.65]
[33.43, 29.51, 14.16, 1.53, 1.32, 1.18]
[33.58, 29.24, 2.6, 0.92, 0.79]
[33.69, 29.78, 11.56, 0.26, 0.24]
[33.12, 25.31, 0.37]
[33.71, 30.8, 22.16, 9.38, 6.87, 6.39]
[33.61, 30.84, 18.17, 0.8, 0.79]
[33.77, 32.26, 29.1, 22.37, 14.11, 11.87, 11.76]
[33.19, 24.44, 0.88, 0.38]
[33.39, 25.79, 0.64, 0.45]
[33.28, 25.51, 1.07, 0.53]
[33.49, 29.99, 12.53, 0.59, 0.48]
[33.28, 26.32, 2.3, 1.27, 1.05]
[33.49, 29.65, 9.11, 0.78, 0.77]
[33.59, 29.69, 8.59, 0.22, 0.18]
[33.58, 30.16, 10.67, 0.29, 0.26]
[33.56, 26.75, 0.65, 0.55]
[33.56, 30.96, 20.31, 1.54, 0.96]
[33.68, 28.9, 6.92, 0.86, 0.77]
[33.28, 27.24, 5.4, 0.41]
[33.64, 31.55, 19.93, 5.08, 1.5]
[33.75, 32.14, 25.92, 9.33, 5.32, 4.98]
[33.46, 31.76, 25.11, 9.79, 5.37, 3.87]
[33.77, 31.84, 26.99, 14.95, 10.59, 9.52]
[33.43, 30.49, 17.2, 4.85, 3.27, 3.05]
[33.49, 30.55, 15.51, 1.87, 1.88]
[33.44, 28.35, 5.66, 0.36]
[33.65, 28.57, 2.53, 0.48]
[33.57, 31.74, 22.21, 4.72, 2.78, 2.25]
[33.32, 20.61, 0.19]
[33.42, 29.38, 2.71, 0.46, 0.41]
[32.96, 21.48, 0.13]
[33.52, 28.04, 0.95, 0.61]
[33.31, 23.2, 0.22]
[33.31, 26.63, 0.29, 0.24]
[33.29, 28.11, 5.53, 0.36]
[33.64, 31.08, 20.12, 0.67]
[33.24, 23.06, 0.27]
[33.54, 28.27, 2.74, 0.64]
[33.64, 31.93, 25.63, 13.06, 8.15, 7.7]
[33.59, 28.7, 7.36, 1.49, 0.91]
[33.68, 31.51, 26.39, 11.32, 5.95, 4.76, 4.15]
[33.8, 29.66, 13.96, 1.54, 0.88]
[33.5, 27.36, 4.5, 2.17]
[33.53, 31.01, 19.93, 3.08, 1.58]
[33.53, 30.64, 17.1, 1.23, 1.07]
[33.43, 31.68, 26.64, 9.39, 3.92, 3.05, 1.19]
[33.69, 30.3, 19.0, 6.39, 4.16]
[33.65, 29.01, 3.37, 0.33]
[33.5, 28.3, 2.96, 0.76]
[33.73, 30.13, 13.06, 1.77, 1.56]
[33.46, 30.35, 11.49, 0.9, 0.74]
[33.72, 27.72, 1.04, 0.85, 0.62]
[33.73, 31.23, 18.43, 8.02, 7.55]
[33.45, 29.78, 12.5, 1.37, 1.02]
[33.31, 29.04, 6.19, 0.4, 0.34]
[33.47, 30.42, 16.94, 0.37]
[33.62, 28.76, 4.3, 0.41]
[33.39, 26.54, 2.97, 1.41, 1.2]
[33.73, 30.47, 8.63, 1.91, 1.94]
[33.45, 29.13, 3.35, 0.99]
[33.39, 29.37, 10.72, 2.62, 1.3]
[33.62, 31.63, 23.99, 10.33, 5.93, 1.91]
[33.46, 30.05, 10.39, 0.43, 0.42]
[33.04, 18.71, 0.13]
[33.47, 27.6, 7.22, 0.47, 0.45]
[33.55, 27.61, 3.34, 0.74]
[33.51, 26.72, 1.63, 0.65]
[33.53, 30.41, 14.09, 2.58, 1.74, 1.54, 0.97]
[33.36, 24.7, 0.4]
[33.37, 30.37, 14.52, 0.17, 0.15]
[33.69, 31.07, 16.98, 4.38, 3.32, 3.04]
[33.46, 26.61, 1.39, 0.66]
[33.63, 30.16, 14.61, 0.98, 0.6]
[33.66, 30.3, 14.41, 2.1, 1.98]
[33.7, 32.67, 29.6, 20.54, 12.77, 11.76]
[33.59, 31.3, 24.19, 11.62, 4.66, 3.52, 2.34, 2.12, 1.37]
[33.72, 30.46, 13.33, 0.77, 0.61]
[33.67, 29.92, 14.43, 0.62]
[33.54, 29.69, 17.59, 6.16, 4.91, 4.83]
[33.45, 29.29, 8.23, 2.43, 2.28, 1.26]
[33.46, 29.42, 9.17, 2.54, 2.45]
[33.5, 29.37, 9.22, 2.0, 1.63, 1.19]
[33.66, 31.11, 21.58, 4.61, 2.24, 2.11]
[33.18, 25.37, 0.33, 0.26]
[33.43, 25.46, 0.45, 0.32]
[33.66, 29.71, 5.83, 1.51]
[33.8, 31.95, 19.41, 4.44, 2.3]
[33.22, 25.58, 0.43, 0.36]
[33.7, 29.87, 16.31, 0.75]
[33.33, 27.56, 1.24, 0.8]
[33.31, 28.53, 4.41, 0.33]
[33.33, 22.92, 0.17, 0.15]
[33.42, 27.74, 8.62, 1.27, 1.03, 0.83]
[33.77, 31.68, 23.15, 7.65, 3.17, 3.0]
[33.65, 30.23, 6.09, 0.39, 0.34]
[33.38, 26.45, 0.95, 0.48]
[33.44, 29.0, 9.22, 1.08, 0.73]
[33.34, 25.79, 0.32]
[33.69, 29.15, 11.08, 0.62, 0.36]
[33.47, 28.68, 1.53, 0.38]
[33.35, 26.22, 1.57, 0.67]
[33.69, 31.96, 21.03, 0.27]
[33.89, 32.7, 28.43, 20.42, 11.17, 10.22, 10.14]
[33.58, 29.22, 7.94, 1.69]
[33.62, 31.86, 24.86, 11.18, 7.85, 7.55]
[33.51, 32.3, 28.74, 21.55, 16.15, 14.72, 14.22, 14.03]
[33.54, 28.28, 6.28, 0.51, 0.5]
[33.61, 30.52, 12.06, 0.92, 0.65]
[33.41, 29.67, 10.05, 0.42, 0.37]
[33.58, 27.85, 4.64, 0.53]
[33.36, 26.95, 2.34, 0.6]
[33.17, 20.1, 0.15, 0.13]
[33.69, 32.22, 26.92, 12.45, 5.27, 3.72, 3.35]
[33.53, 32.43, 29.15, 19.11, 8.12, 3.15]
[33.64, 29.87, 8.78, 2.01, 1.94]
[33.41, 23.49, 0.23, 0.21]
[33.67, 30.82, 16.27, 4.1, 3.68, 3.52]
[33.45, 29.19, 9.31, 0.29]
[33.74, 31.36, 19.91, 7.92, 5.44]
[33.62, 30.83, 22.3, 5.44, 1.27, 1.03]
[33.66, 31.22, 22.85, 6.27, 4.42, 4.14, 3.97]
[33.71, 31.65, 23.22, 2.41, 1.73]
[33.53, 30.43, 14.66, 0.46]
[33.41, 28.34, 10.13, 0.49]
[33.17, 26.5, 1.26, 0.61]
[33.47, 30.05, 11.97, 2.05, 1.99, 1.54]
[33.38, 26.58, 2.6, 1.06]
[33.12, 20.06, 0.28, 0.26]
[33.72, 32.28, 27.08, 17.55, 11.13, 8.23]
[33.33, 29.39, 8.86, 0.76, 0.68, 0.38]
[33.67, 27.68, 3.61, 1.93]
[33.55, 28.99, 9.56, 0.53, 0.51]
[33.57, 28.75, 5.64, 1.81, 1.69]
[33.3, 24.97, 0.25]
[33.53, 29.78, 7.88, 1.15, 1.13]
[33.37, 28.99, 3.63, 1.61, 1.42]
[33.48, 30.52, 11.9, 1.6, 1.46]
[33.56, 31.15, 20.98, 1.37, 1.17]
[33.47, 29.24, 3.6, 0.41]
[33.61, 29.37, 7.52, 0.72, 0.62]
[33.46, 27.96, 5.35, 0.69]
[33.66, 31.09, 19.2, 3.57, 2.17, 1.56]
[33.86, 31.6, 22.56, 6.98, 4.2, 3.94]
[33.11, 23.89, 0.39, 0.33]
[33.41, 28.83, 8.47, 0.92, 0.74]
[33.75, 31.65, 26.87, 16.21, 7.78, 7.17]
[33.74, 32.61, 27.91, 15.2, 7.73, 5.21, 5.13]
[33.66, 31.73, 23.28, 9.7, 5.7, 4.55]
[33.45, 30.79, 19.86, 1.58, 0.61]
[33.57, 30.67, 11.16, 1.84, 1.27]
[33.84, 33.13, 31.9, 29.77, 26.5, 21.87, 17.53, 16.38, 16.04]
[33.44, 29.05, 7.18, 0.43, 0.43]
[33.96, 32.54, 28.74, 23.41, 19.24, 18.07]
[33.47, 27.27, 1.56, 0.68]
[33.58, 29.43, 6.75, 0.48, 0.44]
[33.71, 30.52, 19.22, 4.51, 2.57]
[33.37, 29.5, 9.71, 0.51, 0.5]
[33.45, 31.5, 25.21, 8.02, 2.96, 2.83]
[33.57, 30.37, 15.15, 6.07, 5.11]
[33.78, 31.97, 28.45, 22.55, 15.89, 13.91, 13.68]
[33.54, 28.71, 5.28, 0.15, 0.1]
[33.45, 29.62, 11.85, 0.59]
[33.64, 29.29, 8.03, 0.57, 0.51]
[33.69, 31.55, 24.0, 5.85, 2.89]
[33.62, 30.14, 10.45, 0.32, 0.28]
[33.68, 30.46, 18.04, 1.86, 1.33]
[33.47, 27.39, 3.68, 0.98]
[33.64, 30.72, 21.14, 7.3, 6.34]
[33.68, 31.08, 18.83, 6.88, 5.72, 5.61]
[33.37, 28.52, 4.03, 0.61]
[33.71, 31.4, 22.88, 8.53, 3.76, 2.57]
[33.64, 30.69, 12.27, 0.92, 0.86]
[33.52, 30.08, 10.09, 0.53, 0.5]
[33.34, 26.51, 2.56, 0.59]
[33.68, 31.7, 26.48, 11.09, 3.64, 3.69]
[33.33, 25.91, 1.44, 0.59]
[33.71, 32.16, 25.49, 7.23, 2.79, 2.7]
[33.61, 31.32, 23.83, 8.0, 5.51, 4.5]
[33.11, 20.79, 0.27]
[33.39, 29.98, 11.15, 0.31, 0.28]
[33.57, 28.73, 4.61, 0.93, 0.84]
[33.79, 28.66, 4.8, 0.57]
[33.66, 30.29, 8.59, 1.22, 1.16]
[33.25, 25.8, 1.82, 0.63, 0.63]
[33.63, 29.4, 6.7, 1.16]
[33.89, 31.34, 21.29, 6.19, 3.62, 1.89]
[33.25, 27.59, 3.6, 0.51]
[33.36, 26.45, 1.67, 0.62]
[33.6, 27.38, 2.66, 0.78]
[33.64, 31.24, 23.54, 3.83, 1.88]
[33.83, 32.21, 25.65, 15.08, 8.6, 7.58]
[33.64, 30.21, 16.64, 3.38, 2.86]
[33.36, 27.33, 0.62, 0.57]
[33.66, 28.59, 6.22, 0.76]
[33.59, 30.41, 14.28, 2.26, 2.06]
[33.7, 31.72, 25.08, 10.96, 6.58, 6.1]
[33.36, 29.62, 11.02, 0.37, 0.34]
[33.65, 31.1, 19.59, 2.64, 1.37]
[33.61, 29.86, 13.22, 4.05, 2.66]
[33.44, 26.4, 0.39, 0.37]
[33.52, 27.64, 2.79, 0.5]
[33.53, 28.18, 3.71, 1.23, 1.17]
[33.6, 30.81, 15.46, 3.56, 2.3]
[33.2, 26.17, 1.5, 0.81]
[33.43, 30.34, 9.75, 0.4, 0.36]
[33.74, 31.39, 18.15, 4.54, 3.32, 3.23]
[33.78, 30.63, 14.21, 2.61, 1.19]
[33.58, 29.17, 7.54, 0.36, 0.32]
[33.18, 22.21, 0.49, 0.42]
[33.45, 28.58, 3.56, 0.25]
[33.55, 30.33, 17.21, 4.96, 3.33, 2.51]
[33.56, 29.13, 3.7, 0.35]
[33.42, 30.44, 18.58, 4.96, 3.13]
[33.87, 32.76, 30.39, 25.53, 21.04, 18.91]
[33.37, 26.0, 0.57, 0.43]
[33.4, 26.07, 0.97, 0.92]
[33.22, 26.72, 0.49, 0.37]
[33.57, 28.01, 3.02, 0.67]
[33.76, 30.81, 15.48, 3.37, 1.81]
[33.65, 30.2, 19.82, 5.12, 2.99]
[33.4, 25.43, 0.92, 0.62]
[33.63, 31.18, 17.69, 0.95, 0.91]
[33.66, 30.29, 15.25, 2.16, 1.53, 1.2]
[33.42, 25.34, 1.18, 0.7]
[33.41, 29.11, 7.0, 0.74, 0.71]
[33.4, 27.66, 3.07, 0.79]
[33.65, 32.05, 25.47, 11.4, 5.01, 2.01, 1.22]
[33.45, 31.45, 25.87, 9.8, 0.77]
[33.36, 26.21, 1.78, 0.79, 0.73]
[33.6, 32.04, 26.32, 15.6, 11.15, 9.53, 9.29]
[33.59, 28.86, 4.39, 0.46]
[33.67, 31.26, 13.86, 0.88, 0.77]
[33.74, 29.37, 3.88, 0.51]
[33.7, 31.95, 25.79, 12.73, 6.36, 6.11]
[33.52, 30.66, 14.18, 1.41, 1.26]
[33.44, 28.86, 1.59, 0.58, 0.48]
[33.36, 26.68, 2.05, 0.52]
[33.48, 29.16, 9.46, 1.87, 1.58]
[33.75, 31.34, 21.73, 7.15, 5.57, 5.47, 5.36]
[33.48, 31.5, 17.94, 1.2, 0.72]
[33.46, 30.19, 11.96, 0.48]
[33.16, 23.94, 0.08]
[33.67, 32.39, 28.62, 21.11, 13.57, 10.74, 9.21, 8.12]
[33.52, 25.92, 0.29]
[33.43, 26.39, 0.64, 0.38]
[33.67, 27.64, 5.13, 0.92, 0.88, 0.76]
[33.54, 27.09, 1.27, 0.4]
[33.41, 26.45, 0.39]
[33.84, 31.72, 26.84, 12.24, 4.31, 2.81]
[33.34, 24.81, 0.34]
[33.49, 26.9, 0.75, 0.45]
[33.16, 22.92, 0.87, 0.51]
[33.73, 30.69, 15.81, 2.98, 0.9, 0.78]
[33.58, 30.35, 16.11, 3.88, 3.49]
[33.3, 26.49, 0.41, 0.38]
[33.66, 28.87, 10.7, 0.74]
[33.38, 24.71, 0.68, 0.56]
[33.68, 31.06, 21.5, 5.98, 1.36]
[33.76, 32.38, 27.37, 14.13, 7.48, 5.83]
[33.7, 32.19, 24.57, 9.31, 3.6, 3.51]
[33.62, 31.93, 26.9, 18.89, 12.27, 11.92]
[33.74, 29.25, 6.9, 1.3, 1.29]
[33.78, 31.36, 21.62, 6.1, 3.64, 3.46]
[33.51, 26.98, 0.75, 0.39]
[33.4, 28.77, 9.8, 0.45, 0.44]
[33.67, 30.52, 15.02, 2.96, 2.03]
[33.67, 29.99, 9.06, 0.61, 0.47]
[33.66, 26.82, 1.42, 1.0, 0.92]
[33.4, 28.25, 3.12, 0.34]
[33.41, 28.94, 4.5, 0.43, 0.35]
[33.55, 27.85, 6.88, 0.9, 0.84, 0.63]
[33.41, 26.86, 2.06, 1.12]
[33.33, 28.75, 4.69, 0.23, 0.21]
[33.46, 28.36, 7.37, 1.6, 1.53]
[33.38, 24.88, 0.82, 0.63]
[33.81, 31.0, 20.13, 4.16, 2.55, 1.41]
[33.49, 27.68, 1.24, 0.68]
[33.57, 28.54, 5.21, 0.59]
[33.36, 27.51, 1.87, 1.08]
[33.34, 28.39, 3.51, 0.45]
[33.82, 30.34, 7.8, 0.6, 0.57]
[33.75, 31.12, 24.0, 10.95, 7.13, 6.98]
[33.35, 25.57, 0.37]
[33.44, 26.83, 1.04, 0.53]
[33.4, 22.3, 0.09]
[33.4, 28.52, 5.08, 0.33]
[33.46, 26.6, 1.17, 0.69]
[33.32, 28.87, 7.75, 0.37, 0.34]
[33.5, 30.2, 16.14, 3.2, 2.25, 2.13]
[33.83, 32.02, 22.29, 6.97, 4.78, 3.95]
[33.68, 30.47, 14.17, 2.63, 1.91]
[33.39, 27.25, 2.54, 0.63]
[33.52, 27.8, 1.58, 0.9]
[33.97, 32.96, 31.24, 29.5, 25.8, 22.26, 21.97]
[33.52, 28.84, 8.84, 1.71, 1.06]
[33.71, 30.73, 20.6, 6.96, 5.68, 5.44]
[33.61, 29.3, 8.86, 1.16, 1.02]
[33.44, 27.49, 6.81, 1.31, 0.73]
[33.39, 27.86, 9.61, 0.63, 0.61]
[33.61, 29.07, 2.22, 0.63]
[33.69, 30.94, 20.07, 6.98, 5.05, 4.97]
[33.64, 31.84, 26.93, 18.15, 12.85, 12.32, 12.26]
[33.61, 29.97, 9.86, 3.02, 2.97]
[33.51, 28.43, 1.66, 0.56]
[33.31, 22.3, 0.69, 0.68]
[33.34, 25.43, 1.11, 0.66]
[33.56, 30.85, 13.65, 3.86, 1.14, 1.04]
[33.65, 30.38, 14.93, 2.6, 1.97]
[33.8, 31.62, 22.05, 5.29, 3.35, 2.85, 2.52, 1.93]
[33.47, 26.5, 2.25, 1.11, 0.63]
[32.9, 22.93, 0.15]
[33.48, 30.56, 12.13, 0.79, 0.71]
[33.56, 31.71, 25.29, 13.23, 7.81, 7.61]
[33.43, 27.03, 1.65, 0.4]
[33.69, 28.22, 4.03, 1.11, 0.99]
[33.47, 30.63, 11.56, 0.55, 0.53]
[33.38, 30.52, 15.26, 0.37, 0.36]
[33.78, 30.97, 19.97, 4.79, 4.27, 4.14, 3.93]
[33.55, 28.9, 11.09, 3.14, 3.04]
[33.19, 21.01, 0.14]
[33.25, 25.71, 0.3]
[33.16, 24.0, 0.55, 0.41]
[33.63, 30.6, 20.16, 5.38, 1.72]
[33.62, 28.77, 5.76, 1.06, 1.05]
[33.7, 30.55, 8.57, 1.13, 1.04]
[33.58, 29.71, 10.44, 1.44, 1.44]
[33.26, 27.35, 1.01, 0.46]
[33.84, 31.7, 24.44, 7.85, 3.86, 2.96]
[33.37, 26.6, 0.58]
[33.1, 23.3, 0.24]
[33.39, 31.04, 23.48, 5.03, 1.29, 1.26]
[33.61, 29.04, 5.4, 0.27, 0.25]
[33.49, 30.81, 17.51, 0.56]
[33.52, 30.6, 18.65, 1.17, 0.84, 0.58]
[33.78, 31.53, 22.58, 4.26, 2.7]
[33.56, 28.64, 1.94, 0.76, 0.61]
[33.27, 29.44, 5.45, 0.29, 0.27]
[33.38, 28.29, 3.2, 1.09]
[33.22, 27.5, 6.39, 0.44, 0.43]
[33.67, 31.99, 25.79, 11.76, 8.17, 8.01, 7.93]
[33.41, 31.0, 21.47, 1.63, 1.1, 1.04]
[33.53, 30.36, 13.22, 0.58, 0.5]
[33.39, 29.28, 1.3, 0.55]
[33.62, 30.84, 14.83, 1.68, 1.37]
[33.38, 29.32, 7.48, 0.36, 0.34]
[33.52, 30.95, 17.61, 0.93, 0.71]
[33.4, 29.26, 7.77, 0.28, 0.27]
[33.57, 27.82, 1.16, 0.58]
[33.73, 31.67, 23.35, 5.74, 3.83]
[33.88, 31.72, 25.27, 13.07, 7.7, 7.38]
[33.51, 32.08, 26.65, 15.21, 8.27, 7.27]
[33.16, 28.47, 4.21, 0.68, 0.55]
[33.66, 30.24, 13.34, 2.95, 1.53]
[33.34, 25.36, 0.64, 0.6]
[33.56, 32.3, 28.82, 18.44, 8.96, 8.07]
[33.4, 27.23, 1.98, 0.72]
[33.47, 26.39, 0.67, 0.34]
[33.79, 31.86, 25.61, 15.02, 9.9, 9.7]
[33.38, 27.17, 1.97, 0.43]
[33.68, 31.11, 17.47, 4.95, 1.58]
[33.76, 31.53, 24.0, 6.95, 4.17]
[33.68, 30.27, 10.33, 2.6, 2.39, 2.25]
[33.33, 26.18, 1.77, 0.81]
[33.69, 32.14, 25.38, 12.24, 3.15, 2.62, 1.4]
[33.14, 20.29, 0.22, 0.17]
[33.67, 30.86, 19.7, 5.74, 4.88]
[33.93, 33.17, 32.14, 29.44, 20.23, 16.9, 16.04, 15.97]
[33.65, 31.32, 22.72, 3.7, 2.79, 2.36]
[33.48, 28.28, 3.12, 0.79]
[33.85, 32.53, 28.0, 19.82, 14.81, 12.47]
[33.63, 30.08, 13.81, 0.46, 0.45]
[33.53, 29.55, 3.74, 0.64]
[33.72, 32.2, 26.78, 16.71, 9.0, 7.36, 7.17]
[33.5, 29.85, 8.41, 0.87, 0.87]
[33.66, 30.74, 20.64, 8.63, 5.53, 5.44]
[33.47, 28.35, 7.96, 0.65]
[33.59, 31.07, 20.8, 8.92, 6.5]
[33.57, 30.01, 12.59, 1.45, 1.02]
[33.51, 31.0, 22.62, 4.77, 2.5, 1.38, 1.06]
[33.62, 30.52, 17.95, 1.87, 1.88]
[33.64, 31.98, 27.38, 13.83, 6.4, 4.45, 4.16]
[33.57, 30.64, 14.16, 1.86, 1.61]
[33.57, 30.15, 14.08, 2.89, 2.26, 1.44]
[33.66, 30.69, 14.97, 4.11, 3.32]
[33.34, 26.13, 0.3]
[33.34, 22.86, 0.07]
[33.62, 29.98, 11.39, 3.11, 2.1]
[33.46, 29.2, 9.44, 0.3, 0.29]
[33.61, 29.71, 9.11, 0.52, 0.5]
[33.4, 25.39, 1.75, 0.51]
[33.84, 30.97, 18.44, 5.22, 3.71, 2.86]
[33.43, 29.33, 1.62, 0.71]
[33.75, 31.73, 22.4, 10.93, 8.78, 8.44]
[33.86, 31.29, 20.62, 7.54, 6.29]
[33.66, 30.1, 9.22, 0.59]
[33.65, 31.55, 23.08, 8.77, 5.02, 4.65, 4.5]
[33.19, 22.8, 0.28]
[33.55, 31.0, 16.57, 0.65, 0.61]
[33.76, 30.46, 17.38, 4.48, 4.06, 3.25]
[33.63, 30.51, 10.04, 0.18]
[33.83, 31.71, 22.95, 6.03, 5.01, 4.83]
[33.54, 29.74, 9.18, 0.95, 0.75]
[33.47, 29.9, 11.51, 1.14, 0.98]
[33.3, 27.48, 1.33, 0.28]
[33.3, 28.58, 4.2, 0.42, 0.4]
[33.63, 31.47, 22.59, 5.61, 1.36, 1.09]
[33.66, 31.07, 17.21, 0.34, 0.29]
[33.61, 29.46, 13.26, 2.45, 1.92, 0.81]
[33.47, 30.5, 11.29, 0.32, 0.28]
[33.25, 25.98, 0.24]
[33.64, 30.89, 17.43, 2.71, 0.85, 0.8]
[33.97, 33.17, 31.45, 27.68, 21.49, 16.09, 14.49, 14.35]
[33.29, 25.24, 0.51]
[33.52, 29.52, 10.27, 0.41, 0.4]
[33.72, 30.88, 16.93, 1.02, 0.41]
[33.54, 26.4, 0.81, 0.6]
[33.61, 28.13, 3.68, 0.42]
[33.48, 27.97, 2.29, 1.15]
[33.7, 30.2, 14.97, 0.6, 0.59]
[33.47, 29.56, 11.33, 0.35]
[33.64, 28.41, 3.59, 0.57]
[33.49, 27.92, 1.9, 0.5]
[33.29, 26.22, 3.66, 0.7]
[33.64, 29.94, 10.77, 1.72, 1.3]
[33.27, 20.56, 0.21, 0.19]
[33.23, 26.14, 0.48, 0.37]
[33.68, 31.03, 19.54, 4.89, 2.45, 2.33, 2.13, 1.37]
[33.62, 30.33, 15.77, 5.44, 2.31, 2.02]
[33.59, 31.82, 25.95, 11.8, 4.01, 3.86]
[33.52, 27.43, 1.08, 0.72]
[33.43, 30.74, 15.79, 0.44]
[33.18, 25.77, 0.33]
[33.3, 24.12, 0.3]
[33.53, 28.03, 3.06, 1.56]
[33.53, 27.24, 4.17, 0.39]
[33.37, 25.31, 0.36]
[33.89, 32.97, 30.64, 27.86, 21.98, 18.89, 18.38, 17.93, 17.9]
[33.43, 25.39, 1.32, 0.39]
[33.37, 28.46, 2.13, 1.1]
[33.57, 29.66, 11.18, 1.57]
[33.63, 30.2, 12.5, 0.46]
[33.6, 31.36, 23.0, 5.59, 2.04, 1.82]
[33.47, 30.33, 11.56, 0.44, 0.43]
[33.5, 25.36, 0.71, 0.46]
[33.3, 26.69, 2.13, 1.04]
[33.78, 30.35, 16.74, 3.45, 3.19]
[33.53, 29.21, 9.33, 0.58]
[33.74, 30.98, 23.65, 8.69, 4.97, 4.83]
[33.41, 28.26, 4.51, 1.51]
[33.57, 32.03, 26.91, 8.7, 1.92, 1.81, 1.6, 1.24]
[33.25, 27.99, 1.53, 0.56, 0.49]
[33.48, 29.54, 8.41, 0.93, 0.92]
[33.7, 30.63, 12.48, 0.27, 0.22]
[33.27, 26.22, 1.04, 0.85]
[33.31, 26.36, 1.5, 0.56]
[33.57, 30.13, 11.28, 1.61, 1.42]
[33.48, 29.7, 6.29, 0.51, 0.47]
[33.67, 29.53, 11.2, 1.96, 1.0]
[33.67, 31.47, 24.48, 10.0, 6.85, 6.47]
[33.82, 31.71, 21.67, 8.79, 6.43]
[33.69, 29.0, 8.43, 1.22, 1.03, 0.66]
[33.54, 30.6, 22.35, 6.76, 1.4]
[33.53, 27.44, 3.65, 0.51]
[33.57, 30.56, 8.79, 0.41, 0.39]
[33.68, 30.79, 18.84, 6.91, 5.35, 5.28]
[33.83, 30.81, 19.55, 7.57, 3.6, 3.43]
[33.32, 26.48, 2.94, 0.49]
[33.49, 28.54, 4.03, 0.5]
[33.58, 30.18, 14.42, 0.64]
[33.48, 27.01, 0.42]
[33.45, 29.92, 15.5, 2.58, 2.02]
[33.69, 31.92, 21.73, 8.41, 2.91, 2.56]
[33.43, 27.17, 1.96, 0.45]
[33.45, 30.61, 16.96, 1.93, 1.58]
[33.49, 29.29, 4.38, 0.28, 0.26]
[33.6, 29.47, 13.27, 1.6, 0.88]
[33.2, 24.96, 1.23, 0.85]
[33.63, 30.05, 12.08, 1.92, 1.38, 1.24, 0.74]
[33.44, 29.19, 11.78, 4.31, 3.35]
[33.47, 30.38, 12.24, 2.0, 1.62, 1.49]
[33.14, 24.25, 0.21]
[33.62, 29.29, 12.8, 6.1, 5.62]
[33.85, 32.44, 24.6, 4.4, 0.65]
[33.59, 29.86, 9.74, 0.45, 0.42]
[33.64, 31.16, 18.74, 1.29, 0.43]
[33.86, 30.77, 16.32, 1.53, 0.59]
[33.47, 30.04, 13.82, 0.74, 0.54]
[33.73, 31.65, 22.36, 8.03, 5.56, 3.99, 2.77]
[33.36, 27.83, 3.54, 0.63]
[33.55, 31.16, 18.55, 3.4, 2.63]
[33.5, 29.45, 12.8, 0.39]
[33.27, 26.82, 1.5, 0.95]
[33.68, 30.13, 11.48, 0.44, 0.43]
[33.32, 28.29, 0.81, 0.49]
[33.77, 31.02, 17.14, 5.12, 2.78, 2.31, 2.24]
[33.67, 29.4, 6.28, 0.78, 0.77]
[33.48, 31.0, 17.54, 1.86, 0.94]
[33.55, 28.66, 5.07, 1.06]
[33.31, 28.12, 6.01, 0.91, 0.67]
[33.37, 28.34, 6.87, 0.97, 0.91]
[33.58, 30.09, 10.1, 0.28, 0.23]
[33.3, 27.24, 1.2, 0.47]
[33.6, 28.75, 7.9, 0.3, 0.25]
[33.58, 26.35, 0.45, 0.34]
[33.57, 27.72, 3.09, 0.8, 0.76]
[33.78, 32.87, 30.63, 26.4, 19.83, 16.26, 15.45]
[33.74, 29.93, 8.43, 0.86, 0.86]
[33.51, 29.61, 5.6, 0.67]
[33.8, 31.96, 25.34, 11.56, 3.12, 2.92]
[33.61, 30.5, 12.79, 2.65, 2.57]
[33.36, 30.11, 12.91, 0.63, 0.62]
[33.46, 26.6, 1.07, 0.44]
[33.45, 27.04, 2.53, 0.74]
[33.84, 32.22, 27.5, 13.23, 7.38, 5.77]
[33.54, 28.41, 7.05, 0.25, 0.21]
[33.43, 26.78, 2.17, 0.69]
[33.59, 30.3, 17.93, 5.88, 4.37, 4.28]
[33.33, 24.55, 0.31]
[33.6, 32.24, 29.56, 23.52, 18.67, 15.27, 15.21]
[33.59, 27.68, 0.7, 0.47]
[33.72, 30.36, 16.65, 5.37, 3.3]
[33.67, 32.67, 29.7, 23.4, 16.85, 12.0, 11.5]
[33.33, 26.67, 2.55, 0.92]
[33.6, 30.43, 17.85, 6.86, 3.52, 3.42]
[33.76, 31.48, 23.52, 9.04, 4.97, 4.72]
[33.85, 33.48, 32.79, 32.56]
[33.77, 32.23, 26.46, 10.64, 3.53, 1.8, 1.33]
[33.49, 27.58, 5.16, 1.0]
[33.84, 31.0, 15.37, 0.89, 0.89]
[33.76, 30.44, 10.9, 0.66, 0.65]
[33.35, 29.18, 10.34, 0.58, 0.42]
[33.52, 29.71, 7.78, 0.64, 0.52]
[33.41, 28.96, 8.37, 0.96]
[33.29, 25.17, 0.44]
[33.46, 28.82, 2.35, 0.46]
[33.55, 30.05, 14.9, 0.52, 0.5]
[33.59, 31.65, 24.99, 8.63, 4.83, 4.75]
[33.57, 31.91, 25.52, 10.91, 4.3, 3.99, 2.87, 2.71, 2.58]
[33.68, 30.35, 12.43, 1.01, 0.84]
[33.57, 28.58, 5.69, 0.84, 0.7]
[33.77, 31.92, 24.47, 14.18, 7.96, 7.74, 7.68]
[33.63, 30.32, 5.96, 1.42]
[33.48, 30.03, 15.38, 1.22, 0.49]
[33.44, 29.96, 7.35, 0.66, 0.57]
[33.41, 27.58, 1.37, 0.62]
[33.59, 29.03, 8.59, 0.71, 0.7]
[33.68, 31.42, 19.33, 3.66, 2.93]
[33.32, 30.81, 15.69, 0.44]
[33.51, 27.07, 1.04, 0.63]
[33.74, 31.05, 15.78, 2.38, 2.06]
[33.48, 27.6, 3.59, 0.44]
[33.4, 26.14, 0.35, 0.27]
[33.52, 31.12, 19.82, 5.53, 2.96, 2.82]
[33.48, 30.32, 13.97, 0.89, 0.75]
[33.47, 29.11, 8.11, 2.21, 1.45]
[33.47, 28.54, 4.48, 0.74]
[33.72, 31.85, 23.22, 4.81, 0.73]
[33.82, 31.93, 26.08, 17.06, 11.82, 11.71]
[33.58, 28.65, 6.14, 1.02, 0.79]
[33.57, 29.41, 10.34, 1.48, 1.49]
[33.32, 28.1, 4.29, 0.46]
