[40.39, 39.71, 36.01, 6.43, 0.42, 0.28]
[40.53, 40.54, 40.54]
[40.4, 40.36, 40.26, 40.13, 40.04, 39.97]
[40.55, 40.61, 40.6, 40.54]
[40.38, 40.29, 39.98, 39.64, 38.55, 37.76, 36.3, 33.48, 31.69, 30.75, 30.71]
[40.4, 40.28, 39.84, 39.26, 37.71, 35.19, 32.5, 28.12, 25.97, 25.72]
[40.38, 40.27, 39.93, 39.08, 37.45, 32.62, 13.69, 6.93, 1.22, 1.08]
[40.41, 40.45, 40.3, 40.24, 40.27, 40.17]
[40.54, 40.42, 40.53, 40.5]
[40.44, 40.41, 40.47, 40.4]
[40.48, 40.43, 40.11, 39.85, 39.79, 39.64, 39.0, 36.37, 32.95, 28.7, 25.44, 23.8]
[40.42, 40.37, 40.17, 40.03, 39.56, 38.93, 38.61, 38.02, 37.27, 36.93]
[40.44, 39.85, 37.44, 20.74, 0.19, 0.15]
[40.42, 40.5, 40.51, 40.43]
[40.41, 40.34, 40.2, 40.21, 39.85, 39.88]
[40.53, 40.58, 40.52]
[40.45, 40.44, 40.4]
[40.32, 40.18, 39.94, 39.48, 39.36, 39.77, 40.01]
[40.47, 40.37, 40.31, 40.28, 40.6, 40.47]
[40.42, 40.51, 40.58, 40.6]
[40.47, 40.45, 40.45]
[40.42, 40.35, 39.88, 39.21, 37.47, 31.05, 18.84, 14.43, 12.07, 11.55]
[40.37, 40.37, 40.23, 40.33, 39.99, 40.25, 39.99, 39.83]
[40.55, 40.63, 40.63]
[40.44, 40.55, 40.56, 40.55]
[40.55, 40.54, 40.76]
[40.48, 40.61, 40.6, 40.54]
[40.36, 40.38, 40.23, 40.25, 40.2, 40.18, 40.02]
[40.47, 40.54, 40.66]
[40.5, 40.49, 40.18, 40.03, 39.88, 38.94, 34.34, 28.79, 15.1, 9.34, 9.08]
[40.36, 39.71, 35.36, 11.79, 0.5, 0.35]
[40.46, 40.47, 40.42]
[40.52, 40.64, 40.65]
[40.45, 40.34, 40.29, 40.29, 40.22]
[40.44, 40.27, 40.17, 40.02, 40.07, 40.03, 39.9]
[40.47, 40.49]
[40.5, 40.6, 40.65, 40.58]
[40.39, 40.27, 39.86, 38.97, 37.89, 33.6, 22.71, 16.16, 13.6]
[40.45, 40.19, 39.15, 34.51, 16.24, 3.76, 1.61]
[40.43, 40.46, 40.46]
[40.37, 40.42, 40.38, 40.21, 39.57, 39.37, 38.87, 37.76, 36.53, 34.43, 31.47, 27.72, 27.08]
[40.55, 40.66, 40.62]
[40.23, 39.87, 39.45, 38.7, 35.69, 22.68, 1.86, 1.09]
[40.48, 40.31, 40.15, 40.11, 40.32, 40.31, 40.19]
[40.44, 40.46, 40.38]
[40.34, 40.11, 38.74, 36.05, 22.04, 0.81, 0.59]
[40.5, 40.46, 40.4, 40.3, 40.41]
[40.45, 40.35, 39.65, 38.04, 28.22, 1.08, 0.67]
[40.38, 40.23, 39.96, 39.78, 39.7, 39.22, 39.15, 39.0, 38.83]
[40.44, 40.35, 40.4, 40.35]
[40.49, 40.34, 39.84, 38.63, 35.4, 22.58, 12.63, 9.28]
[40.41, 40.32, 40.27, 40.19, 40.17, 40.11]
[40.59, 40.65, 40.65]
[40.47, 40.51, 40.51]
[40.36, 39.88, 37.71, 14.93, 0.07]
[40.66, 40.74, 40.73, 40.68]
[40.48, 40.48, 40.6, 40.61, 40.61]
[40.43, 40.21, 39.57, 38.29, 34.23, 18.89, 5.04, 4.11]
[40.44, 40.23, 39.99, 39.41, 39.06, 37.03, 31.26, 24.56, 13.62, 8.57, 5.26, 4.83]
[40.45, 40.53, 40.45]
[40.43, 40.02, 38.93, 32.25, 10.01, 5.57, 5.46]
[40.48, 40.41, 40.42, 40.4]
[40.41, 40.36, 40.29, 40.35, 40.3]
[40.53, 40.63]
[40.43, 40.47, 40.57, 40.58]
[40.44, 40.38, 40.48, 40.48, 40.4]
[40.37, 40.18, 39.97, 39.11, 34.83, 18.12, 4.25, 1.79]
[40.45, 40.36, 40.32, 40.5, 40.66, 40.8, 40.76, 40.68]
[40.44, 40.38, 40.29, 40.35, 40.11]
[40.42, 40.46, 40.52, 40.43, 40.34]
[40.27, 39.88, 37.58, 15.94, 0.13, 0.1]
[40.38, 40.5, 40.5]
[40.43, 40.48, 40.43]
[40.36, 40.46, 40.47]
[40.55, 40.58, 40.47]
[40.38, 40.25, 40.31, 40.32, 40.24]
[40.35, 40.2, 39.97, 40.08, 39.8]
[40.48, 40.45, 40.55, 40.63]
[40.57, 40.56, 40.57, 40.52]
[40.39, 40.26, 39.7, 37.31, 29.02, 4.35, 1.74]
[40.46, 40.24, 39.99, 39.57, 39.09, 37.4, 31.73, 11.42, 1.14]
[40.61, 40.61, 40.63]
[40.36, 40.39, 40.43, 40.31]
[40.33, 40.18, 39.79, 39.35, 36.23, 27.5, 6.93, 1.5, 1.33]
[40.52, 40.52, 40.6, 40.6]
[40.46, 40.48, 40.47, 40.54, 40.46]
[40.38, 39.99, 38.74, 31.95, 2.52, 1.68]
[40.4, 40.33, 40.18, 40.08, 39.9, 39.69]
[40.38, 40.32, 40.33, 40.58, 40.4]
[40.49, 40.53, 40.51, 40.45]
[40.46, 40.5, 40.51]
[40.43, 40.46, 40.47]
[40.47, 40.52, 40.45, 40.5, 40.51]
[40.52, 40.61, 40.66, 40.67]
[40.37, 40.3, 39.55, 38.24, 32.28, 14.33, 2.65, 1.42]
[40.41, 39.98, 38.86, 33.2, 7.48, 2.37, 1.95]
[40.44, 40.46, 40.44, 40.36]
[40.38, 40.43, 40.45]
[40.6, 40.71, 40.73, 40.67]
[40.43, 40.45, 40.63, 40.61, 40.54]
[40.31, 39.56, 33.88, 4.96, 1.01]
[40.43, 40.52, 40.36, 40.22, 39.78, 39.79]
[40.41, 40.34, 40.4, 40.59, 40.45, 40.39, 40.04, 39.87]
[40.37, 40.18, 39.43, 36.69, 26.82, 7.43, 3.87]
[40.36, 40.36, 40.43, 40.61]
[40.34, 40.21, 40.0, 39.92, 39.75, 39.77]
[40.4, 40.23, 38.98, 34.97, 9.14, 0.09]
[40.49, 40.58, 40.73, 40.74]
[40.46, 40.48]
[40.43, 40.33, 40.19, 40.22, 40.32]
[40.48, 40.4, 40.43, 40.44, 40.35]
[40.44, 40.46, 40.56, 40.59, 40.51]
[40.48, 40.54, 40.57, 40.53]
[40.46, 40.54, 40.5]
[40.54, 40.59, 40.71, 40.64]
[40.59, 40.66, 40.66]
[40.32, 40.29, 40.04, 40.31, 40.04]
[40.34, 40.03, 38.63, 29.78, 3.03, 0.38]
[40.43, 40.15, 39.65, 38.22, 34.23, 20.64, 12.8, 9.29, 8.04]
[40.6, 40.6, 40.62]
[40.46, 40.46, 40.64, 40.64]
[40.35, 40.36, 40.1, 40.05, 38.64, 35.36, 24.62, 11.36, 6.43, 5.03]
[40.45, 40.46, 40.52, 40.67, 40.62]
[40.52, 40.56, 40.56]
[40.47, 40.45, 40.44, 40.44]
[40.48, 40.38, 40.5, 40.74, 40.67]
[40.55, 40.49, 40.45, 40.6, 40.6]
[40.47, 40.3, 39.83, 39.81, 39.09, 38.24, 35.77, 30.44, 22.93, 19.13, 16.73]
[40.44, 40.46, 40.56, 40.49, 40.5]
[40.47, 40.59, 40.6]
[40.4, 39.76, 37.86, 24.97, 0.29]
[40.44, 40.49, 40.4, 40.25, 40.14]
[40.35, 40.16, 39.68, 38.67, 35.95, 30.31, 21.85, 15.21, 13.54, 12.69, 12.53]
[40.52, 40.57, 40.57]
[40.37, 40.34, 39.51, 37.4, 31.35, 10.6, 5.87, 5.56]
[40.52, 40.59, 40.52]
[40.35, 40.05, 39.49, 38.57, 33.84, 17.53, 0.42]
[40.41, 40.33, 40.26, 40.5, 40.51, 40.42]
[40.44, 40.38, 40.15, 40.2, 40.28, 40.27, 40.16]
[40.59, 40.71]
[40.41, 40.18, 39.46, 35.58, 19.5, 1.44]
[40.51, 40.59, 40.56]
[40.49, 40.62, 40.71]
[40.46, 40.35, 40.27, 40.3]
[40.58, 40.57, 40.61]
[40.43, 40.31, 40.25]
[40.58, 40.59, 40.6]
[40.54, 40.33, 39.83, 37.29, 27.04, 5.93, 2.18, 1.24]
[40.48, 40.51, 40.52]
[40.29, 39.65, 37.46, 17.52, 0.3, 0.27]
[40.45, 40.32, 40.27, 40.14]
[40.43, 40.5, 40.56, 40.43]
[40.52, 40.5, 40.64, 40.64]
[40.39, 40.17, 39.92, 39.48, 38.6, 34.49, 24.47, 11.23, 4.94, 3.34]
[40.48, 40.42, 40.54, 40.45]
[40.42, 40.4, 40.43]
[40.57, 40.53, 40.55, 40.41]
[40.5, 40.37, 40.36, 40.48, 40.27]
[40.65, 40.69, 40.7]
[40.54, 40.65]
[40.43, 40.3, 39.73, 38.19, 34.8, 21.88, 10.64, 7.78, 7.01]
[40.39, 39.97, 37.81, 23.91, 1.02, 0.88]
[40.4, 40.34, 39.98, 39.61, 39.61, 37.64, 33.56, 27.2, 17.17, 12.21, 9.69, 9.09]
[40.44, 40.45, 40.59, 40.61]
[40.46, 40.36, 40.41, 40.53, 40.61, 40.61]
[40.36, 40.45, 40.61, 40.74, 40.73]
[40.42, 40.32, 39.87, 39.01, 35.95, 27.24, 12.87, 7.85, 4.13, 1.67]
[40.46, 40.44, 40.5]
[40.49, 40.5, 40.58, 40.51]
[40.35, 40.34, 40.25, 39.92, 37.55, 27.88, 3.52, 2.44]
[40.48, 40.33, 39.87, 38.54, 32.27, 15.62, 2.43, 1.43]
[40.43, 40.39, 40.19, 40.39, 40.41, 40.19]
[40.44, 40.38, 40.01, 39.98, 39.86, 39.86]
[40.5, 40.5, 40.52, 40.53, 40.45]
[40.32, 40.27, 40.17, 40.3, 40.47, 40.37]
[40.56, 40.64]
[40.49, 40.66, 40.61]
[40.42, 40.43]
[40.43, 40.12, 39.56, 37.8, 30.78, 14.21, 4.09, 2.2]
[40.45, 40.42, 40.29, 40.4, 40.73, 40.74]
[40.55, 40.6, 40.62, 40.73, 40.75]
[40.31, 39.89, 37.46, 16.83, 0.19, 0.15]
[40.53, 40.37, 40.14, 40.15, 40.13, 40.17]
[40.52, 40.35, 40.1, 40.3, 40.39, 40.39]
[40.42, 40.45, 40.45]
[40.32, 40.33, 40.46, 40.55, 40.55]
[40.55, 40.47, 40.49, 40.56]
[40.36, 40.19, 40.03, 39.95, 39.59, 37.74, 35.82, 28.2, 20.1, 14.48, 13.95]
[40.58, 40.63, 40.61, 40.58, 40.41]
[40.43, 40.47, 40.55]
[40.51, 40.62]
[40.38, 40.27, 40.27, 40.19]
[40.39, 40.36, 40.13, 39.74, 38.96, 35.69, 22.55, 14.2, 11.06, 10.32]
[40.53, 40.55, 40.56]
[40.39, 40.2, 39.39, 34.73, 19.51, 0.34, 0.26]
[40.52, 40.6, 40.6]
[40.58, 40.62, 40.54, 40.56, 40.48]
[40.45, 40.05, 38.54, 30.34, 4.04, 0.45]
[40.51, 40.43, 40.44]
[40.53, 40.6, 40.72]
[40.38, 40.29, 40.01, 39.79, 38.37, 35.69, 31.06, 27.7, 24.39, 22.54, 22.31]
[40.58, 40.64]
[40.43, 40.05, 39.12, 34.86, 11.18, 0.69]
[40.46, 40.55]
[40.34, 39.73, 36.06, 6.05, 0.37, 0.28]
[40.5, 40.48, 40.61, 40.53]
[40.43, 40.18, 39.27, 35.6, 10.72, 0.61, 0.53]
[40.43, 40.4, 40.34]
[40.43, 40.47, 40.63, 40.57]
[40.44, 40.42, 40.55, 40.54]
[40.41, 40.5, 40.54, 40.55]
[40.46, 40.58, 40.66]
[40.51, 40.39, 40.58, 40.52]
[40.44, 40.44, 40.05, 40.0, 39.85, 39.72]
[40.32, 40.1, 39.75, 38.09, 30.54, 10.87, 0.53, 0.39]
[40.55, 40.64, 40.63]
[40.4, 40.23, 39.66, 38.06, 31.86, 7.58, 3.16, 2.1, 1.86]
[40.35, 40.12, 39.32, 37.16, 26.59, 4.21, 1.91, 1.0]
[40.53, 40.47, 40.59, 40.73]
[40.47, 40.49, 40.42, 40.45, 40.49]
[40.37, 40.0, 38.97, 33.57, 3.39, 0.82]
[40.58, 40.65, 40.69, 40.69]
[40.37, 40.26, 39.81, 39.19, 36.23, 28.85, 14.15, 8.4]
[40.46, 40.34, 40.34, 40.59, 40.32]
[40.4, 40.4, 40.52, 40.53]
[40.46, 40.3, 40.16, 40.09]
[40.33, 40.28, 40.09, 39.43, 37.61, 32.29, 24.86, 17.85, 15.55]
[40.35, 39.72, 36.22, 9.13, 0.37]
[40.5, 40.31, 40.06, 39.72, 38.48, 36.89, 31.17, 21.74, 15.37, 14.26]
[40.52, 40.58, 40.75, 40.65]
[40.4, 40.18, 40.25, 40.2, 40.11]
[40.31, 40.21, 39.07, 36.04, 22.67, 3.93, 1.8]
[40.53, 40.33, 40.05, 40.02, 39.89, 39.03, 37.08, 30.92, 27.38, 25.64, 24.14]
[40.34, 40.16, 39.74, 38.96, 37.42, 35.6, 33.35, 28.34, 26.51, 25.7, 25.64]
[40.43, 40.4, 39.88, 39.56, 39.49, 39.15, 38.51, 38.12, 36.89, 35.88, 35.35]
[40.47, 40.49, 40.63, 40.63]
[40.5, 40.23, 39.6, 37.45, 26.77, 10.04, 6.51, 5.31]
[40.41, 40.41, 40.41]
[40.27, 39.76, 36.48, 7.46, 0.4, 0.05]
[40.52, 40.32, 39.97, 40.09, 40.51, 40.55, 40.41]
[40.3, 40.12, 39.33, 38.02, 31.86, 14.44, 6.87, 5.96]
[40.46, 40.38, 40.2, 40.43, 40.41, 40.42]
[40.29, 40.02, 39.91, 39.88, 39.65, 39.49, 39.33, 39.16]
[40.31, 40.05, 39.11, 36.34, 19.28, 1.35, 0.54]
[40.27, 39.98, 38.75, 33.52, 10.93, 0.88]
[40.53, 40.68, 40.66, 40.67]
[40.51, 40.55, 40.49, 40.44]
[40.43, 40.02, 38.71, 30.21, 0.57]
[40.5, 40.51, 40.74, 40.71]
[40.37, 40.32, 40.5, 40.5]
[40.43, 40.48, 40.34, 40.2, 40.29, 40.19, 39.95]
[40.33, 39.79, 37.5, 14.94, 0.08]
[40.36, 40.27, 40.16, 40.36, 40.26, 39.96]
[40.44, 40.36, 39.87, 39.45, 39.18, 38.0, 36.95, 35.31, 31.28, 19.67, 10.66, 4.42, 3.14]
[40.47, 40.49, 40.51, 40.37]
[40.27, 39.7, 37.69, 21.57, 0.03]
[40.46, 40.36, 40.35, 40.53, 40.24, 40.02]
[40.44, 40.58, 40.65, 40.65]
[40.45, 40.35, 39.39, 38.04, 32.77, 17.65, 5.34, 4.67]
[40.52, 40.55]
[40.46, 40.39, 39.8, 37.87, 29.64, 3.14, 1.6, 1.0]
[40.45, 40.14, 39.35, 36.45, 25.14, 5.14, 2.71]
[40.52, 40.55, 40.6]
[40.46, 40.32, 40.34]
[40.45, 40.52]
[40.41, 40.35, 40.34, 40.38, 40.39]
[40.51, 40.65, 40.78, 40.79]
[40.5, 40.49, 40.68, 40.65]
[40.4, 40.12, 39.88, 39.06, 36.98, 33.3, 27.61, 24.53, 21.87, 21.62, 21.02]
[40.4, 40.29, 40.42, 40.36]
[40.53, 40.58, 40.7, 40.72, 40.66]
[40.48, 40.61, 40.61]
[40.49, 40.58, 40.58]
[40.52, 40.58, 40.74, 40.67]
[40.49, 40.62, 40.62]
[40.37, 40.47, 40.45, 40.37]
[40.34, 40.08, 38.87, 31.78, 3.35, 0.98]
[40.46, 39.92, 39.09, 34.93, 14.93, 1.76, 1.21]
[40.49, 40.34, 40.43, 40.51]
[40.44, 40.29, 40.25, 40.17, 40.0, 40.09, 39.71, 38.97, 38.2, 37.43, 37.14]
[40.46, 40.34, 40.48, 40.49]
[40.53, 40.41, 40.07, 39.88, 38.82, 37.3, 35.08, 31.73, 29.02, 27.01, 25.81, 25.74]
[40.5, 40.63]
[40.39, 40.16, 39.78, 38.64, 32.63, 15.93, 10.33, 9.78]
[40.43, 40.51, 40.44]
[40.5, 40.48, 40.29, 40.04, 39.62, 36.98, 31.65, 15.16, 6.05, 2.32]
[40.39, 40.4, 40.41]
[40.42, 40.48]
[40.38, 40.3, 40.27, 40.49, 40.41]
[40.52, 40.29, 39.79, 38.91, 37.17, 31.16, 20.5, 11.56, 6.48, 5.94, 5.73]
[40.38, 39.9, 38.76, 32.64, 6.33, 0.53]
[40.36, 40.3, 40.24, 40.44, 40.73]
[40.49, 40.51, 40.51, 40.44]
[40.47, 40.41, 40.53, 40.77, 40.69]
[40.43, 40.51]
[40.44, 39.88, 37.35, 26.25, 1.92, 1.41]
[40.51, 40.65, 40.57, 40.44]
[40.46, 40.48, 40.59]
[40.34, 40.21, 39.95, 39.49, 39.45, 39.3, 38.97, 37.64, 35.35, 33.29, 30.33, 26.16, 18.7, 9.61, 0.37]
[40.31, 40.25, 39.64, 38.26, 34.74, 24.77, 11.07, 6.47, 5.73]
[40.52, 40.62]
[40.47, 40.56, 40.68, 40.82]
[40.42, 40.15, 39.5, 37.29, 27.11, 8.24, 5.24]
[40.45, 40.4, 40.52, 40.74, 40.64]
[40.57, 40.67]
[40.35, 39.68, 35.13, 4.38, 0.58, 0.43]
[40.43, 40.22, 39.58, 35.81, 17.85, 0.72, 0.52, 0.42]
[40.47, 40.55, 40.61, 40.55, 40.26, 40.39, 40.14]
[40.43, 40.36, 39.98, 38.43, 35.52, 29.38, 17.98, 11.85, 10.59]
[40.42, 40.47, 40.52]
[40.41, 40.13, 39.75, 37.91, 28.82, 1.05, 0.82]
[40.3, 39.68, 36.1, 14.88, 0.25]
[40.49, 40.58, 40.59]
[40.5, 40.39, 40.06, 39.92, 39.93, 39.98]
[40.42, 40.23, 39.94, 38.53, 35.03, 19.95, 1.08, 0.57]
[40.31, 40.14, 39.34, 36.54, 23.98, 3.66, 2.69, 2.07]
[40.51, 40.45, 40.59, 40.66, 40.66]
[40.34, 40.06, 38.76, 27.77, 4.15, 2.64, 2.42]
[40.41, 40.41, 40.25, 40.19, 40.15]
[40.4, 39.84, 38.61, 33.83, 13.97, 1.76]
[40.28, 40.1, 39.94, 40.11, 39.87, 38.48, 36.54, 32.15, 24.36, 15.22, 5.8, 4.47]
[40.36, 40.31, 39.99, 40.08, 40.33, 40.34]
[40.33, 40.17, 39.83, 39.0, 35.91, 24.05, 5.34, 4.49]
[40.31, 40.17, 40.03, 40.09, 40.0, 40.04, 39.92]
[40.51, 40.45, 40.68, 40.72, 40.73]
[40.46, 40.51, 40.51]
[40.36, 40.1, 39.62, 38.33, 35.68, 28.7, 20.07, 16.66, 16.28]
[40.42, 40.39, 40.4]
[40.38, 40.57, 40.73, 40.74]
[40.5, 40.42, 40.4, 40.6, 40.64]
[40.37, 40.22, 39.52, 38.0, 32.4, 5.35, 0.74]
[40.48, 40.47, 40.41]
[40.49, 40.51, 40.58, 40.52]
[40.43, 40.52, 40.62, 40.89, 41.21, 41.1]
[40.41, 40.42, 40.54, 40.67, 40.67]
[40.58, 40.64, 40.64]
[40.45, 40.43, 40.62, 40.66]
[40.4, 40.41, 40.44, 40.37]
[40.37, 39.53, 32.2, 2.59, 2.04]
[40.33, 40.1, 39.64, 38.44, 36.1, 30.04, 16.51, 12.03, 8.28, 3.65, 2.48]
[40.43, 40.1, 38.88, 36.25, 27.84, 17.76, 14.55, 14.22]
[40.4, 40.23, 39.19, 35.5, 21.87, 6.85, 5.49, 5.3]
[40.35, 40.39, 40.41, 40.42, 40.25]
[40.47, 40.54, 40.63, 40.66, 40.57]
[40.43, 40.34, 39.3, 36.01, 25.71, 10.83, 5.53, 5.01]
[40.42, 40.26, 38.84, 33.98, 13.35, 2.4, 1.76, 1.48]
[40.47, 40.44, 40.31, 40.44, 40.4, 40.29]
[40.27, 39.7, 37.29, 15.63, 0.12]
[40.53, 40.42, 40.48, 40.31, 40.25]
[40.48, 40.61, 40.62, 40.57]
[40.44, 40.33, 40.23, 40.23, 40.08, 40.15]
[40.51, 40.34, 39.89, 39.53, 39.34, 38.05, 35.72, 29.35, 15.42, 10.44, 9.84]
[40.47, 40.58, 40.53]
[40.36, 40.25, 39.82, 39.71, 39.52, 39.4]
[40.49, 40.35, 40.12, 39.86, 39.77, 39.8, 39.66]
[40.37, 40.34, 39.99, 39.8, 39.89, 40.05, 40.41, 39.92, 39.69]
[40.48, 40.57, 40.58]
[40.39, 40.31, 40.09, 39.74, 38.85, 34.31, 21.87, 5.12, 3.76, 3.03, 1.3]
[40.41, 40.2, 39.24, 34.32, 17.95, 5.63, 5.21]
[40.41, 40.17, 39.99, 39.46, 38.23, 35.63, 26.5, 17.19, 11.13, 10.04]
[40.51, 40.58, 40.58]
[40.29, 40.09, 39.46, 37.63, 31.68, 12.72, 4.78]
[40.33, 40.21, 39.62, 38.83, 37.37, 33.45, 24.23, 10.16, 5.82, 3.19, 0.87]
[40.52, 40.63, 40.7, 40.63]
[40.58, 40.48, 40.62, 40.64]
[40.57, 40.46, 40.63, 40.69]
[40.59, 40.66, 40.67]
[40.46, 40.51]
[40.48, 40.23, 39.48, 37.6, 30.4, 7.86, 4.5, 1.25]
[40.41, 40.13, 39.76, 39.37, 39.32, 37.62, 33.92, 28.3, 21.31, 14.06, 10.58, 5.73, 5.45]
[40.43, 40.48]
[40.42, 40.32, 40.34, 40.52, 40.72, 40.71]
[40.35, 40.19, 39.34, 36.93, 26.8, 10.45, 3.48, 1.89]
[40.5, 40.42, 40.12, 39.16, 36.97, 32.06, 21.84, 15.23, 13.61, 13.18]
[40.4, 40.37, 40.41, 40.44, 40.45]
[40.59, 40.71]
[40.42, 40.27, 39.97, 39.04, 35.97, 22.9, 2.09, 1.67]
[40.43, 39.93, 38.69, 34.99, 23.56, 5.52, 3.84]
[40.34, 40.07, 39.46, 36.65, 24.19, 4.83, 3.59]
[40.4, 40.05, 39.14, 35.5, 17.0, 2.6, 1.96]
[40.37, 40.3, 40.43, 40.47]
[40.47, 40.39, 40.38, 40.73, 40.77]
[40.41, 40.4, 40.41]
[40.42, 40.27, 39.97, 39.72, 38.5, 35.99, 30.34, 22.77, 17.22, 13.69, 12.83, 12.61]
[40.55, 40.43, 40.57, 40.45]
[40.32, 40.32, 40.26, 40.27, 40.29, 39.62, 39.2, 36.47, 29.98, 20.14, 3.68, 1.5]
[40.46, 40.19, 39.37, 35.91, 24.63, 7.71, 2.23, 1.54]
[40.42, 40.46, 40.48]
[40.34, 39.97, 39.07, 36.65, 23.59, 0.45]
[40.41, 40.32, 40.23, 40.2, 40.07]
[40.54, 40.65, 40.65]
[40.49, 40.4, 40.06, 40.19, 39.67, 39.9, 40.26, 39.13, 39.06]
[40.48, 40.4, 40.51, 40.58, 40.49]
[40.37, 40.21, 39.87, 38.94, 34.78, 15.36, 5.24, 3.95, 3.57]
[40.45, 40.46, 40.38, 40.53]
[40.37, 40.38, 40.5]
[40.42, 40.27, 39.8, 38.23, 33.35, 23.83, 15.82, 11.74, 10.57]
[40.38, 40.01, 38.15, 27.85, 3.75, 2.38, 1.93, 1.92]
[40.55, 40.48, 40.31, 40.24, 40.03, 39.58, 38.86, 37.68, 35.33, 31.13, 26.5, 23.48, 22.17, 19.97]
[40.37, 40.08, 39.3, 35.25, 15.81, 2.81, 2.06]
[40.33, 40.01, 39.19, 34.25, 13.57, 0.31]
[40.41, 40.24, 39.66, 38.43, 34.61, 21.65, 7.29, 4.78, 3.87]
[40.36, 40.2, 39.92, 39.58, 39.48, 38.87, 38.15, 36.95, 35.4, 34.01, 33.95]
[40.54, 40.59, 40.5, 40.44]
[40.41, 40.29, 40.42, 40.36]
[40.34, 40.17, 39.79, 39.53, 39.71, 39.93, 39.96]
[40.41, 40.21, 40.14, 40.26, 39.97, 39.8, 39.24, 37.03, 31.07, 20.45, 7.98, 7.1]
[40.54, 40.55, 40.57]
[40.42, 40.17, 39.79, 39.42, 37.81, 34.51, 30.58, 18.29, 12.31, 10.11, 9.9]
[40.42, 40.12, 37.88, 25.76, 1.6, 1.39]
[40.48, 40.46, 40.27, 40.24]
[40.43, 40.28, 40.0, 39.43, 37.59, 31.88, 17.08, 5.47, 1.36]
[40.48, 40.55, 40.55]
[40.38, 40.06, 39.25, 36.78, 28.32, 7.29, 4.48]
[40.5, 40.42, 40.23, 40.42, 40.32, 40.2]
[40.48, 40.46, 40.24, 40.12, 40.02, 40.07, 40.02, 39.39, 39.37, 39.12]
[40.46, 40.41, 40.43]
[40.5, 40.56, 40.57]
[40.34, 40.3, 40.43, 40.59]
[40.54, 40.54, 40.73, 40.97, 40.87]
[40.45, 40.41, 39.87, 39.7, 39.01, 37.13, 35.2, 32.56, 29.84, 26.38, 24.43, 22.24, 21.24]
[40.46, 39.86, 37.98, 29.66, 4.46, 3.21, 3.07]
[40.56, 40.52, 40.55, 40.49]
[40.49, 40.53, 40.57]
[40.44, 40.38, 40.44, 40.56, 40.44]
[40.56, 40.64, 40.8]
[40.41, 40.32, 40.41, 40.43]
[40.32, 40.26, 40.06, 40.1, 40.5, 40.91, 41.25, 41.42]
[40.38, 40.12, 38.95, 34.72, 19.5, 9.8, 9.19, 8.02]
[40.41, 40.27, 40.07, 40.19, 40.05, 39.99, 39.51, 39.84]
[40.34, 39.84, 36.97, 22.94, 1.3, 0.7]
[40.5, 40.47, 40.14, 40.19, 40.01, 40.28, 40.43]
[40.49, 40.52, 40.46]
[40.56, 40.59, 40.57, 40.58]
[40.42, 40.34, 39.58, 38.7, 36.83, 28.62, 17.3, 8.85, 8.43]
[40.38, 39.56, 33.98, 1.4, 0.48]
[40.44, 40.35, 40.1, 38.86, 34.88, 23.66, 9.7, 6.36, 5.78]
[40.27, 39.44, 34.73, 1.91, 0.81]
[40.4, 40.07, 38.99, 35.14, 19.37, 7.18, 3.62, 3.48]
[40.38, 40.35, 40.28, 40.29, 40.4]
[40.31, 39.44, 34.5, 2.86, 1.72]
[40.42, 40.44, 40.31, 40.3, 40.27, 40.41, 40.29]
[40.4, 40.34, 40.29, 40.19, 40.0, 39.99]
[40.42, 40.39, 40.5, 40.58, 40.43]
[40.34, 40.23, 40.03, 40.19, 40.06, 39.84]
[40.4, 39.98, 39.04, 35.42, 11.81, 0.82]
[40.24, 38.85, 26.75, 0.22]
[40.3, 40.35, 40.32, 40.34]
[40.47, 40.4, 40.46, 40.43, 40.37]
[40.39, 40.17, 39.95, 39.26, 38.14, 35.22, 29.72, 27.02, 24.76, 22.26, 22.21]
[40.24, 39.91, 38.39, 29.14, 0.19, 0.11]
[40.51, 40.51, 40.61]
[40.37, 40.31, 40.41, 40.34]
[40.55, 40.48, 40.38, 40.75, 40.74, 40.65, 40.66]
[40.53, 40.6, 40.6]
[40.47, 40.59, 40.68]
[40.52, 40.44, 40.43, 40.19, 40.13]
[40.38, 40.37, 40.29, 40.46]
[40.44, 40.21, 40.16, 40.62, 40.61, 40.54]
[40.41, 40.51, 40.51]
[40.44, 40.42, 40.28, 40.37, 40.36, 40.27]
[40.43, 39.87, 38.14, 23.34, 0.43, 0.28]
[40.34, 39.83, 37.56, 18.63, 0.29]
[40.39, 40.17, 39.82, 38.9, 36.37, 25.52, 12.58, 4.95, 3.69]
[40.4, 40.48, 40.5]
[40.35, 39.9, 38.1, 24.92, 0.44]
[40.41, 40.37, 40.51, 40.64]
[40.39, 39.91, 37.12, 20.93, 0.69, 0.57]
[40.4, 40.35, 40.37, 40.49, 40.42]
[40.44, 40.52, 40.46]
[40.45, 40.43, 40.41, 40.56, 40.63]
[40.4, 40.16, 39.18, 35.68, 18.52, 1.28, 0.98]
[40.45, 40.21, 39.8, 39.7, 39.94, 39.78, 39.67]
[40.52, 40.4, 40.43, 40.79, 40.93, 40.82]
[40.41, 40.43, 40.54, 40.48]
[40.47, 40.54, 40.52]
[40.37, 39.85, 38.22, 29.76, 3.06, 1.7]
[40.54, 40.56, 40.48]
[40.48, 40.42, 40.5, 40.5]
[40.39, 40.28, 39.7, 38.37, 33.64, 22.16, 7.77, 4.1, 3.93]
[40.39, 40.31, 40.27, 40.23]
[40.51, 40.56, 40.6]
[40.36, 40.26, 40.14, 40.18, 40.26, 40.17]
[40.42, 40.5, 40.52, 40.73, 40.6]
[40.49, 40.43, 40.56, 40.52]
[40.48, 40.62, 40.63]
[40.38, 40.47, 40.48]
[40.52, 40.38, 40.34, 40.3, 40.25, 40.46, 40.44, 40.28]
[40.45, 40.54, 40.62, 40.78]
[40.52, 40.47, 40.61, 40.55]
[40.32, 40.14, 39.57, 37.61, 33.97, 23.01, 7.91, 5.23, 4.1]
[40.46, 40.55]
[40.5, 40.55, 40.57, 40.54]
[40.29, 39.86, 38.45, 26.54, 0.18]
[40.42, 40.08, 39.19, 34.79, 21.13, 6.1, 4.18, 3.89]
[40.44, 40.4, 39.66, 38.44, 33.36, 20.32, 8.2, 6.3, 5.21]
[40.38, 40.06, 39.28, 37.01, 28.27, 6.09, 1.81, 1.67, 1.53]
[40.48, 40.61, 40.62, 40.62, 40.55]
[40.46, 40.52, 40.69, 40.62]
[40.36, 40.48, 40.52]
[40.56, 40.73, 40.76, 40.71]
[40.43, 40.32, 40.04, 40.17, 40.35, 40.27]
[40.53, 40.58, 40.72, 40.73]
[40.51, 40.41, 40.17, 40.23, 40.46, 40.24]
[40.5, 40.36, 40.23, 40.34, 40.36]
[40.44, 40.32, 39.67, 36.65, 23.16, 4.71, 0.79]
[40.32, 40.1, 39.45, 37.52, 28.35, 1.78, 0.92]
[40.53, 40.56, 40.51]
[40.53, 40.47, 40.56, 40.6, 40.53]
[40.44, 40.43, 40.53, 40.53]
[40.36, 40.32, 40.38, 40.32]
[40.38, 40.28, 40.3, 40.38, 40.3, 40.22]
[40.43, 40.07, 38.21, 27.62, 0.79, 0.61]
[40.4, 40.24, 40.11, 40.2, 40.23, 39.85, 40.02, 38.06, 36.25, 33.67, 32.09, 31.66]
[40.47, 40.45, 40.44]
[40.28, 40.15, 40.09, 40.18]
[40.41, 40.23, 39.65, 38.29, 34.48, 29.13, 22.62, 17.92, 16.63, 16.52]
[40.54, 40.55, 40.64, 40.6]
[40.43, 39.97, 38.48, 30.33, 11.53, 2.8, 2.59]
[40.46, 40.4, 40.27, 40.21, 40.24]
[40.49, 40.47, 40.48, 40.43]
[40.4, 40.11, 39.2, 34.9, 10.93, 0.11]
[40.38, 40.5, 40.5]
[40.32, 39.48, 33.98, 0.52, 0.45]
[40.45, 40.48, 40.48]
[40.39, 40.48, 40.5]
[40.33, 39.92, 38.89, 34.61, 9.26, 0.85]
[40.42, 40.36, 40.38, 40.52, 40.63, 40.56, 40.49]
[40.44, 40.4, 40.22, 40.33, 40.69, 40.96]
[40.5, 40.53, 40.65, 40.58]
[40.32, 39.94, 39.0, 36.34, 24.29, 4.53, 3.34, 3.01]
[40.4, 40.38, 40.33, 40.18, 40.14, 40.2]
[40.47, 40.49, 40.53]
[40.43, 40.06, 39.1, 35.85, 22.97, 1.34, 0.56]
[40.42, 40.34, 40.2, 39.88, 40.02, 40.17, 40.18, 39.77, 39.45, 38.47]
[40.48, 40.44, 40.49, 40.4]
[40.5, 40.61, 40.62]
[40.49, 40.34, 40.4, 40.29, 40.32, 40.14, 39.89]
[40.4, 40.17, 39.59, 37.22, 26.15, 1.01, 0.71]
[40.39, 40.09, 39.06, 34.93, 12.46, 1.08, 0.78]
[40.54, 40.61]
[40.33, 40.31, 40.17, 39.97, 39.34, 38.94, 37.08, 34.93, 33.48, 31.68, 30.08, 28.85]
[40.47, 40.63]
[40.51, 40.43, 40.46, 40.48]
[40.48, 39.85, 36.95, 14.21, 2.8, 2.2]
[40.45, 40.51, 40.4, 39.99, 39.52, 39.16, 37.45, 26.98, 11.17, 7.21, 6.28, 5.04]
[40.45, 40.24, 40.32, 40.32, 40.25]
[40.48, 40.54, 40.55, 40.48]
[40.4, 40.46, 40.47]
[40.33, 40.18, 39.76, 38.67, 35.69, 25.45, 14.85, 12.61, 12.27]
[40.37, 39.79, 36.32, 5.16, 0.28, 0.25]
[40.45, 40.5, 40.57]
[40.35, 40.22, 39.87, 38.99, 36.94, 30.87, 17.98, 8.2, 7.38]
[40.47, 40.46, 40.47, 40.45, 40.36, 40.23, 40.07]
[40.4, 40.36, 40.37, 40.29, 40.26, 40.2]
[40.6, 40.74, 40.7]
[40.48, 40.45, 40.54, 40.59]
[40.45, 40.16, 39.74, 38.24, 34.96, 22.14, 5.54, 1.34, 0.9]
[40.49, 40.56]
[40.35, 40.23, 39.57, 36.72, 23.51, 4.75, 3.26, 3.1]
[40.43, 40.56, 40.48, 40.44]
[40.54, 40.53, 40.58, 40.58]
[40.4, 40.13, 38.98, 30.24, 0.6, 0.48]
[40.49, 40.4, 39.97, 38.57, 34.8, 27.3, 15.07, 6.26, 4.74, 4.55]
[40.42, 40.29, 40.1, 40.05, 39.83, 38.3, 29.51, 11.73, 5.63, 1.08]
[40.44, 40.4, 40.17, 39.69, 38.63, 36.7, 35.29, 31.25, 26.31, 20.08, 15.83, 15.68]
[40.38, 40.42, 40.31, 40.44]
[40.39, 40.48, 40.48, 40.41, 40.36]
[40.37, 40.33, 40.08, 40.16, 40.15]
[40.4, 40.21, 39.69, 37.85, 23.16, 0.89, 0.57]
[40.34, 39.92, 38.69, 30.6, 9.52, 1.02]
[40.48, 40.43, 40.25, 40.16, 40.32, 40.21, 40.22, 40.05]
[40.29, 40.33, 40.09, 39.86, 40.08, 40.11]
[40.38, 40.0, 39.06, 36.34, 20.22, 1.83, 1.41]
[40.34, 40.35, 40.45, 40.72, 40.77]
[40.38, 40.29, 39.81, 38.98, 36.7, 24.1, 12.34, 11.08, 10.91]
[40.26, 39.8, 38.2, 25.63, 0.23, 0.17]
[40.42, 40.14, 39.65, 38.74, 35.22, 24.57, 15.41, 12.85, 12.59]
[40.44, 40.09, 39.48, 38.35, 34.4, 25.74, 16.97, 9.52, 8.89, 6.81]
[40.53, 40.39, 40.44, 40.51, 40.42, 40.38]
[40.35, 40.19, 39.72, 39.09, 37.36, 34.54, 30.75, 25.04, 21.77, 20.05]
[40.46, 40.57, 40.73, 40.78]
[40.42, 39.98, 37.89, 29.65, 5.04, 0.81]
[40.44, 40.31, 39.96, 39.74, 39.8, 39.79, 40.0, 40.02, 39.82]
[40.47, 40.46, 40.56]
[40.47, 40.48, 40.46, 40.66, 40.65]
[40.53, 40.57, 40.5]
[40.52, 40.61, 40.62]
[40.35, 40.41, 40.43, 40.36, 40.31, 39.95]
[40.41, 40.44, 40.42, 40.35]
[40.4, 40.18, 39.91, 39.13, 36.64, 27.15, 5.47, 1.17]
[40.32, 40.12, 38.8, 34.13, 13.47, 1.3, 1.08]
[40.4, 40.34, 40.33, 40.07, 40.11, 40.1, 39.47, 39.1, 38.91, 37.31]
[40.38, 40.22, 40.28, 40.48, 40.21, 40.13]
[40.55, 40.54, 40.61, 40.62]
[40.41, 40.31, 40.3, 40.41]
[40.44, 40.45, 40.62, 40.71, 40.63]
[40.49, 40.29, 39.45, 38.2, 31.68, 12.6, 2.71, 2.42, 1.36]
[40.26, 39.94, 37.87, 18.72, 0.09]
[40.51, 40.57, 40.58]
[40.68, 40.71, 40.71]
[40.47, 40.65, 40.68, 40.68]
[40.41, 40.51, 40.53, 40.66]
[40.37, 39.98, 39.08, 34.26, 11.67, 1.36]
[40.59, 40.64, 40.65]
[40.35, 40.12, 39.77, 39.07, 36.88, 28.27, 15.15, 10.97, 10.75]
[40.48, 40.45, 40.52]
[40.32, 40.07, 39.03, 34.02, 7.86, 0.56, 0.53]
[40.36, 40.3, 39.83, 39.12, 36.88, 28.14, 14.33, 9.36, 8.01]
[40.39, 40.23, 40.09, 40.07, 40.04, 39.95]
[40.48, 40.34, 40.13, 39.31, 36.03, 26.73, 12.19, 5.27, 4.4, 3.82]
[40.45, 40.3, 39.8, 38.67, 32.37, 10.79, 3.11, 2.86]
[40.48, 40.62, 40.71, 40.64]
[40.41, 40.34, 40.12, 39.83, 40.03, 40.14, 40.17, 38.61, 35.26, 31.05, 25.17, 13.79, 11.43, 10.49]
[40.37, 40.09, 39.58, 37.85, 28.06, 2.14, 1.49, 1.27]
[40.44, 40.13, 39.69, 38.73, 36.14, 29.01, 17.09, 9.37, 6.75, 6.17]
[40.42, 40.33, 40.31, 40.49, 40.56, 40.35, 40.23]
[40.56, 40.47, 40.52, 40.54]
[40.32, 40.11, 38.8, 33.47, 16.11, 3.98, 2.7]
[40.51, 40.47, 40.61, 40.71]
[40.32, 40.21, 40.19, 40.3, 40.29]
[40.47, 40.42, 40.48, 40.42]
[40.31, 40.37, 40.49]
[40.37, 40.3, 40.3, 40.42]
[40.43, 40.14, 39.26, 35.17, 9.12, 2.11, 1.92, 1.36, 0.53]
[40.38, 39.9, 38.59, 32.88, 16.9, 4.68, 2.59]
[40.49, 40.53, 40.53]
[40.41, 40.43, 40.47, 40.49]
[40.35, 40.07, 38.82, 34.58, 9.9, 0.29, 0.22]
[40.48, 40.49, 40.51, 40.39]
[40.48, 40.49]
[40.56, 40.62, 40.62, 40.67, 40.57]
[40.46, 40.44, 40.44]
[40.48, 40.2, 39.79, 39.62, 39.54, 39.59, 39.68, 39.55]
[40.47, 40.42, 40.37, 40.33]
[40.5, 40.58, 40.59]
[40.44, 40.33, 40.12, 39.33, 36.48, 26.41, 19.79, 17.25, 16.91]
[40.4, 40.33, 40.41, 40.23]
[40.39, 40.31, 39.7, 38.43, 33.38, 25.48, 17.79, 14.28, 13.54]
[40.42, 40.28, 40.29, 40.51, 40.31, 40.2]
[40.43, 40.52, 40.5, 40.36]
[40.54, 40.55, 40.55]
[40.44, 40.18, 39.73, 37.64, 29.45, 2.92, 0.62]
[40.45, 40.39, 40.38, 40.41, 40.33, 40.25, 40.27]
[40.46, 40.58]
[40.43, 40.45, 40.61, 40.49]
[40.31, 39.96, 38.62, 26.94, 0.3]
[40.35, 39.92, 38.95, 33.98, 12.47, 0.48, 0.38]
[40.34, 40.24, 40.19, 40.42, 40.07, 40.07, 40.07, 38.38, 37.96, 37.71, 37.44]
[40.4, 40.27, 40.0, 38.92, 36.82, 30.78, 22.44, 12.05, 8.41, 8.27]
[40.49, 40.33, 39.44, 38.29, 36.13, 33.54, 30.08, 24.98, 23.44, 23.37]
[40.39, 40.37, 40.23, 40.36, 40.61, 40.3]
[40.49, 40.6, 40.54]
[40.37, 40.0, 38.79, 34.4, 6.65, 0.35, 0.27]
[40.24, 40.04, 39.25, 37.65, 25.47, 10.36, 7.96, 7.8]
[40.44, 40.37, 40.39, 40.4]
[40.46, 40.51, 40.56]
[40.5, 40.52, 40.41]
[40.43, 40.5, 40.41, 40.59, 40.61, 40.61, 40.51]
[40.34, 39.98, 38.13, 26.05, 0.61, 0.45]
[40.56, 40.68, 40.68]
[40.48, 40.2, 39.84, 39.68, 39.46, 39.48, 39.42]
[40.51, 40.57, 40.51]
[40.46, 40.02, 38.2, 27.83, 6.91, 2.12]
[40.4, 40.44, 40.49, 40.56, 40.56]
[40.56, 40.61, 40.68, 40.69]
[40.31, 40.26, 40.13, 40.08, 40.1, 39.75]
[40.46, 40.39, 40.37, 40.41, 40.42, 40.33]
[40.33, 40.24, 39.79, 39.53, 39.72, 40.12, 40.4]
[40.42, 40.2, 39.5, 36.53, 18.32, 0.98, 0.68]
[40.41, 40.12, 39.25, 36.68, 26.39, 11.33, 7.45, 6.85]
[40.38, 40.15, 39.61, 39.15, 37.6, 35.47, 30.02, 25.96, 23.75, 23.29]
[40.45, 40.51, 40.44]
[40.52, 40.49, 40.29, 40.25, 39.75, 37.08, 34.48, 30.65, 26.65, 23.83, 22.37]
[40.42, 40.44, 40.41, 40.42, 40.34]
[40.41, 40.54, 40.55]
[40.54, 40.54, 40.61, 40.63, 40.55]
[40.43, 40.26, 39.78, 39.21, 38.22, 32.89, 22.89, 10.77, 6.18, 4.51]
[40.43, 40.38, 40.26, 40.26, 40.29, 40.29, 40.1, 38.92, 33.19, 19.74, 6.45, 1.81]
[40.45, 40.33, 40.41, 40.68, 40.66, 40.45]
[40.39, 40.43, 40.53, 40.5]
[40.42, 40.44, 40.47]
[40.45, 40.5, 40.48, 40.4, 40.34]
[40.56, 40.47, 40.21, 40.34, 40.45, 40.55, 40.58]
[40.31, 39.54, 35.66, 4.4, 0.98]
[40.32, 39.6, 36.93, 16.88, 0.2]
[40.39, 40.21, 40.03, 40.13, 40.36, 40.5]
[40.45, 40.5, 40.51]
[40.4, 40.06, 39.02, 32.46, 7.92, 1.23, 1.07]
[40.38, 40.39, 40.33]
[40.46, 40.35, 40.31, 40.44, 40.36]
[40.41, 40.14, 38.95, 35.6, 20.66, 0.18]
[40.32, 40.21, 40.22, 40.3, 40.24, 40.26, 40.16]
[40.63, 40.72]
[40.46, 40.52, 40.59, 40.59]
[40.53, 40.51, 40.58, 40.5]
[40.36, 40.23, 39.54, 38.28, 36.11, 31.95, 22.12, 12.93, 9.49, 8.07, 4.82]
[40.44, 40.43, 40.43, 40.42, 40.42]
[40.45, 40.31, 40.06, 39.83, 39.86, 39.45, 38.67, 36.58, 32.76, 30.2, 22.81, 20.33, 16.38, 16.18]
[40.25, 39.75, 37.84, 20.11, 0.99, 0.96]
[40.48, 40.38, 40.26, 40.31, 40.38, 40.29]
[40.36, 40.23, 39.74, 38.43, 33.2, 16.44, 7.5, 4.72, 2.74, 2.62]
[40.41, 40.41, 40.43]
[40.45, 40.49, 40.58, 40.82, 40.83]
[40.45, 40.33, 40.21, 40.42, 40.36, 39.28, 37.36, 34.99, 32.33, 30.28, 28.61, 28.52]
[40.6, 40.61, 40.63]
[40.44, 40.16, 39.58, 37.76, 28.43, 1.94, 1.7]
[40.55, 40.57, 40.41, 40.7, 40.87, 40.91]
[40.37, 40.18, 39.06, 35.05, 14.63, 0.35]
[40.46, 40.21, 39.89, 39.15, 35.56, 24.54, 9.18, 7.03, 6.06]
[40.54, 40.62, 40.71, 40.67, 40.58]
[40.37, 40.35, 40.13, 40.18, 40.23]
[40.48, 40.56, 40.56]
[40.38, 39.86, 38.56, 32.25, 4.83, 0.07]
[40.5, 40.54, 40.6, 40.55]
[40.5, 40.42, 40.43, 40.43]
[40.39, 40.37, 40.38, 40.32]
[40.47, 40.29, 40.01, 38.27, 30.83, 13.9, 5.08, 4.65]
[40.46, 40.6, 40.58]
[40.37, 40.33, 40.26, 40.31, 40.26, 40.14]
[40.52, 40.46, 40.37, 40.5, 40.42, 40.33]
[40.51, 40.19, 39.38, 35.11, 19.74, 3.44, 1.88, 1.67, 0.92]
[40.48, 39.97, 38.84, 30.89, 10.9, 1.23, 1.07]
[40.45, 40.33, 40.08, 40.18, 40.19, 40.06, 39.94]
[40.47, 40.43, 40.47, 40.43, 40.35, 40.18]
[40.35, 40.35, 40.38, 40.38]
[40.45, 40.27, 40.1, 40.31, 40.32]
[40.42, 40.53, 40.58, 40.52]
[40.41, 40.2, 40.01, 40.01, 39.89, 37.33, 31.9, 24.16, 14.04, 9.12, 7.7, 7.51]
[40.4, 40.41, 40.59, 40.5]
[40.48, 40.54, 40.55]
[40.45, 40.37, 40.31, 40.6, 40.78, 40.88, 40.92, 41.13, 41.18]
[40.44, 40.18, 38.96, 35.16, 11.82, 0.42]
[40.45, 40.36, 40.44, 40.45]
[40.44, 40.25, 40.22, 40.47, 40.43]
[40.49, 40.22, 39.34, 35.86, 11.7, 0.85, 0.56]
[40.28, 39.76, 37.95, 24.0, 0.6]
[40.38, 40.37, 40.3]
[40.48, 40.28, 39.87, 39.95, 39.97, 40.42, 40.45, 40.66, 40.68]
[40.55, 40.61, 40.57, 40.42]
[40.33, 40.32, 40.4, 40.48]
[40.52, 40.58, 40.75, 40.71]
[40.37, 40.14, 39.86, 39.96, 39.87, 39.91, 39.81]
[40.49, 40.47, 40.52]
[40.36, 39.28, 31.66, 1.04, 0.54]
[40.57, 40.42, 40.02, 39.67, 39.13, 38.07, 36.02, 33.62, 28.53, 25.01, 23.27, 22.47]
[40.37, 40.25, 38.87, 33.57, 9.42, 0.81, 0.78]
[40.46, 40.3, 39.85, 39.66, 39.56, 39.59, 39.59]
[40.38, 40.05, 39.51, 38.53, 35.33, 28.81, 15.36, 6.21, 5.58]
[40.46, 40.5, 40.61, 40.66, 40.57]
[40.48, 40.05, 37.39, 20.86, 0.16]
[40.44, 40.29, 40.12, 40.34, 40.11, 39.41, 37.31, 32.39, 25.07, 17.04, 7.62, 3.91]
[40.46, 40.4, 39.95, 39.94, 39.4, 38.67, 36.31, 34.5, 31.51, 29.38, 29.21]
[40.32, 40.41, 40.49]
[40.55, 40.57, 40.59]
[40.41, 40.49, 40.49]
[40.53, 40.65, 40.67]
[40.35, 40.12, 39.43, 37.07, 24.5, 3.23, 2.26, 2.0]
[40.42, 40.47, 40.53, 40.73, 40.65]
[40.29, 40.02, 39.79, 39.87, 39.77, 39.65]
[40.44, 40.52, 40.54]
[40.53, 40.6]
[40.42, 40.52, 40.54]
[40.57, 40.62, 40.6, 40.54]
[40.41, 40.26, 40.18, 40.18, 40.13, 40.18, 40.3]
[40.42, 40.29, 40.1, 39.93, 39.0, 37.97, 35.5, 32.84, 27.96, 25.98, 24.41, 24.2]
[40.56, 40.5, 40.59, 40.8]
[40.39, 40.39, 40.09, 40.06, 38.25, 31.73, 20.06, 7.2, 6.17]
[40.47, 40.38, 40.1, 40.03, 39.81, 37.78, 34.56, 28.15, 20.02, 12.4, 5.3, 2.99]
[40.46, 40.4, 40.46, 40.4]
[40.47, 40.42, 40.39, 40.32, 40.36, 40.27]
[40.48, 40.41, 40.15, 40.06, 39.88, 38.92, 37.67, 35.58, 32.89, 29.45, 28.43]
[40.3, 39.76, 37.01, 11.47, 0.11]
[40.49, 40.35, 39.99, 38.4, 29.83, 2.0, 1.23]
[40.47, 40.19, 39.87, 39.09, 38.18, 36.64, 33.75, 27.57, 19.02, 13.35, 11.34, 10.59]
[40.5, 40.56]
[40.44, 40.46, 40.34, 40.3, 40.31]
[40.34, 40.4, 40.41]
[40.52, 40.5, 40.53]
[40.51, 40.45, 40.4]
[40.5, 40.54, 40.55, 40.55]
[40.43, 40.4, 40.1, 39.87, 39.8, 39.62, 39.47, 39.41, 39.45]
[40.46, 40.48, 40.47, 40.53, 40.46]
[40.31, 39.87, 37.97, 22.75, 0.93, 0.57]
[40.41, 40.45, 40.37]
[40.44, 40.55, 40.61]
[40.46, 40.5]
[40.39, 40.32, 40.01, 39.78, 39.66, 38.95, 38.51, 37.86, 37.51, 37.63]
[40.44, 40.44, 40.63, 40.81]
[40.34, 40.15, 39.84, 39.36, 37.85, 36.07, 28.97, 21.53, 17.28, 16.47, 15.61]
[40.49, 40.62, 40.65]
[40.46, 40.26, 39.7, 38.41, 33.47, 18.07, 7.36, 6.58]
[40.55, 40.61, 40.84]
[40.35, 40.46, 40.46, 40.31]
[40.43, 40.33, 40.27, 40.19, 40.05]
[40.41, 40.31, 40.13, 40.2, 39.85, 39.68, 38.81, 37.38, 35.6, 32.9, 30.42, 27.47, 22.83, 17.97, 13.67, 13.09]
[40.4, 40.06, 38.72, 34.31, 8.38, 2.63]
[40.51, 40.47, 40.46, 40.41]
[40.43, 40.5, 40.52, 40.46]
[40.35, 40.26, 39.99, 39.42, 36.67, 27.89, 5.37, 4.36]
[40.49, 40.37, 40.51, 40.47]
[40.3, 39.97, 38.67, 32.31, 3.7, 0.73]
[40.3, 40.01, 38.18, 27.77, 1.3, 1.11]
[40.37, 40.35, 40.04, 38.66, 35.54, 25.43, 14.13, 6.93, 6.33]
[40.42, 40.04, 38.88, 33.16, 8.27, 1.13, 0.9]
[40.38, 40.27, 40.25, 39.97, 40.04, 40.39, 40.65]
[40.54, 40.42, 40.38, 40.64, 40.55]
[40.39, 40.05, 39.51, 38.0, 33.09, 17.19, 4.88, 2.94, 2.69]
[40.39, 40.15, 39.29, 34.95, 9.07, 0.25, 0.21]
[40.47, 40.13, 38.94, 32.78, 9.74, 3.29, 2.77]
[40.37, 39.69, 36.33, 8.05, 0.63, 0.61]
[40.53, 40.36, 39.84, 39.57, 39.45, 39.86, 40.13, 40.12]
[40.41, 40.41, 40.34, 40.65, 40.73, 40.65]
[40.4, 40.01, 39.34, 37.06, 27.03, 7.7, 2.35]
[40.49, 40.39, 40.3, 39.89, 39.11, 37.47, 33.59, 25.73, 21.96, 20.28]
[40.33, 40.02, 39.26, 36.27, 21.1, 3.83, 2.1, 1.39]
[40.54, 40.41, 40.54, 40.44]
[40.47, 40.36, 39.93, 39.87, 40.09, 40.04, 40.12, 40.23, 40.4, 39.85, 39.55]
[40.4, 40.42, 40.58, 40.68, 40.48]
[40.29, 40.17, 39.89, 39.95, 39.73]
[40.5, 40.52, 40.65, 40.66]
[40.33, 40.18, 40.13, 39.89, 40.08, 39.45, 38.49, 35.42, 31.36, 26.45, 22.03, 15.12, 12.1]
[40.5, 40.58]
[40.33, 39.64, 35.75, 8.6, 0.12]
[40.34, 40.0, 38.66, 31.65, 9.79, 1.23, 1.22]
[40.4, 40.27, 39.97, 40.04, 40.1, 40.02]
[40.36, 40.35, 40.41, 40.57]
[40.29, 40.19, 39.17, 34.82, 10.53, 0.21]
[40.52, 40.31, 39.92, 38.55, 35.97, 32.29, 27.69, 24.45, 22.1]
[40.35, 40.28, 40.55, 40.79, 40.8]
[40.46, 40.39, 40.26, 40.2]
[40.38, 40.44, 40.39, 40.29, 40.3]
[40.37, 40.43, 40.44, 40.34]
[40.35, 40.26, 39.97, 40.04, 39.86, 39.88]
[40.51, 40.64, 40.7, 40.7]
[40.41, 40.44, 40.43]
[40.37, 40.27, 39.86, 38.96, 37.11, 31.86, 13.07, 6.25, 4.32, 3.8]
[40.4, 40.18, 38.75, 31.71, 0.59]
[40.44, 40.45, 40.43]
[40.27, 40.06, 38.46, 34.62, 17.83, 5.15, 4.34, 2.04]
[40.45, 39.64, 34.78, 2.7, 0.49]
[40.46, 39.95, 39.11, 35.18, 13.61, 1.21, 1.06]
[40.44, 40.18, 39.63, 38.87, 35.23, 25.34, 13.33, 7.26, 6.7]
[40.37, 40.08, 38.54, 27.27, 4.15, 1.41]
[40.42, 40.28, 39.97, 40.07, 40.05]
[40.39, 40.26, 40.26, 40.32, 40.26]
[40.44, 40.52, 40.52]
[40.57, 40.59, 40.59]
[40.5, 40.51, 40.56]
[40.27, 40.04, 39.41, 38.41, 32.88, 23.97, 16.53, 14.37, 13.77]
[40.43, 40.43, 40.32, 40.13, 40.13]
[40.41, 40.36, 40.38, 40.46, 40.37, 39.85, 39.96]
[40.45, 40.32, 39.94, 38.67, 36.03, 27.96, 16.07, 12.26, 12.12]
[40.49, 40.46, 40.46, 40.53]
[40.49, 40.55, 40.49]
[40.38, 40.14, 38.72, 33.29, 10.14, 2.04, 1.55]
[40.5, 40.56, 40.56]
[40.4, 40.33, 40.47, 40.49]
[40.34, 40.18, 39.62, 38.38, 31.98, 17.05, 9.5, 8.68]
[40.41, 40.12, 39.78, 38.7, 34.85, 28.13, 21.87, 14.96, 11.85, 9.82]
[40.33, 40.07, 39.17, 36.59, 24.14, 1.36, 1.11]
[40.43, 40.4, 40.41, 40.23]
[40.31, 39.99, 39.03, 36.62, 25.76, 5.41, 3.37]
[40.35, 40.4, 40.55, 40.55, 40.49]
[40.36, 40.12, 39.72, 38.78, 35.8, 26.58, 6.55, 2.71, 1.6]
[40.54, 40.49, 40.57, 40.51]
[40.42, 40.41, 40.35]
[40.46, 40.53, 40.39]
[40.45, 40.3, 39.84, 38.94, 37.68, 35.87, 33.99, 31.35, 28.13, 22.67, 14.95, 12.83, 9.55, 5.13, 4.58, 2.41]
[40.44, 40.35, 40.07, 40.08, 40.29, 40.5, 40.43, 39.55, 38.54, 36.77, 34.34, 30.25, 23.14, 12.68, 4.48]
[40.42, 40.17, 39.76, 38.49, 34.11, 14.41, 3.37, 1.76]
[40.44, 40.46, 40.49]
[40.42, 40.35, 40.36, 40.3, 40.06, 40.06]
[40.53, 40.4, 40.36, 40.36, 40.28]
[40.45, 40.54, 40.6]
[40.43, 40.37, 40.12, 40.03, 39.68, 38.94, 35.55, 31.17, 23.53, 17.64, 17.16]
[40.44, 40.32, 40.23, 40.14]
[40.5, 40.54, 40.66, 40.67]
[40.29, 40.05, 39.6, 37.94, 30.39, 5.18, 3.28, 2.67]
[40.42, 40.34, 40.47, 40.4, 40.41, 40.33]
[40.49, 40.51, 40.57, 40.56, 40.51]
[40.26, 40.23, 40.07, 39.16, 36.87, 28.51, 14.41, 11.48, 10.94]
[40.32, 40.32, 40.04, 39.65, 38.51, 35.31, 33.19, 29.21, 25.74, 21.17, 19.06, 18.85]
[40.42, 40.46, 40.66, 40.75]
[40.5, 40.5, 40.53, 40.41]
[40.44, 40.42, 40.55, 40.75]
[40.42, 40.36, 40.27, 40.32, 40.25]
[40.4, 40.46, 40.52]
[40.44, 40.4, 40.18, 40.39, 40.31, 40.19]
[40.44, 40.46, 40.48, 40.49]
[40.51, 40.46, 40.47, 40.41]
[40.38, 40.19, 39.94, 39.85, 40.03, 39.97]
[40.43, 39.99, 38.53, 31.64, 9.01, 3.01, 2.64]
[40.32, 40.09, 39.21, 33.79, 12.56, 0.89, 0.69]
[40.53, 40.6, 40.61, 40.54]
[40.26, 39.68, 37.12, 23.97, 2.58, 1.83]
[40.48, 40.27, 40.04, 39.76, 39.7, 39.29, 38.41, 36.35, 35.62, 33.36, 31.34, 31.34]
[40.44, 40.53, 40.42, 40.47, 40.4]
[40.22, 39.84, 38.86, 30.81, 0.53]
[40.53, 40.41, 40.08, 39.69, 39.42]
[40.4, 39.73, 36.67, 13.87, 0.11]
[40.44, 40.5, 40.56, 40.56]
[40.37, 40.33, 40.18, 40.5, 40.66, 40.68, 40.86]
[40.45, 40.31, 40.33, 40.81, 40.91]
[40.34, 40.39, 40.57, 40.65]
[40.45, 40.34, 40.55, 40.48, 40.48]
[40.42, 40.36, 40.15, 39.69, 39.5, 39.58, 39.76, 38.84, 38.11, 35.45, 33.56, 32.32, 31.26]
[40.45, 40.53, 40.61, 40.61, 40.55]
[40.41, 40.51, 40.51]
[40.46, 40.34, 40.31, 39.98, 39.4, 38.39, 35.93, 31.44, 25.63, 13.09, 6.13, 4.98]
[40.45, 40.46, 40.47, 40.53]
[40.26, 39.64, 36.86, 20.03, 0.1]
[40.54, 40.45, 40.15, 40.2, 40.21, 40.37, 40.48, 40.51]
[40.43, 40.3, 40.35, 40.41, 40.36]
[40.41, 40.46, 40.4]
[40.39, 40.28, 40.32, 40.36, 40.35, 40.31]
[40.49, 40.3, 39.45, 36.2, 26.5, 9.85, 5.22, 4.66]
[40.45, 40.27, 40.02, 39.78, 39.87, 39.92, 39.94]
[40.39, 40.21, 39.99, 39.59, 38.88, 35.95, 29.33, 16.05, 9.79, 8.56, 8.4]
[40.46, 40.29, 40.23, 40.15, 40.26, 39.58, 39.04, 39.02, 38.42, 38.38, 38.13]
[40.45, 40.24, 39.49, 37.9, 32.74, 16.56, 8.37, 6.96]
[40.46, 40.35, 40.47, 40.48]
[40.3, 39.18, 32.31, 0.14]
[40.5, 40.56, 40.59, 40.65, 40.56]
[40.34, 40.04, 38.71, 32.13, 4.41, 0.79]
[40.4, 40.14, 39.76, 38.75, 36.02, 26.94, 13.59, 9.39, 8.71]
[40.49, 40.47, 40.49]
[40.61, 40.68]
[40.55, 40.5, 40.6, 40.56]
[40.56, 40.64, 40.61]
[40.52, 40.55, 40.59, 40.61]
[40.27, 40.19, 40.08, 40.21, 40.25, 40.16]
[40.28, 39.78, 36.57, 4.52, 0.42, 0.32]
[40.43, 39.86, 36.91, 9.99, 0.21, 0.17]
[40.42, 40.33, 40.21, 40.24, 40.25, 40.16, 40.03]
[40.53, 40.57, 40.69]
[40.33, 39.47, 34.28, 2.78, 0.78]
[40.45, 40.4, 40.26, 40.2, 40.25, 40.41, 40.32]
[40.4, 40.24, 39.81, 39.28, 36.76, 24.55, 10.47, 7.95, 7.61]
[40.56, 40.65, 40.59]
[40.3, 40.25, 39.61, 37.6, 25.88, 1.93, 1.12]
[40.45, 40.38, 40.14, 39.4, 37.63, 32.73, 21.97, 13.62, 7.26, 4.37, 4.15]
[40.43, 40.25, 39.94, 39.59, 37.75, 33.75, 28.3, 22.74, 20.83, 18.81]
[40.49, 40.55, 40.55]
[40.39, 40.49, 40.4, 40.35]
[40.45, 40.39, 40.4]
[40.38, 39.95, 37.83, 26.97, 1.01, 0.92]
[40.49, 40.52, 40.61]
[40.47, 40.45, 40.45]
[40.44, 40.14, 39.15, 35.55, 7.51, 0.14, 0.09]
[40.42, 40.41, 40.41, 40.41]
[40.46, 40.48, 40.46, 40.41]
[40.48, 40.31, 40.34, 40.44, 40.4, 40.31]
[40.46, 40.25, 39.9, 39.67, 39.25, 38.59, 37.84, 37.6, 37.53, 37.3]
[40.43, 40.21, 39.8, 39.54, 39.61, 39.7, 38.14, 32.49, 27.45, 22.88, 19.77, 19.35, 18.99]
[40.47, 40.54, 40.53]
[40.42, 40.38, 40.53, 40.47]
[40.41, 40.0, 38.81, 31.57, 12.79, 2.26, 2.13, 1.57]
[40.46, 40.34, 40.32, 40.43, 40.45]
[40.51, 40.55, 40.6, 40.6]
[40.52, 40.58, 40.58, 40.53]
[40.53, 40.49, 40.17, 39.45, 38.6, 38.11, 35.37, 34.73, 34.54, 33.78]
[40.52, 40.54, 40.56, 40.71, 40.72, 40.63]
[40.38, 40.35, 40.28, 40.42, 40.35]
[40.45, 40.26, 40.09, 39.9, 39.91, 40.07, 39.73, 39.78, 39.65]
[40.31, 40.3, 39.96, 39.75, 40.19, 40.3, 40.16]
[40.48, 40.36, 40.33, 40.34]
[40.42, 40.31, 39.79, 39.22, 36.03, 28.71, 18.43, 9.82, 7.95, 7.75]
[40.35, 40.33, 40.33, 40.27]
[40.42, 40.33, 39.97, 38.41, 27.86, 3.88, 3.15]
[40.42, 40.45, 40.47, 40.61, 40.68]
[40.46, 40.57, 40.63]
[40.55, 40.42, 40.2, 39.29, 37.69, 32.26, 22.45, 15.19, 10.66, 8.2, 7.69, 6.29]
[40.28, 39.08, 28.51, 0.19]
[40.4, 40.33, 39.92, 39.74, 39.1, 37.29, 27.4, 18.29, 15.41, 13.98]
[40.48, 40.62, 40.63]
[40.45, 40.16, 39.96, 39.38, 38.56, 34.67, 26.68, 18.21, 15.52, 14.63]
[40.53, 40.65, 40.83, 40.8, 40.76]
[40.47, 40.31, 39.96, 39.09, 35.28, 24.71, 10.63, 7.23, 7.1]
[40.45, 40.43, 40.42, 40.68, 40.7]
[40.45, 40.54, 40.65]
[40.47, 40.45, 40.47]
[40.38, 39.94, 38.57, 34.08, 10.9, 1.14, 0.75]
[40.46, 40.44, 40.56, 40.57]
[40.42, 40.51, 40.53]
[40.37, 39.74, 37.56, 21.08, 0.15]
[40.44, 40.24, 39.55, 37.23, 26.24, 3.78, 2.66]
[40.47, 40.51, 40.46, 40.67, 40.74, 40.74]
[40.38, 39.72, 37.16, 20.34, 1.21, 0.48]
[40.55, 40.6]
[40.42, 40.25, 39.99, 39.45, 39.29, 38.73, 38.6, 38.7, 38.53, 38.55, 38.27]
[40.41, 40.39, 40.34]
[40.47, 40.56, 40.56]
[40.35, 39.89, 37.95, 29.22, 2.44, 1.05, 0.84]
[40.39, 40.28, 40.07, 39.46, 38.58, 35.09, 28.2, 19.45, 15.64, 14.66]
[40.48, 40.38, 40.38, 40.58, 40.61, 40.66, 41.23, 41.25]
[40.41, 39.81, 37.71, 24.48, 2.85, 1.35, 1.26, 1.06]
[40.47, 40.48, 40.48, 40.42]
[40.43, 40.1, 38.18, 27.98, 0.11]
[40.51, 40.55, 40.54]
