[33.82, 0.82, 0.41, 0.18, 0.09]
[33.57, 1.28, 0.55, 0.45]
[33.3, 0.92, 0.49]
[33.43, 0.74, 0.52]
[33.57, 2.0, 0.32, 0.11, 0.1]
[33.78, 4.07, 0.34, 0.11]
[33.4, 2.88, 0.59, 0.38, 0.18]
[33.52, 0.89, 0.42, 0.18, 0.14]
[33.52, 1.25, 0.66, 0.32, 0.09]
[33.86, 2.74, 0.5, 0.1]
[33.64, 3.0, 0.37, 0.3]
[33.54, 4.04, 0.27, 0.15, 0.08]
[33.55, 0.98, 0.61]
[33.73, 0.86, 0.43]
[33.39, 0.48, 0.4]
[33.61, 2.19, 0.34, 0.1]
[33.62, 5.08, 0.19, 0.1]
[33.8, 2.68, 0.3, 0.09]
[33.39, 0.74, 0.42]
[33.59, 0.96, 0.71]
[33.64, 4.28, 0.31, 0.12]
[33.47, 1.1, 0.58, 0.49, 0.18, 0.12]
[33.45, 0.7, 0.48]
[33.61, 2.81, 0.41, 0.1, 0.09]
[33.8, 0.83, 0.46, 0.2, 0.12]
[33.5, 1.17, 0.42, 0.24, 0.14]
[33.71, 2.76, 0.29, 0.15, 0.08]
[33.53, 1.93, 0.42, 0.19, 0.09]
[33.78, 1.0, 0.39, 0.27, 0.11]
[33.69, 1.71, 0.41, 0.2, 0.12]
[33.38, 2.91, 0.23, 0.11]
[33.52, 2.58, 0.39, 0.17, 0.08]
[33.66, 2.78, 0.34, 0.07]
[33.41, 0.58, 0.47]
[33.55, 0.86, 0.59]
[33.46, 0.89, 0.45]
[33.57, 1.72, 0.33, 0.2, 0.12]
[33.81, 1.16, 0.33, 0.11, 0.1]
[33.52, 2.23, 0.34, 0.26]
[33.67, 0.8, 0.36, 0.17, 0.12]
[33.64, 2.63, 0.3, 0.14]
[33.4, 0.87, 0.44, 0.24, 0.12]
[33.4, 2.84, 0.23, 0.12]
[33.34, 1.15, 0.32, 0.16, 0.11]
[33.63, 1.2, 0.34, 0.24, 0.09]
[33.69, 0.92, 0.57]
[33.42, 2.11, 0.45, 0.22, 0.12]
[33.44, 3.43, 0.39, 0.21, 0.08]
[33.6, 1.46, 0.42, 0.22, 0.13]
[33.51, 1.21, 0.46, 0.32, 0.11]
[33.7, 2.05, 0.4, 0.13, 0.1]
[33.06, 0.63, 0.55]
[33.31, 0.48, 0.42]
[33.2, 1.03, 0.62]
[33.65, 2.63, 0.62, 0.17, 0.11]
[33.56, 5.41, 0.27, 0.12]
[33.52, 1.79, 0.41, 0.15, 0.08]
[33.86, 2.83, 0.27, 0.1, 0.07]
[33.42, 0.85, 0.53]
[33.31, 0.82, 0.44, 0.22, 0.12]
[33.69, 2.3, 0.3, 0.1]
[33.52, 1.57, 0.57, 0.43, 0.12]
[33.69, 1.74, 0.35, 0.1, 0.08]
[33.42, 1.46, 0.37, 0.22, 0.13]
[33.47, 2.94, 0.19, 0.1]
[33.72, 1.63, 0.39, 0.28, 0.13]
[33.26, 0.95, 0.48, 0.22, 0.14]
[33.47, 0.42, 0.31]
[33.22, 0.52]
[33.62, 2.4, 0.27, 0.12]
[33.46, 0.6, 0.55]
[33.73, 1.22, 0.35, 0.22, 0.11]
[33.65, 0.69, 0.51]
[33.68, 3.11, 0.32, 0.14, 0.11]
[33.43, 0.67, 0.5, 0.47]
[33.55, 1.23, 0.57, 0.16, 0.09]
[33.55, 1.14, 0.5, 0.16, 0.13]
[33.43, 0.73, 0.5]
[33.66, 0.74, 0.43]
[33.29, 0.52, 0.49]
[33.72, 4.53, 0.33, 0.1]
[33.41, 1.54, 0.34, 0.23]
[33.44, 1.47, 0.35, 0.21, 0.13]
[33.48, 1.15, 0.46, 0.31, 0.11]
[33.45, 1.0, 0.42, 0.13, 0.11]
[33.85, 3.32, 0.46, 0.12]
[33.43, 1.33, 0.39, 0.1]
[33.53, 1.92, 0.45, 0.24, 0.12]
[33.63, 0.85, 0.39, 0.24, 0.12]
[33.75, 2.14, 0.26, 0.16]
[33.52, 1.41, 0.32, 0.25]
[33.54, 1.1, 0.48, 0.09]
[33.78, 3.46, 0.36, 0.14, 0.05]
[33.56, 3.41, 0.28, 0.11, 0.09]
[33.5, 2.09, 0.32, 0.13, 0.08]
[33.61, 1.28, 0.6, 0.43, 0.11]
[33.67, 1.42, 0.48, 0.31, 0.13]
[33.76, 1.33, 0.53, 0.44, 0.11]
[33.57, 1.31, 0.52, 0.23, 0.11]
[33.33, 1.9, 0.45, 0.22, 0.11]
[33.3, 1.79, 0.52, 0.4, 0.1]
[33.78, 1.03, 0.49, 0.19, 0.08]
[33.59, 2.87, 0.41, 0.21, 0.12]
[33.51, 0.93, 0.44, 0.33, 0.1]
[33.67, 1.02, 0.62]
[33.5, 0.7, 0.46]
[33.66, 1.64, 0.51, 0.23, 0.09]
[33.74, 2.07, 0.56, 0.31, 0.12]
[33.38, 0.83, 0.35, 0.17, 0.14]
[33.4, 0.71, 0.64]
[33.56, 1.2, 0.55, 0.31]
[33.71, 2.28, 0.26, 0.14]
[33.82, 1.61, 0.49, 0.14, 0.11]
[33.62, 1.84, 0.45, 0.25]
[33.29, 0.59, 0.41]
[33.5, 0.6, 0.54]
[33.47, 0.96, 0.51, 0.23, 0.11]
[33.46, 2.82, 0.64, 0.24]
[33.5, 1.24, 0.49, 0.29, 0.11]
[33.51, 0.54]
[33.52, 1.32, 0.33, 0.29]
[33.59, 1.89, 0.38, 0.19, 0.09]
[33.52, 2.91, 0.34, 0.13, 0.12]
[33.57, 1.2, 0.75]
[33.66, 2.0, 0.39, 0.19, 0.11]
[33.19, 0.79, 0.5]
[33.49, 2.79, 0.29, 0.19]
[33.43, 1.01, 0.55, 0.35, 0.13]
[33.72, 3.26, 0.62, 0.29, 0.14]
[33.32, 0.57, 0.33]
[33.31, 0.66, 0.59]
[33.31, 0.5, 0.36]
[33.25, 0.73, 0.49]
[33.3, 1.11, 0.61]
[33.68, 0.74, 0.42, 0.26, 0.1]
[33.69, 1.5, 0.54, 0.2, 0.08]
[33.86, 6.12, 0.28, 0.15]
[33.4, 0.87, 0.48, 0.25, 0.11]
[33.41, 1.6, 0.25, 0.19]
[33.65, 1.23, 0.45, 0.23, 0.11]
[33.39, 0.73, 0.46]
[33.22, 0.62, 0.6]
[33.5, 0.55, 0.42]
[33.38, 1.64, 0.38, 0.28, 0.14]
[33.44, 0.78, 0.51]
[33.35, 1.8, 0.36, 0.14]
[33.46, 2.96, 0.37, 0.12, 0.08]
[33.18, 1.25, 0.3, 0.11, 0.07]
[33.65, 1.93, 0.4, 0.29]
[33.71, 2.34, 0.38, 0.11]
[33.4, 2.2, 0.34, 0.15, 0.1]
[33.7, 2.34, 0.41, 0.11]
[33.68, 2.76, 0.3, 0.12]
[33.76, 2.8, 0.38, 0.14, 0.12]
[33.56, 1.5, 0.39, 0.21, 0.12]
[33.49, 0.83, 0.36, 0.23, 0.1]
[33.48, 1.42, 0.45, 0.33, 0.06]
[33.56, 1.27, 0.71, 0.47, 0.11]
[33.25, 0.82, 0.4, 0.19, 0.13]
[33.55, 1.23, 0.52, 0.27, 0.13]
[33.57, 0.66, 0.56]
[33.57, 1.41, 0.38, 0.19, 0.16]
[33.37, 1.64, 0.47, 0.11]
[33.53, 2.07, 0.45, 0.16, 0.14]
[33.59, 1.28, 0.37, 0.18, 0.11]
[33.31, 0.67, 0.42]
[33.55, 0.83, 0.46, 0.25, 0.09]
[33.67, 2.23, 0.33, 0.19, 0.11]
[33.7, 1.68, 0.39, 0.13, 0.09]
[33.94, 0.98, 0.39, 0.15, 0.11]
[33.67, 0.71, 0.56]
[33.55, 0.84, 0.45]
[33.35, 0.79, 0.38, 0.24, 0.1]
[33.11, 0.63, 0.56]
[33.37, 1.47, 0.51, 0.19, 0.09]
[33.45, 1.36, 0.45, 0.17, 0.14]
[33.38, 1.42, 0.32, 0.09]
[33.33, 0.98, 0.45, 0.29]
[33.55, 2.68, 0.32, 0.14, 0.12]
[33.5, 1.16, 0.55, 0.28, 0.13]
[33.34, 0.74, 0.57]
[33.73, 2.13, 0.29, 0.08, 0.05]
[33.49, 0.82, 0.52]
[33.59, 0.55, 0.33, 0.16, 0.14]
[33.39, 2.22, 0.51, 0.12, 0.11]
[33.48, 2.64, 0.37, 0.1]
[33.46, 0.82, 0.67]
[33.3, 0.85, 0.47]
[33.54, 1.77, 0.28, 0.14, 0.07]
[33.45, 1.33, 0.5, 0.29, 0.1]
[33.5, 1.16, 0.57, 0.33, 0.11]
[33.8, 0.78, 0.66]
[33.57, 1.11, 0.43, 0.16, 0.11]
[33.56, 1.17, 0.43, 0.13]
[33.67, 1.22, 0.47, 0.3, 0.12]
[33.55, 0.82, 0.39, 0.19, 0.14]
[33.62, 2.88, 0.45, 0.19, 0.07]
[33.27, 1.11, 0.51, 0.39, 0.08]
[33.42, 1.06, 0.53, 0.25, 0.12]
[33.77, 1.24, 0.58, 0.34, 0.14]
[33.71, 4.51, 0.3, 0.12]
[33.52, 1.37, 0.49, 0.28, 0.09]
[33.53, 0.54, 0.44]
[33.37, 0.65, 0.5]
[33.43, 1.11, 0.43, 0.25, 0.11]
[33.27, 1.25, 0.43, 0.33]
[33.62, 1.61, 0.41, 0.12]
[33.19, 0.61, 0.41]
[33.82, 2.74, 0.38, 0.19, 0.1]
[33.59, 1.95, 0.41, 0.23, 0.14]
[33.45, 0.93, 0.45, 0.25, 0.1]
[33.72, 1.9, 0.54, 0.26, 0.12]
[33.35, 1.55, 0.48, 0.28, 0.11]
[33.78, 3.51, 0.35, 0.27]
[33.35, 1.06, 0.38, 0.1, 0.07]
[33.37, 1.25, 0.57, 0.26, 0.19]
[33.49, 1.14, 0.38, 0.15, 0.1]
[33.89, 1.13, 0.53, 0.33, 0.09]
[33.91, 1.65, 0.34, 0.12]
[33.34, 0.8, 0.37, 0.35]
[33.4, 0.72, 0.51]
[33.4, 1.1, 0.46, 0.29, 0.1]
[33.69, 2.43, 0.34, 0.14]
[33.64, 2.62, 0.32, 0.18, 0.12]
[33.64, 2.07, 0.56, 0.4, 0.1]
[33.57, 0.77, 0.39]
[33.38, 1.02, 0.67, 0.09, 0.06]
[33.48, 1.26, 0.48, 0.21, 0.12]
[33.68, 3.52, 0.33, 0.11]
[33.51, 1.05, 0.6, 0.31, 0.06]
[33.5, 1.9, 0.38, 0.23, 0.1]
[33.56, 1.23, 0.46, 0.11, 0.09]
[33.82, 0.59, 0.51]
[33.52, 0.71, 0.43]
[33.3, 0.76, 0.47]
[33.71, 4.01, 0.3, 0.07]
[33.73, 2.86, 0.27, 0.2]
[33.7, 1.29, 0.46, 0.18, 0.11]
[33.36, 0.66, 0.62]
[33.59, 2.48, 0.35, 0.24]
[33.57, 0.54, 0.48]
[33.43, 0.79, 0.39, 0.22, 0.13]
[33.63, 1.45, 0.38, 0.21, 0.13]
[33.29, 1.42, 0.55, 0.38, 0.13, 0.1]
[33.36, 1.68, 0.44, 0.21, 0.12]
[33.69, 0.99, 0.54, 0.23, 0.05]
[33.68, 0.97, 0.53, 0.24, 0.11]
[33.82, 3.4, 0.34, 0.14, 0.11]
[33.16, 0.3]
[33.41, 0.7, 0.42]
[33.8, 2.46, 0.38, 0.19, 0.14]
[33.69, 2.99, 0.47, 0.16, 0.08]
[33.46, 1.15, 0.52, 0.33, 0.13]
[33.36, 1.88, 0.36, 0.22, 0.13]
[33.36, 0.59, 0.51]
[33.9, 3.48, 0.46, 0.19, 0.05]
[33.31, 0.95, 0.4, 0.15, 0.14]
[33.55, 0.93, 0.39, 0.22, 0.11]
[33.06, 0.57]
[33.43, 0.9, 0.59, 0.21, 0.13]
[33.86, 2.72, 0.53, 0.2, 0.17]
[33.63, 2.8, 0.38, 0.12, 0.08]
[33.67, 1.05, 0.38, 0.19, 0.12]
[33.57, 0.66, 0.42]
[33.57, 0.99, 0.52]
[33.51, 1.75, 0.45, 0.35, 0.11]
[33.76, 2.92, 0.32, 0.15, 0.12]
[33.05, 0.94, 0.43, 0.14]
[33.67, 2.49, 0.43, 0.12, 0.11]
[33.74, 1.89, 0.48, 0.33, 0.14]
[33.4, 0.7, 0.5]
[33.71, 1.16, 0.49, 0.29, 0.16]
[33.45, 0.8, 0.52, 0.36, 0.11]
[33.54, 0.81, 0.36, 0.11, 0.08]
[33.77, 1.01, 0.54, 0.37, 0.16]
[33.58, 1.38, 0.35, 0.1, 0.08]
[33.63, 1.35, 0.32, 0.19, 0.13]
[33.35, 1.86, 0.37, 0.23, 0.12]
[33.3, 0.67, 0.44]
[33.7, 0.84, 0.44]
[33.35, 0.61, 0.55]
[33.47, 1.24, 0.61, 0.17, 0.1]
[33.58, 1.76, 0.48, 0.3, 0.09]
[33.42, 0.98, 0.48, 0.18, 0.11]
[33.32, 0.72, 0.57]
[33.15, 0.51, 0.42]
[33.56, 1.35, 0.6, 0.43, 0.16]
[33.63, 1.3, 0.31, 0.12, 0.09]
[33.55, 1.52, 0.58, 0.21, 0.16]
[33.55, 1.12, 0.66, 0.21, 0.11]
[33.89, 6.92, 0.27, 0.14]
[33.43, 0.44]
[33.7, 1.04, 0.48, 0.35, 0.09]
[33.75, 2.16, 0.43, 0.1]
[33.73, 1.05, 0.54, 0.15, 0.08]
[33.62, 0.77, 0.49]
[33.22, 1.09, 0.6, 0.35, 0.08]
[33.5, 1.61, 0.48, 0.39, 0.12]
[33.36, 0.65, 0.48]
[33.65, 0.49, 0.47]
[33.26, 1.39, 0.44, 0.27, 0.11]
[33.68, 0.82, 0.66]
[33.25, 1.37, 0.39, 0.25, 0.1, 0.08]
[33.59, 1.46, 0.44, 0.21, 0.12]
[33.89, 8.08, 0.09, 0.07]
[33.65, 0.96, 0.35, 0.25, 0.12]
[33.7, 0.98, 0.63]
[33.31, 1.5, 0.44, 0.33, 0.14]
[33.39, 1.79, 0.33, 0.12]
[33.63, 1.5, 0.58, 0.26, 0.09]
[33.74, 3.97, 0.2, 0.13]
[33.75, 1.51, 0.48, 0.13, 0.08]
[33.42, 0.8, 0.7, 0.61]
[33.72, 3.85, 0.39, 0.21, 0.13]
[33.46, 1.13, 0.48, 0.3]
[33.57, 1.56, 0.38, 0.25, 0.11]
[33.32, 1.14, 0.47, 0.28, 0.11]
[33.46, 0.61, 0.54]
[33.5, 1.54, 0.42, 0.34]
[33.5, 0.74, 0.47, 0.2, 0.11]
[33.84, 4.28, 0.31, 0.14]
[33.58, 1.79, 0.5, 0.22, 0.07]
[33.35, 0.45, 0.43]
[33.4, 0.93, 0.42, 0.31, 0.13]
[33.58, 0.98, 0.74]
[33.6, 1.25, 0.7, 0.23, 0.18]
[33.37, 0.96, 0.43, 0.28, 0.13]
[33.15, 0.72, 0.5]
[33.46, 0.45, 0.41]
[33.57, 1.1, 0.47, 0.33, 0.09]
[33.72, 1.38, 0.45, 0.37]
[33.44, 1.88, 0.35, 0.13, 0.11]
[33.54, 0.98, 0.81]
[33.34, 1.27, 0.45, 0.24, 0.14]
[33.58, 3.06, 0.25, 0.13]
[33.18, 0.64, 0.53]
[33.37, 0.63, 0.39]
[33.5, 1.38, 0.4, 0.2, 0.09]
[33.86, 2.43, 0.34, 0.14, 0.12]
[33.77, 1.04, 0.35, 0.1, 0.08]
[33.33, 1.17, 0.4, 0.2, 0.12]
[33.39, 0.5]
[33.07, 0.58, 0.53]
[33.75, 2.91, 0.39, 0.17, 0.09]
[33.43, 0.75, 0.46]
[33.29, 0.42]
[33.61, 0.89, 0.52]
[33.45, 0.83, 0.57]
[33.58, 4.29, 0.35, 0.07]
[33.53, 1.96, 0.49, 0.27, 0.1]
[33.51, 1.23, 0.45, 0.12, 0.09]
[33.29, 1.13, 0.55, 0.29, 0.09]
[33.36, 0.56, 0.53]
[33.38, 0.71]
[33.5, 1.19, 0.46, 0.21, 0.12]
[33.53, 1.07, 0.71]
[33.2, 0.36, 0.3]
[33.51, 1.37, 0.33, 0.08]
[33.61, 0.64, 0.46]
[33.79, 4.02, 0.21, 0.08, 0.06]
[33.58, 1.95, 0.29, 0.14, 0.1]
[33.34, 0.86, 0.42, 0.19, 0.06]
[33.66, 5.55, 0.18, 0.09]
[33.55, 2.06, 0.42, 0.13]
[33.75, 1.41, 0.55, 0.42, 0.11]
[33.63, 1.82, 0.65, 0.34, 0.07]
[33.76, 1.38, 0.37, 0.19, 0.1]
[33.39, 1.22, 0.47, 0.33, 0.13]
[33.37, 1.1, 0.53, 0.4, 0.13]
[33.21, 0.92, 0.52, 0.31, 0.12]
[33.58, 1.05, 0.41, 0.18, 0.07]
[33.29, 0.86, 0.43, 0.22, 0.08]
[33.38, 0.76, 0.37, 0.22, 0.1]
[33.29, 1.57, 0.36, 0.07]
[33.66, 1.79, 0.36, 0.11]
[33.55, 1.24, 0.62, 0.36, 0.25, 0.08]
[33.33, 0.56]
[33.71, 1.21, 0.43, 0.32]
[33.66, 1.54, 0.48, 0.29, 0.09]
[33.6, 0.72, 0.39]
[33.5, 0.9, 0.34, 0.15, 0.11]
[33.48, 2.09, 0.43, 0.34]
[33.32, 0.93, 0.48]
[33.5, 0.84, 0.42]
[33.47, 0.65, 0.61]
[33.8, 0.76, 0.36, 0.22, 0.1]
[33.52, 1.24, 0.42, 0.22, 0.11]
[33.59, 0.72, 0.48]
[33.54, 1.3, 0.49, 0.3, 0.09]
[33.62, 3.02, 0.24, 0.1]
[33.37, 0.47, 0.4]
[33.46, 1.04, 0.66, 0.35, 0.12]
[33.49, 0.84, 0.38]
[33.36, 0.6, 0.56]
[33.27, 0.76, 0.59]
[33.78, 3.47, 0.33, 0.15]
[33.67, 1.18, 0.46, 0.17, 0.11]
[33.63, 0.68, 0.56, 0.55]
[33.65, 2.76, 0.38, 0.18, 0.14]
[33.74, 0.74, 0.61]
[33.45, 0.62, 0.59]
[33.55, 0.88, 0.49, 0.26, 0.14]
[33.64, 2.06, 0.4, 0.12, 0.11]
[33.58, 2.57, 0.34, 0.12, 0.07]
[33.52, 3.04, 0.36, 0.17, 0.14]
[33.73, 1.36, 0.6, 0.45, 0.09]
[33.58, 4.06, 0.29, 0.13, 0.06]
[33.65, 1.06, 0.49, 0.28, 0.12]
[33.43, 0.41, 0.39]
[33.61, 3.65, 0.2, 0.12]
[33.41, 0.76, 0.56]
[33.7, 1.73, 0.55, 0.38]
[33.93, 2.92, 0.32, 0.08]
[33.52, 2.11, 0.38, 0.1, 0.07]
[33.24, 0.49, 0.34]
[33.21, 0.62]
[33.64, 2.27, 0.43, 0.25, 0.08]
[33.33, 0.99, 0.48, 0.23, 0.08]
[33.37, 1.31, 0.51, 0.23, 0.11]
[33.43, 1.7, 0.37, 0.15, 0.11]
[33.59, 1.55, 0.42, 0.2, 0.15]
[33.76, 1.76, 0.34, 0.19, 0.09]
[33.52, 0.76, 0.63]
[33.65, 2.05, 0.37, 0.18, 0.12]
[33.61, 3.14, 0.41, 0.16, 0.12]
[33.45, 2.12, 0.23, 0.08]
[33.55, 1.22, 0.4, 0.24, 0.05]
[33.71, 1.28, 0.52, 0.19, 0.11]
[33.28, 0.65, 0.42]
[33.24, 2.06, 0.48, 0.11, 0.09]
[33.42, 1.46, 0.61, 0.24, 0.06]
[33.36, 0.67, 0.45]
[33.56, 1.93, 0.33, 0.19, 0.09]
[33.57, 1.03, 0.47, 0.24, 0.11]
[33.65, 0.72, 0.61]
[33.63, 0.94, 0.4, 0.17, 0.13]
[33.33, 0.97, 0.6]
[33.54, 1.13, 0.7, 0.28, 0.11]
[33.68, 2.45, 0.39, 0.23, 0.1]
[33.55, 0.79, 0.55]
[33.54, 1.11, 0.35, 0.14, 0.09]
[33.38, 0.6, 0.47]
[33.48, 2.43, 0.32, 0.12]
[33.35, 0.96, 0.71, 0.69]
[33.76, 1.18, 0.41, 0.2, 0.08]
[33.59, 1.21, 0.54, 0.24, 0.12]
[33.68, 1.35, 0.62, 0.42, 0.11]
[33.55, 2.21, 0.3, 0.1]
[33.58, 6.3, 0.15, 0.1]
[33.25, 0.44, 0.41]
[33.76, 4.39, 0.27, 0.04, 0.02]
[33.67, 1.02, 0.53]
[33.44, 0.76, 0.54]
[33.81, 1.56, 0.33, 0.16, 0.11]
[33.76, 1.24, 0.5, 0.38, 0.13]
[33.49, 0.54, 0.48]
[33.55, 3.24, 0.32, 0.13, 0.1]
[33.29, 1.15, 0.49, 0.32, 0.1]
[33.45, 0.84, 0.5]
[33.6, 2.45, 0.42, 0.12]
[33.57, 1.74, 0.45, 0.15, 0.13]
[33.57, 1.28, 0.58, 0.21, 0.08]
[33.4, 1.78, 0.46, 0.11, 0.1]
[33.54, 1.32, 0.67, 0.54, 0.08]
[33.7, 1.02, 0.41, 0.19, 0.1]
[33.43, 1.55, 0.47, 0.09]
[33.3, 0.55, 0.45]
[33.7, 4.45, 0.27, 0.1]
[33.55, 0.77, 0.56]
[33.33, 0.66, 0.62]
[33.41, 0.66, 0.37]
[33.55, 1.64, 0.43, 0.23, 0.13]
[33.55, 2.25, 0.55, 0.11, 0.05]
[33.82, 3.65, 0.26, 0.09]
[33.57, 3.04, 0.33, 0.13, 0.12]
[33.5, 0.99, 0.37, 0.2, 0.11]
[33.61, 3.41, 0.24, 0.1, 0.06]
[33.43, 1.07, 0.65, 0.48, 0.12]
[33.67, 1.97, 0.52, 0.18, 0.06]
[33.28, 1.08, 0.45, 0.23, 0.11]
[33.44, 2.2, 0.46, 0.18, 0.06]
[33.58, 1.12, 0.63, 0.37, 0.1]
[33.5, 0.61, 0.4]
[33.44, 1.58, 0.33, 0.27]
[33.5, 2.39, 0.29, 0.24]
[33.69, 1.26, 0.52, 0.31, 0.17]
[33.32, 1.17, 0.47, 0.27, 0.12]
[33.58, 2.25, 0.33, 0.06]
[33.69, 4.89, 0.33, 0.21]
[33.49, 1.11, 0.67, 0.34, 0.14]
[33.71, 2.77, 0.4, 0.09, 0.08]
[33.42, 1.91, 0.51, 0.27, 0.09]
[33.62, 0.83, 0.63]
[33.48, 1.32, 0.47, 0.29, 0.13]
[33.3, 2.78, 0.3, 0.15, 0.12]
[33.26, 0.78, 0.59]
[33.64, 2.78, 0.33, 0.18]
[32.95, 1.07, 0.37, 0.19, 0.11]
[33.57, 0.59, 0.43]
[33.63, 1.74, 0.45, 0.14, 0.12]
[33.61, 2.75, 0.25, 0.11]
[33.32, 1.82, 0.37, 0.14]
[33.34, 0.94, 0.45, 0.17, 0.08]
[33.2, 0.53]
[33.52, 2.28, 0.37, 0.22, 0.1]
[33.69, 0.76, 0.5]
[33.44, 1.62, 0.43, 0.32, 0.1]
[33.49, 1.06, 0.46, 0.26, 0.11]
[33.49, 1.61, 0.4, 0.3, 0.1]
[33.56, 1.51, 0.41, 0.25, 0.15]
[33.48, 0.87, 0.45, 0.19, 0.11]
[33.41, 2.3, 0.37, 0.09, 0.08]
[33.45, 1.15, 0.56, 0.28, 0.09]
[33.58, 2.13, 0.32, 0.2, 0.12]
[33.66, 2.01, 0.25, 0.12]
[33.24, 0.34]
[33.37, 0.88, 0.43, 0.21, 0.11]
[33.36, 1.54, 0.48, 0.41]
[33.58, 1.66, 0.26, 0.14]
[33.87, 3.27, 0.22, 0.08]
[33.44, 1.13, 0.34, 0.15, 0.1]
[33.31, 0.58, 0.49]
[33.44, 4.12, 0.3, 0.07]
[33.7, 2.13, 0.37, 0.17, 0.14]
[33.36, 0.87, 0.42, 0.26, 0.11]
[33.62, 3.32, 0.25, 0.16]
[33.66, 1.47, 0.37, 0.16, 0.09]
[33.55, 0.96, 0.47, 0.29, 0.1]
[33.45, 1.96, 0.41, 0.16, 0.1]
[33.71, 0.86, 0.49]
[33.96, 1.89, 0.45, 0.31, 0.13]
[33.5, 3.65, 0.39, 0.13, 0.1]
[33.19, 1.33, 0.53, 0.39, 0.16]
[33.43, 0.99, 0.55, 0.17, 0.11]
[33.38, 0.89, 0.42, 0.21, 0.12]
[33.49, 1.1, 0.36, 0.15, 0.11]
[33.63, 1.59, 0.56, 0.22, 0.09]
[33.44, 1.22, 0.41, 0.15, 0.07]
[33.79, 1.88, 0.5, 0.26, 0.14]
[33.81, 0.82, 0.51]
[33.57, 1.81, 0.38, 0.21, 0.16]
[33.57, 3.58, 0.23, 0.07]
[33.31, 1.65, 0.36, 0.18, 0.12]
[33.55, 1.4, 0.62, 0.43, 0.09]
[33.23, 1.22, 0.44, 0.3, 0.13]
[33.52, 1.51, 0.44, 0.22, 0.11]
[33.49, 1.1, 0.62, 0.28, 0.1]
[33.44, 1.18, 0.57, 0.14, 0.07]
[33.02, 1.07, 0.5, 0.3, 0.12]
[33.57, 0.66, 0.5]
[33.43, 1.29, 0.46, 0.34, 0.09]
[33.54, 1.25, 0.42, 0.23, 0.13]
[33.51, 1.9, 0.34, 0.21]
[33.35, 0.6, 0.42]
[33.39, 0.72, 0.47]
[33.74, 2.28, 0.36, 0.3]
[33.6, 1.68, 0.32, 0.11, 0.09]
[33.33, 0.54, 0.52]
[33.76, 3.91, 0.29, 0.17]
[33.57, 0.95, 0.46, 0.27, 0.13]
[33.48, 1.21, 0.5, 0.38, 0.11]
[33.52, 2.29, 0.34, 0.15, 0.09]
[33.3, 0.96, 0.78]
[33.26, 1.15, 0.4, 0.19, 0.1]
[33.59, 0.75, 0.59]
[33.55, 0.98, 0.49, 0.26, 0.12]
[33.36, 0.86, 0.42]
[33.64, 2.84, 0.24, 0.16]
[33.5, 1.48, 0.61, 0.39, 0.11]
[33.59, 0.87, 0.61]
[33.59, 1.82, 0.44, 0.19, 0.12]
[33.43, 0.98, 0.55, 0.25, 0.1]
[33.44, 1.0, 0.44, 0.36]
[33.76, 4.22, 0.37, 0.09]
[33.54, 0.71, 0.5]
[33.68, 1.71, 0.46, 0.14, 0.08]
[33.78, 1.71, 0.42, 0.19, 0.1]
[33.69, 1.73, 0.4, 0.19, 0.11]
[33.46, 3.18, 0.32, 0.09]
[33.38, 0.66, 0.55]
[33.66, 2.44, 0.42, 0.28, 0.07]
[33.57, 0.83, 0.5]
[33.12, 0.49, 0.31]
[33.55, 1.27, 0.36, 0.19, 0.14]
[33.47, 2.78, 0.29, 0.13, 0.09]
[33.37, 3.18, 0.26, 0.14, 0.12]
[33.47, 1.08, 0.56, 0.16, 0.08]
[33.69, 1.55, 0.43, 0.16, 0.1]
[33.56, 1.66, 0.52, 0.18, 0.09]
[33.79, 3.98, 0.38, 0.07]
[33.78, 2.77, 0.34, 0.17, 0.06]
[33.62, 1.27, 0.43, 0.19, 0.1]
[33.53, 2.38, 0.35, 0.12, 0.06]
[33.71, 1.37, 0.49, 0.28, 0.09]
[33.53, 2.42, 0.25, 0.2]
[33.53, 1.6, 0.4, 0.1, 0.08]
[33.58, 2.98, 0.34, 0.11, 0.09]
[33.55, 1.32, 0.51, 0.39, 0.13]
[33.65, 1.85, 0.42, 0.14, 0.1]
[33.68, 0.64, 0.44]
[33.48, 1.59, 0.5, 0.16, 0.1]
[33.28, 0.58, 0.39]
[33.94, 1.13, 0.36, 0.24, 0.08]
[33.57, 1.42, 0.51, 0.17, 0.12]
[33.42, 0.46, 0.34]
[33.37, 1.14, 0.52, 0.37, 0.12]
[33.69, 2.02, 0.4, 0.23, 0.1]
[33.37, 1.96, 0.35, 0.14, 0.13]
[33.7, 1.95, 0.39, 0.17, 0.12]
[33.45, 0.91, 0.61, 0.14, 0.09]
[33.35, 1.35, 0.38, 0.25, 0.13]
[33.7, 2.19, 0.29, 0.1]
[33.28, 1.11, 0.42, 0.11, 0.09]
[33.51, 1.01, 0.44, 0.25, 0.08]
[33.35, 0.61]
[33.69, 3.44, 0.28, 0.16]
[33.45, 2.57, 0.28, 0.14, 0.11]
[33.65, 1.27, 0.49, 0.17, 0.14]
[33.48, 1.7, 0.62, 0.45, 0.09]
[33.63, 2.13, 0.41, 0.12, 0.1]
[33.25, 0.62, 0.47]
[33.6, 3.38, 0.2, 0.08]
[33.67, 1.04, 0.46, 0.27, 0.12]
[33.28, 1.65, 0.3, 0.13]
[33.49, 0.82, 0.48]
[33.59, 1.24, 0.53, 0.29, 0.11]
[33.49, 0.95, 0.41]
[33.64, 4.05, 0.25, 0.14]
[33.74, 0.98, 0.35, 0.15, 0.11]
[33.57, 1.67, 0.46, 0.2, 0.11]
[33.5, 1.73, 0.4, 0.22, 0.08]
[33.27, 0.8, 0.59]
[33.32, 0.92, 0.27, 0.19]
[33.54, 2.73, 0.34, 0.12]
[33.41, 2.55, 0.25, 0.1]
[33.6, 5.23, 0.14, 0.07]
[33.69, 1.75, 0.42, 0.19, 0.15]
[33.62, 1.7, 0.33, 0.12, 0.07]
[33.61, 3.99, 0.32, 0.14]
[33.6, 0.85, 0.47]
[33.39, 0.52, 0.39]
[33.6, 0.75, 0.45]
[33.43, 1.49, 0.51, 0.24, 0.21]
[33.57, 3.0, 0.17, 0.08]
[33.61, 2.02, 0.51, 0.33, 0.07]
[33.35, 1.19, 0.37, 0.27, 0.15]
[33.57, 0.8, 0.63]
[33.51, 1.39, 0.43, 0.13, 0.12]
[33.56, 0.77, 0.41, 0.16, 0.1]
[33.65, 3.44, 0.48, 0.31, 0.13]
[33.46, 1.15, 0.43, 0.12, 0.11]
[33.63, 1.07, 0.46, 0.26, 0.14]
[33.62, 1.94, 0.6, 0.15, 0.1]
[33.64, 3.2, 0.3, 0.25]
[33.44, 0.58, 0.38]
[33.46, 2.18, 0.34, 0.13, 0.11]
[33.81, 1.66, 0.36, 0.21, 0.1]
[33.55, 1.09, 0.65, 0.44, 0.08]
[33.32, 1.04, 0.53, 0.25, 0.14]
[33.67, 0.81, 0.51, 0.25, 0.1]
[33.54, 2.02, 0.54, 0.36, 0.1]
[33.77, 0.94, 0.65]
[33.75, 5.2, 0.16, 0.1]
[33.54, 1.3, 0.72, 0.49, 0.11]
[33.6, 0.98, 0.6]
[33.47, 1.12, 0.6, 0.18, 0.12]
[33.44, 1.39, 0.39, 0.12]
[33.47, 1.13, 0.48, 0.26, 0.1]
[33.63, 3.83, 0.29, 0.08]
[33.39, 1.13, 0.47, 0.27, 0.09]
[33.7, 2.1, 0.42, 0.13, 0.12]
[33.43, 1.22, 0.46, 0.22, 0.09]
[33.7, 2.07, 0.48, 0.21, 0.14]
[33.55, 1.02, 0.4, 0.17, 0.08]
[33.64, 2.15, 0.43, 0.22, 0.11]
[33.63, 0.75, 0.44]
[33.72, 2.43, 0.32, 0.2, 0.08]
[33.19, 0.58, 0.44]
[33.44, 1.17, 0.44, 0.15, 0.11]
[33.86, 0.74, 0.42, 0.22, 0.11]
[33.41, 3.69, 0.31, 0.08]
[33.28, 0.45, 0.43]
[33.6, 1.42, 0.49, 0.4]
[33.68, 3.15, 0.2, 0.09]
[33.58, 1.15, 0.34, 0.16, 0.11]
[33.5, 1.1, 0.56, 0.38, 0.1]
[33.79, 1.42, 0.56, 0.35, 0.14]
[33.67, 1.97, 0.37, 0.19, 0.05]
[33.78, 1.78, 0.41, 0.15, 0.1]
[33.04, 0.56, 0.45]
[33.49, 4.34, 0.22, 0.09, 0.08]
[33.48, 1.05, 0.45, 0.23, 0.12]
[33.57, 0.71, 0.58]
[33.1, 0.86, 0.52]
[33.6, 0.68, 0.48]
[33.37, 1.4, 0.49, 0.19, 0.13]
[33.69, 6.25, 0.09]
[33.31, 1.12, 0.39, 0.13, 0.12]
[33.49, 1.83, 0.44, 0.12, 0.11]
[33.1, 0.72, 0.58]
[33.69, 1.07, 0.47, 0.25, 0.1]
[33.65, 1.15, 0.6, 0.44, 0.12]
[33.03, 0.49, 0.35]
[33.31, 1.01, 0.62, 0.29, 0.11]
[33.38, 0.85, 0.58, 0.17, 0.1]
[33.71, 1.51, 0.4, 0.08, 0.07]
[33.45, 0.7, 0.46]
[33.38, 1.5, 0.37, 0.1]
[33.5, 2.48, 0.47, 0.1, 0.07]
[33.82, 0.66, 0.39]
[33.47, 2.61, 0.43, 0.19, 0.13]
[33.43, 2.45, 0.37, 0.29]
[33.18, 0.49, 0.43]
[33.65, 1.15, 0.42, 0.26, 0.12]
[33.69, 1.52, 0.46, 0.15, 0.1]
[33.69, 1.27, 0.35, 0.21, 0.06]
[33.65, 1.26, 0.69, 0.34, 0.1]
[33.42, 1.2, 0.35, 0.21, 0.12]
[33.41, 0.5, 0.4]
[33.14, 0.72, 0.38, 0.18, 0.07]
[33.51, 0.67, 0.46]
[33.28, 0.62, 0.51]
[34.03, 2.42, 0.34, 0.18, 0.13]
[33.53, 1.09, 0.45, 0.18, 0.09]
[33.53, 1.47, 0.39, 0.25, 0.13]
[33.56, 0.86, 0.65]
[33.43, 1.12, 0.48, 0.2, 0.06]
[33.28, 0.41]
[33.87, 2.85, 0.27, 0.13]
[33.81, 1.95, 0.38, 0.23, 0.14]
[34.06, 0.8, 0.57]
[33.37, 0.68, 0.48]
[33.46, 0.69, 0.45]
[33.48, 1.93, 0.41, 0.11, 0.09]
[33.36, 0.71, 0.6]
[33.46, 1.25, 0.46, 0.28, 0.11]
[33.13, 0.53, 0.42]
[33.76, 1.41, 0.56, 0.22, 0.1]
[33.49, 1.1, 0.55, 0.4, 0.14]
[33.52, 0.68, 0.49]
[33.76, 1.0, 0.4, 0.16, 0.11]
[33.74, 4.84, 0.2, 0.08]
[33.51, 1.06, 0.45, 0.26, 0.11]
[33.66, 1.67, 0.39, 0.2, 0.16]
[33.47, 0.61, 0.46]
[33.6, 0.6, 0.58]
[33.63, 1.32, 0.64, 0.24, 0.11]
[33.68, 1.03, 0.57, 0.14, 0.11]
[33.7, 1.28, 0.38, 0.24, 0.1]
[33.58, 0.81, 0.63]
[33.34, 0.75, 0.41, 0.26, 0.13]
[33.35, 0.99, 0.47, 0.24, 0.1]
[33.52, 1.01, 0.52, 0.38, 0.13, 0.12]
[33.36, 0.97, 0.52]
[33.28, 1.54, 0.67, 0.57, 0.09]
[33.73, 0.95, 0.74]
[33.49, 1.13, 0.5, 0.27, 0.12]
[33.74, 0.72, 0.59]
[33.31, 1.02, 0.38, 0.12, 0.11]
[33.66, 5.17, 0.35, 0.07]
[33.53, 1.19, 0.35, 0.17, 0.09]
[33.63, 2.83, 0.25, 0.08]
[33.38, 1.04, 0.44, 0.32]
[33.69, 2.23, 0.49, 0.11]
[33.48, 0.73, 0.57]
[33.48, 0.96, 0.61, 0.25, 0.1]
[33.69, 3.41, 0.29, 0.08]
[33.81, 2.07, 0.46, 0.31, 0.13]
[33.37, 1.11, 0.49, 0.21, 0.11]
[33.38, 1.11, 0.46, 0.23, 0.1]
[33.17, 1.03, 0.65, 0.31, 0.1]
[33.76, 4.8, 0.28, 0.1]
[33.55, 1.16, 0.43, 0.16, 0.12]
[33.6, 3.35, 0.32, 0.21]
[33.31, 0.68, 0.62, 0.46]
[33.42, 2.52, 0.22, 0.1]
[33.78, 1.54, 0.45, 0.26, 0.11]
[33.59, 1.26, 0.32, 0.2, 0.12]
[33.42, 1.26, 0.66, 0.47, 0.08]
[33.3, 0.8, 0.37, 0.26]
[33.64, 0.77, 0.41, 0.18, 0.11]
[33.57, 1.74, 0.41, 0.27, 0.09]
[33.93, 3.18, 0.29, 0.14]
[33.8, 1.4, 0.76]
[33.43, 0.5, 0.46]
[33.42, 1.3, 0.35, 0.29]
[33.76, 1.0, 0.47, 0.27, 0.1]
[33.75, 0.65, 0.49]
[33.42, 0.63, 0.44]
[33.54, 0.58, 0.47]
[33.68, 1.4, 0.47, 0.16, 0.11]
[33.5, 1.75, 0.35, 0.15, 0.12]
[33.87, 2.09, 0.39, 0.13, 0.11]
[33.43, 1.18, 0.51, 0.18, 0.1]
[33.8, 2.14, 0.44, 0.13, 0.09]
[33.78, 1.57, 0.43, 0.18, 0.09]
[33.4, 1.45, 0.49, 0.31, 0.08]
[33.68, 1.69, 0.52, 0.24, 0.1]
[33.25, 0.94, 0.47]
[33.56, 1.07, 0.44, 0.34, 0.1]
[33.63, 1.27, 0.58, 0.43, 0.09]
[33.54, 0.77, 0.44]
[33.38, 0.41, 0.38]
[33.43, 0.62, 0.58]
[33.66, 2.34, 0.39, 0.07]
[33.65, 0.82, 0.44, 0.21, 0.13]
[33.48, 2.68, 0.29, 0.15, 0.09]
[33.44, 0.72, 0.56]
[33.71, 4.29, 0.18, 0.13]
[33.77, 0.81, 0.63]
[33.58, 1.5, 0.71, 0.41, 0.1]
[33.41, 1.11, 0.65, 0.44, 0.13, 0.1]
[33.58, 2.57, 0.29, 0.15, 0.11]
[33.61, 0.76, 0.38, 0.22, 0.08]
[33.38, 0.6, 0.4, 0.37]
[33.49, 1.15, 0.57, 0.36, 0.09]
[33.87, 4.11, 0.41, 0.11]
[33.64, 1.69, 0.47, 0.3, 0.08]
[33.43, 0.86, 0.7]
[33.64, 3.43, 0.18, 0.09]
[33.33, 2.23, 0.22, 0.08, 0.05]
[33.34, 0.41]
[33.4, 1.06, 0.41, 0.25, 0.11]
[33.62, 0.61, 0.49]
[33.71, 5.9, 0.27, 0.13]
[33.86, 4.42, 0.19, 0.09]
[33.62, 0.55, 0.51]
[33.66, 4.16, 0.22, 0.14]
[33.53, 0.95, 0.38, 0.14, 0.09]
[33.43, 1.03, 0.45, 0.17, 0.16]
[33.46, 1.02, 0.49, 0.26, 0.11]
[33.54, 1.06, 0.59]
[33.48, 2.4, 0.31, 0.17, 0.09]
[33.7, 2.98, 0.39, 0.31]
[33.67, 2.9, 0.24, 0.09, 0.05]
[33.3, 0.63, 0.42]
[33.45, 0.9, 0.51]
[33.14, 0.57, 0.28]
[33.78, 1.97, 0.39, 0.09]
[33.49, 0.55, 0.44]
[33.5, 0.54, 0.37]
[33.36, 0.87, 0.65]
[33.88, 3.24, 0.25, 0.1]
[33.5, 2.73, 0.39, 0.28]
[33.55, 1.65, 0.33, 0.19, 0.12]
[33.85, 2.41, 0.29, 0.09]
[33.42, 1.11, 0.28, 0.15, 0.12]
[33.77, 1.17, 0.61, 0.26, 0.14]
[33.71, 1.04, 0.43, 0.27, 0.13]
[33.51, 2.61, 0.26, 0.12]
[33.38, 1.37, 0.44, 0.15, 0.11]
[33.51, 1.65, 0.26, 0.24]
[33.73, 0.95, 0.43, 0.12, 0.09]
[33.42, 0.78, 0.46]
[33.66, 1.61, 0.4, 0.24, 0.12]
[33.42, 1.42, 0.46, 0.08]
[33.63, 1.48, 0.53, 0.28, 0.09]
[33.79, 1.07, 0.34, 0.22, 0.1]
[33.54, 1.29, 0.43, 0.18, 0.1]
[33.66, 1.37, 0.78, 0.53, 0.07]
[33.59, 3.21, 0.32, 0.12, 0.11]
[33.33, 0.83, 0.44, 0.17, 0.09]
[33.85, 4.21, 0.62, 0.22, 0.18]
[33.56, 0.87, 0.45, 0.16, 0.1]
[33.66, 1.44, 0.62, 0.33, 0.18]
[33.58, 1.81, 0.5, 0.3, 0.12]
[33.43, 0.96, 0.55, 0.29, 0.1]
[33.28, 0.57, 0.48]
[33.82, 4.23, 0.3, 0.12, 0.1]
[33.4, 1.11, 0.43, 0.22, 0.06]
[33.55, 1.05, 0.69, 0.41, 0.11]
[33.35, 0.84, 0.42]
[33.27, 0.89, 0.54]
[33.78, 2.45, 0.46, 0.33, 0.13]
[33.54, 2.91, 0.3, 0.18]
[33.47, 1.77, 0.47, 0.33, 0.11]
[33.09, 1.73, 0.38, 0.13, 0.11]
[33.47, 0.95, 0.42, 0.2, 0.07]
[33.16, 0.82, 0.6]
[33.49, 4.17, 0.18, 0.06]
[33.75, 1.59, 0.42, 0.34]
[33.49, 1.22, 0.46, 0.15, 0.12]
[33.69, 2.61, 0.24, 0.09]
[33.49, 0.95, 0.41, 0.25, 0.1]
[33.69, 0.89, 0.6]
[33.76, 4.92, 0.42, 0.09]
[33.41, 0.61, 0.53]
[33.19, 0.42]
[33.47, 2.39, 0.39, 0.16, 0.1]
[33.57, 2.42, 0.4, 0.1]
[33.52, 0.68, 0.62]
[33.61, 3.69, 0.29, 0.19]
[33.18, 0.87, 0.44, 0.19, 0.09]
[33.43, 0.99, 0.6]
[33.45, 1.47, 0.54, 0.21, 0.11]
[33.4, 0.97, 0.63, 0.26, 0.09]
[33.64, 3.13, 0.41, 0.1]
[33.47, 1.01, 0.6, 0.19, 0.1]
[33.54, 2.13, 0.36, 0.15, 0.12]
[33.48, 3.53, 0.29, 0.13, 0.1]
[33.63, 3.61, 0.22, 0.1, 0.08]
[33.55, 2.26, 0.42, 0.25, 0.16]
[33.29, 0.75, 0.34, 0.18, 0.13]
[33.37, 1.17, 0.56, 0.31, 0.09]
[33.83, 0.62, 0.5]
[33.38, 1.51, 0.45, 0.22, 0.19]
[33.52, 1.28, 0.48, 0.15, 0.07]
[33.4, 0.54, 0.38]
[33.4, 1.38, 0.39, 0.2, 0.13]
[33.8, 2.88, 0.26, 0.15]
[33.47, 1.68, 0.32, 0.23]
[33.28, 0.58, 0.55]
[33.72, 0.63, 0.55]
[33.56, 0.78, 0.59]
[33.64, 1.55, 0.48, 0.31, 0.1]
[33.64, 1.64, 0.44, 0.29, 0.1]
[33.26, 1.1, 0.39, 0.29, 0.07]
[33.31, 0.47, 0.44]
[33.48, 0.88, 0.48, 0.33, 0.1]
[33.33, 0.57, 0.49]
[33.56, 1.06, 0.49, 0.27, 0.12]
[33.67, 1.07, 0.4, 0.26, 0.14]
[33.45, 0.84, 0.46]
[33.49, 1.01, 0.42, 0.24, 0.1]
[33.58, 0.62, 0.57]
[33.35, 1.2, 0.4, 0.09]
[33.81, 1.32, 0.54, 0.26, 0.11]
[33.32, 1.38, 0.49, 0.27, 0.12]
[33.28, 1.12, 0.44, 0.19, 0.1]
[33.45, 1.01, 0.71, 0.49, 0.14, 0.08]
[33.57, 1.55, 0.5, 0.4, 0.28]
[33.55, 0.93, 0.61, 0.45, 0.11]
[33.47, 1.15, 0.52, 0.24, 0.14]
[33.42, 1.6, 0.46, 0.29, 0.14]
[33.23, 0.61, 0.51]
[33.65, 2.22, 0.44, 0.27, 0.1]
[33.25, 0.83, 0.43, 0.19, 0.09]
[33.69, 0.66, 0.39]
[33.33, 1.85, 0.47, 0.13, 0.06]
[33.62, 3.3, 0.37, 0.08]
[33.71, 2.34, 0.45, 0.18, 0.12]
[33.45, 1.15, 0.69]
[33.81, 3.92, 0.21, 0.12]
[33.68, 1.66, 0.4, 0.2, 0.1]
[33.71, 1.01, 0.34, 0.2, 0.13]
[33.61, 0.76, 0.69]
[33.87, 7.31, 0.23, 0.06]
[33.9, 3.36, 0.21, 0.11]
[33.37, 0.75, 0.27, 0.16, 0.14]
[33.83, 2.46, 0.3, 0.16]
[33.22, 0.75, 0.51]
[34.0, 3.41, 0.34, 0.15, 0.05]
[33.66, 2.02, 0.42, 0.23, 0.13]
[33.57, 1.25, 0.41, 0.16, 0.11]
[33.51, 3.42, 0.25, 0.08]
[33.54, 2.67, 0.34, 0.13]
[33.55, 1.01, 0.55, 0.29, 0.09]
[33.76, 0.9, 0.37, 0.2, 0.07]
[33.63, 0.84, 0.35, 0.15, 0.1]
[33.48, 1.32, 0.38, 0.12, 0.08]
[33.52, 1.01, 0.4, 0.25, 0.17]
[33.21, 0.49, 0.37]
[33.58, 0.58, 0.55]
[33.51, 0.92, 0.47, 0.24, 0.13]
[33.84, 1.07, 0.53, 0.33, 0.09]
[33.32, 1.23, 0.57, 0.19, 0.16]
[33.83, 1.09, 0.47, 0.23, 0.14]
[33.42, 0.96, 0.53]
[33.69, 2.13, 0.32, 0.18, 0.11]
[33.26, 1.47, 0.4, 0.19, 0.1]
[33.69, 4.37, 0.23, 0.09]
[33.58, 2.05, 0.35, 0.13, 0.08]
[33.5, 1.71, 0.33, 0.21]
[33.53, 1.59, 0.54, 0.35, 0.12]
[33.24, 0.76, 0.43]
[33.53, 1.13, 0.36, 0.21, 0.12]
[33.72, 3.38, 0.44, 0.16, 0.12]
[33.45, 1.01, 0.55, 0.36, 0.1]
[33.29, 1.71, 0.36, 0.17, 0.09]
[33.49, 1.01, 0.54]
[33.78, 1.42, 0.48, 0.2, 0.1]
[33.81, 1.43, 0.41, 0.26, 0.15]
[33.53, 1.68, 0.37, 0.14]
[33.66, 1.42, 0.48, 0.22, 0.13]
[33.42, 0.81, 0.47]
[33.55, 1.7, 0.37, 0.11, 0.09]
[33.67, 1.93, 0.43, 0.23, 0.15]
[33.76, 0.73, 0.54]
[33.43, 0.97, 0.58]
[33.72, 2.45, 0.23, 0.1]
[33.67, 3.84, 0.36, 0.16, 0.08]
[33.12, 0.5, 0.45]
[33.65, 0.82, 0.59]
[33.73, 2.08, 0.36, 0.16, 0.07]
[33.75, 0.95, 0.44, 0.23, 0.12]
[33.66, 1.05, 0.42, 0.29, 0.08]
[33.52, 3.88, 0.18, 0.08]
[33.38, 1.16, 0.43, 0.26, 0.17]
[33.8, 2.24, 0.33, 0.13]
[33.59, 0.46, 0.31]
