[28.77, 24.24, 0.87, 0.1]
[28.73, 26.22, 14.62, 1.14, 0.57, 0.26]
[28.75, 26.85, 17.42, 2.27, 1.51]
[28.8, 27.64, 22.78, 8.87, 3.86, 3.37, 3.36]
[28.87, 24.92, 4.2, 0.22, 0.22]
[28.92, 27.31, 21.01, 6.39, 3.46, 3.4]
[28.8, 26.43, 13.11, 0.19, 0.11, 0.1]
[29.07, 27.61, 22.86, 11.37, 5.18, 4.93]
[29.02, 28.4, 27.01, 23.18, 16.67, 11.79, 11.05, 10.88]
[28.67, 24.74, 2.48, 0.13]
[28.87, 26.69, 13.78, 1.04, 0.57]
[28.72, 26.68, 17.89, 3.56, 1.94, 1.85]
[28.75, 26.79, 18.33, 4.38, 2.96, 2.92]
[28.7, 26.37, 12.42, 0.46, 0.29]
[28.85, 27.23, 21.47, 7.49, 4.26, 4.0, 3.96]
[29.02, 28.54, 27.43, 25.28, 19.78, 14.29, 13.04, 12.95, 12.91]
[28.93, 27.85, 24.34, 14.02, 7.34, 5.96, 5.89]
[29.0, 27.52, 22.14, 6.97, 3.15, 3.09]
[28.81, 24.59, 3.84, 0.1, 0.09]
[28.81, 27.42, 20.94, 5.82, 2.5, 2.37]
[29.01, 28.08, 25.04, 15.58, 7.87, 6.87, 6.8, 6.79]
[28.93, 26.28, 12.95, 1.76, 1.41, 1.2]
[28.88, 28.07, 26.2, 19.65, 10.34, 7.99, 7.8]
[28.73, 24.2, 3.58, 0.19]
[28.77, 24.65, 2.93, 0.16, 0.16]
[28.88, 27.68, 23.79, 12.22, 5.65, 4.86, 4.82]
[28.84, 26.88, 18.53, 3.34, 1.38, 1.33, 1.31]
[28.85, 25.07, 4.13, 0.18, 0.15]
[29.1, 27.61, 22.87, 11.04, 6.18, 5.86]
[28.86, 24.71, 2.94, 0.23]
[28.92, 25.61, 6.81, 0.17, 0.17]
[28.71, 24.36, 1.58, 0.14]
[28.72, 25.73, 7.01, 0.09, 0.09]
[29.08, 27.98, 24.94, 13.98, 7.19, 6.44, 6.41]
[28.93, 26.94, 16.12, 3.87, 2.74]
[28.96, 27.64, 22.74, 9.84, 4.28, 3.94]
[28.87, 25.73, 5.63, 0.48, 0.46]
[28.87, 26.8, 17.07, 4.04, 2.5]
[28.88, 28.17, 26.82, 22.9, 16.27, 12.99, 12.28, 12.24]
[28.99, 28.05, 25.39, 15.56, 7.37, 6.58, 6.52, 6.47]
[28.86, 27.94, 24.7, 16.29, 8.18, 7.43, 7.36]
[28.92, 25.95, 11.7, 0.64, 0.55, 0.54]
[28.97, 26.65, 12.18, 1.28, 1.08]
[28.92, 27.91, 25.02, 15.42, 5.3, 4.07]
[28.89, 27.97, 25.3, 16.88, 9.78, 8.73, 8.64]
[28.95, 27.52, 22.48, 9.34, 4.46, 4.3, 4.16]
[28.67, 25.38, 6.33, 0.13, 0.12]
[28.83, 27.69, 24.55, 14.94, 5.54, 4.67, 4.64]
[28.91, 27.43, 22.1, 8.22, 3.59, 3.45]
[28.9, 26.01, 8.99, 0.11, 0.1]
[28.97, 27.83, 23.84, 13.47, 7.23, 6.87, 6.82]
[29.05, 28.37, 27.54, 24.73, 19.25, 15.11, 13.63, 13.4]
[28.92, 26.92, 18.17, 4.52, 3.27, 3.24]
[28.9, 27.24, 20.28, 8.35, 5.3, 5.08]
[28.79, 26.63, 15.78, 1.92, 1.32, 1.3]
[28.7, 22.05, 0.32, 0.17]
[28.88, 27.71, 23.76, 11.5, 6.1, 5.35]
[28.78, 26.13, 10.17, 0.69, 0.68]
[28.94, 27.02, 15.99, 2.97, 1.96, 1.94]
[28.96, 26.59, 16.12, 4.13, 2.92, 2.85]
[28.77, 23.52, 1.41, 0.13]
[29.09, 27.78, 22.8, 9.03, 5.36, 5.03]
[28.72, 25.16, 5.37, 0.39, 0.39]
[28.8, 25.06, 3.52, 0.24]
[28.96, 26.43, 11.58, 0.12, 0.11]
[28.5, 21.75, 0.28, 0.14, 0.12]
[28.98, 27.82, 23.82, 13.54, 8.08, 7.56, 7.53]
[28.93, 27.26, 21.33, 6.06, 2.94, 2.8, 2.65]
[28.83, 26.85, 16.21, 1.85, 0.85, 0.78]
[28.94, 26.48, 14.02, 2.04, 1.75]
[28.95, 27.04, 18.12, 4.38, 2.66, 2.58]
[28.97, 25.69, 3.65, 0.11, 0.1]
[28.89, 25.98, 6.24, 0.62, 0.55]
[28.76, 25.58, 5.1, 0.08, 0.08]
[28.78, 24.82, 2.17, 0.1]
[29.07, 28.49, 27.71, 25.77, 21.96, 17.9, 15.82, 15.5, 15.34]
[28.98, 27.6, 22.48, 9.35, 4.21, 3.88]
[28.96, 27.86, 23.96, 12.64, 6.7, 5.92, 5.85]
[28.91, 24.72, 4.28, 0.1, 0.1]
[28.93, 28.12, 25.12, 15.28, 7.13, 6.32, 6.29]
[28.65, 24.43, 1.19, 0.15]
[28.85, 26.99, 19.43, 5.28, 2.8, 2.7]
[28.86, 26.91, 19.22, 5.69, 3.62, 3.47]
[28.83, 26.33, 11.65, 0.2, 0.18]
[28.82, 26.5, 16.0, 2.08, 1.72, 1.6]
[28.91, 25.68, 6.38, 0.16, 0.16]
[28.85, 26.94, 18.18, 3.27, 2.37, 2.35]
[29.05, 25.89, 8.44, 0.52, 0.5]
[28.95, 27.8, 24.26, 11.92, 5.05, 4.6, 4.59]
[28.86, 25.32, 2.84, 0.06, 0.05]
[28.95, 26.6, 13.04, 0.86, 0.59]
[28.68, 23.68, 0.56, 0.15]
[28.97, 28.31, 26.97, 22.69, 15.85, 11.87, 11.34, 11.26]
[28.91, 28.05, 26.02, 19.45, 11.6, 8.57, 8.33, 8.24]
[29.06, 28.18, 25.61, 18.65, 10.86, 8.59, 8.56]
[29.07, 27.12, 17.69, 2.6, 1.75]
[28.98, 27.68, 23.25, 9.89, 5.45, 5.13]
[28.86, 24.52, 1.66, 0.19]
[28.85, 24.28, 1.68, 0.19]
[28.85, 27.67, 23.47, 13.45, 5.66, 5.01, 5.0]
