[36.02, 8.14, 0.42, 0.13]
[36.52, 9.04, 0.46, 0.3]
[35.99, 10.14, 0.33, 0.16]
[35.95, 12.27, 0.35, 0.12]
[35.94, 14.32, 0.42, 0.37]
[36.14, 6.51, 0.55, 0.4]
[36.1, 5.34, 0.47, 0.18]
[35.76, 2.19, 1.25]
[35.89, 7.62, 0.32, 0.15]
[36.19, 13.91, 0.44]
[36.19, 20.14, 0.32, 0.25]
[35.99, 13.33, 0.21, 0.13]
[36.31, 15.73, 0.3, 0.22]
[36.18, 22.39, 0.09]
[36.03, 9.26, 0.46, 0.08]
[35.99, 7.45, 0.44, 0.15]
[35.91, 6.17, 0.33, 0.14]
[36.16, 7.19, 0.34, 0.1]
[36.21, 8.25, 0.47, 0.27]
[36.16, 9.53, 0.39, 0.2]
[36.03, 8.37, 0.29, 0.19]
[36.34, 17.98, 0.11]
[36.21, 14.85, 0.24]
[36.45, 19.68, 0.39]
[36.23, 6.46, 0.43, 0.14]
[36.31, 11.1, 0.31, 0.26]
[36.42, 21.4, 0.15]
[35.93, 9.67, 0.27, 0.12]
[36.46, 14.39, 0.47, 0.28]
[35.93, 6.3, 0.36, 0.09]
[36.15, 16.61, 0.33, 0.23]
[36.2, 10.61, 0.11]
[35.97, 7.68, 0.38, 0.24]
[35.99, 8.41, 0.37, 0.23]
[36.46, 25.17, 0.28]
[36.37, 16.84, 0.25, 0.17]
[36.38, 11.71, 0.16, 0.11]
[36.23, 14.52, 0.1]
[36.07, 13.75, 0.28, 0.08]
[36.27, 9.99, 0.28, 0.24]
[36.06, 8.19, 0.74, 0.25]
[36.29, 5.99, 0.26, 0.16]
[36.56, 23.71, 0.16]
[36.21, 18.17, 0.4]
[35.89, 5.0, 0.78, 0.27]
[35.76, 2.81, 0.56, 0.42]
[36.24, 10.82, 0.3, 0.26]
[36.23, 10.66, 0.31, 0.08]
[36.53, 14.75, 0.29, 0.13]
[35.97, 8.09, 0.73, 0.3]
[36.29, 17.76, 0.11]
[36.18, 4.93, 0.42, 0.21]
[35.72, 4.5, 0.75, 0.37]
[36.09, 8.78, 0.9, 0.21]
[36.66, 21.9, 0.45]
[35.96, 6.1, 0.26, 0.12]
[36.41, 15.79, 0.11]
[36.28, 12.39, 0.16, 0.03]
[36.3, 6.75, 0.8, 0.44]
[36.36, 14.49, 0.27, 0.21]
[36.18, 10.88, 0.21, 0.1]
[35.99, 9.68, 0.79, 0.41]
[36.39, 13.87, 0.15, 0.07]
[35.89, 2.42, 0.97]
[36.21, 16.63, 0.18]
[36.2, 2.33, 0.89, 0.38]
[36.17, 3.48, 0.45, 0.25]
[36.33, 3.9, 0.5, 0.12]
[36.59, 21.55, 0.19]
[36.03, 9.34, 0.29, 0.17]
[36.47, 16.69, 0.37, 0.1]
[36.37, 21.05, 0.36]
[36.48, 24.45, 0.26]
[36.33, 12.53, 0.17]
[35.88, 5.59, 0.72, 0.29]
[36.24, 12.28, 0.17]
[36.13, 6.34, 0.34, 0.16]
[36.21, 6.47, 0.73, 0.17]
[36.11, 11.54, 0.1]
[36.37, 12.25, 0.27, 0.09]
[36.02, 11.42, 0.23, 0.09]
[36.11, 6.06, 0.35, 0.16]
[36.27, 12.71, 0.27, 0.16]
[36.25, 10.05, 0.28]
[36.26, 9.0, 0.35, 0.11]
[36.22, 13.55, 0.17]
[35.94, 4.11, 0.46, 0.18]
[36.13, 8.91, 0.33, 0.16]
[36.06, 12.13, 0.14, 0.09]
[36.03, 9.92, 0.18, 0.12]
[36.63, 21.23, 0.1]
[35.98, 4.39, 0.57, 0.24]
[36.23, 15.15, 0.06]
[35.99, 6.94, 0.58, 0.25]
[36.14, 10.5, 0.34, 0.06]
[36.07, 18.38, 0.16]
[36.05, 5.22, 0.36, 0.16]
[36.5, 18.51, 0.17, 0.09]
[36.38, 18.35, 0.14]
[36.17, 10.29, 0.53, 0.07]
[36.29, 17.31, 0.31, 0.16]
[36.17, 15.26, 0.57, 0.46]
[36.15, 8.54, 0.33]
[35.96, 6.23, 0.72, 0.54]
[35.99, 8.73, 0.44, 0.16]
[36.09, 8.52, 0.46, 0.18]
[36.29, 9.13, 0.64, 0.2]
[36.34, 15.17, 0.24, 0.11]
[36.1, 8.79, 0.55, 0.23]
[36.2, 15.29, 0.08]
[36.54, 12.87, 0.23, 0.07]
[36.03, 2.75, 1.07, 0.32]
[36.54, 21.3, 0.62, 0.44]
[36.29, 9.45, 0.21, 0.12]
[36.17, 10.68, 0.17, 0.12]
[35.98, 10.54, 0.3, 0.18]
[35.76, 5.22, 0.75, 0.48]
[36.07, 5.69, 0.34, 0.16]
[35.93, 11.53, 0.34, 0.27]
[36.1, 10.38, 0.39, 0.11]
[36.31, 26.26, 0.19]
[36.19, 9.16, 0.43, 0.25]
[36.33, 21.96, 0.3]
[36.05, 7.31, 0.35, 0.13]
[35.89, 1.41, 1.03]
[36.3, 5.22, 0.41, 0.27]
[36.14, 8.25, 0.37, 0.26]
[36.46, 19.9, 0.1]
[36.3, 19.97, 0.11]
[35.95, 3.11, 0.75, 0.64]
[36.02, 6.15, 0.41, 0.17]
[36.25, 12.97, 0.44]
[36.11, 10.77, 0.13]
[36.12, 5.22, 0.59, 0.16]
[36.43, 18.69, 0.13]
[36.17, 1.29, 0.69]
[36.41, 8.22, 0.24, 0.19]
[36.0, 7.93, 0.35, 0.18]
[36.02, 10.04, 0.13, 0.07]
[35.91, 7.1, 0.31, 0.26]
[36.0, 4.14, 0.81, 0.31]
[36.32, 15.83, 0.27, 0.06]
[36.43, 8.98, 0.07]
[36.34, 12.35, 0.07]
[35.91, 8.73, 0.31, 0.16]
[36.18, 13.27, 0.33, 0.24]
[36.2, 9.32, 0.62, 0.24]
[35.58, 3.06, 0.63, 0.23]
[36.04, 5.83, 0.79, 0.46]
[36.67, 33.31, 5.57, 0.54, 0.44]
[36.24, 15.81, 0.29, 0.13]
[36.05, 8.87, 0.44, 0.26]
[36.51, 17.45, 0.17]
[36.14, 6.49, 0.65, 0.19]
[36.04, 12.49, 0.11]
[36.27, 12.13, 0.32, 0.28]
[36.23, 15.25, 0.35, 0.21]
[35.91, 8.66, 0.25, 0.22]
[36.47, 14.0, 0.47, 0.22]
[36.08, 7.92, 0.27, 0.12]
[35.8, 8.3, 0.29, 0.15]
[36.32, 11.04, 0.34, 0.21]
[36.34, 22.68, 0.46]
[36.47, 12.2, 0.3]
[35.72, 5.55, 0.68, 0.2]
[36.09, 9.39, 0.25, 0.15]
[36.25, 16.7, 0.11]
[36.36, 20.45, 0.25]
[36.15, 4.55, 0.83, 0.75]
[36.44, 21.4, 0.25]
[36.31, 11.76, 0.48, 0.1]
[35.94, 6.95, 0.4, 0.22]
[36.24, 14.26, 0.11, 0.03]
[36.2, 16.02, 0.24]
[36.35, 19.16, 0.19]
[36.2, 11.97, 0.08]
[35.93, 6.1, 0.53, 0.3]
[36.2, 10.43, 0.26, 0.08]
[36.05, 2.06, 1.19]
[35.83, 10.28, 0.43, 0.18]
[36.42, 16.14, 0.26, 0.2]
[35.9, 1.32, 0.83]
[35.99, 4.74, 0.47, 0.21]
[36.1, 13.41, 0.31, 0.19]
[36.45, 20.03, 0.35, 0.29]
[36.44, 20.44, 0.14]
[36.13, 10.85, 0.54, 0.18]
[35.95, 2.72, 0.57, 0.35]
[36.07, 13.25, 0.26, 0.15]
[36.35, 15.77, 0.08]
[35.96, 15.2, 0.33, 0.19]
[36.29, 5.84, 0.68, 0.2]
[35.87, 3.43, 0.75, 0.23, 0.18]
[36.47, 10.79, 0.55, 0.18]
[36.1, 8.64, 0.38, 0.23]
[36.21, 16.51, 0.33, 0.27]
[36.15, 6.99, 0.76, 0.38]
[36.01, 8.04, 1.12, 0.41]
[35.96, 5.06, 0.7, 0.52]
[35.93, 7.37, 0.49, 0.17]
[36.09, 8.58, 0.32, 0.2]
[36.11, 14.48, 0.64, 0.41]
[36.02, 15.04, 0.41, 0.27]
[36.14, 10.33, 0.33, 0.09]
[36.08, 13.98, 0.26, 0.2]
[36.51, 16.38, 0.12, 0.07]
[36.12, 6.7, 0.65, 0.2]
[36.21, 12.07, 0.41, 0.2]
[36.06, 14.85, 0.09]
[35.89, 1.97, 0.6, 0.45]
[36.46, 20.74, 0.34]
[36.5, 19.55, 0.41]
[36.01, 7.38, 0.31, 0.13]
[36.4, 16.99, 0.27, 0.22]
[36.38, 12.3, 0.09]
[36.25, 16.02, 0.11]
[36.39, 17.11, 0.24]
[36.11, 5.92, 0.69, 0.31]
[36.24, 10.35, 0.29, 0.09]
[36.44, 20.92, 0.41, 0.23]
[36.04, 6.19, 0.64, 0.24]
[36.06, 15.26, 0.07, 0.0]
[36.18, 13.47, 0.38, 0.12]
[36.48, 11.62, 0.41, 0.25]
[36.29, 8.81, 0.25, 0.17]
[36.55, 20.69, 0.12]
[35.89, 6.13, 0.62, 0.28]
[35.98, 4.7, 0.82, 0.31]
[36.16, 10.17, 0.24, 0.14]
[36.35, 13.12, 0.26, 0.21]
[36.03, 13.03, 0.27]
[36.3, 14.98, 0.37, 0.22]
[35.99, 6.92, 0.34, 0.26]
[35.96, 6.43, 0.6, 0.2]
[36.53, 12.62, 0.26, 0.21]
[35.95, 14.24, 0.2]
[36.14, 17.38, 0.18, 0.08]
[35.87, 10.99, 0.16]
[35.88, 5.93, 0.56, 0.21]
[36.13, 12.08, 0.24, 0.19]
[36.27, 13.26, 0.1]
[36.36, 11.43, 0.6, 0.25]
[35.93, 6.75, 0.41, 0.17]
[36.33, 16.01, 0.28, 0.23]
[35.74, 1.21, 0.86]
[36.25, 17.57, 0.15, 0.07]
[36.25, 12.56, 0.35, 0.29]
[36.45, 17.97, 0.25, 0.19]
[36.1, 6.24, 0.32, 0.11]
[35.91, 3.34, 0.46, 0.24]
[36.47, 17.89, 0.11]
[36.01, 5.25, 0.66, 0.39]
[36.07, 8.45, 0.36, 0.15]
[36.1, 10.51, 0.29, 0.22]
[36.27, 14.88, 0.28, 0.15]
[36.42, 13.66, 0.35, 0.23]
[35.84, 5.75, 0.42, 0.26]
[36.2, 8.01, 0.31, 0.09]
[36.16, 6.87, 0.3, 0.13]
[36.27, 12.15, 0.39, 0.18]
[36.01, 8.81, 0.32, 0.13]
[36.14, 4.93, 0.8, 0.62]
[36.0, 1.07, 0.96]
[36.19, 12.71, 0.28, 0.09]
[36.3, 11.15, 0.14]
[36.43, 13.6, 0.11]
[36.48, 21.09, 0.49]
[36.18, 11.46, 0.13, 0.08]
[36.37, 10.78, 0.41, 0.19]
[36.48, 24.43, 0.04]
[36.24, 4.98, 0.52, 0.35]
[36.13, 10.67, 0.13, 0.07]
[36.18, 7.35, 0.48, 0.16]
[36.31, 8.15, 0.35, 0.19]
[36.46, 17.93, 0.13]
[36.07, 7.64, 0.27, 0.13]
[36.34, 12.02, 0.24, 0.19]
[36.24, 12.22, 0.32, 0.17]
[36.27, 11.16, 0.21, 0.14]
[36.47, 10.54, 0.43, 0.2]
[36.07, 11.94, 0.31, 0.1]
[36.26, 18.5, 0.03]
[35.6, 4.81, 0.75, 0.25]
[36.13, 13.99, 0.13]
[36.41, 23.1, 0.3]
[35.9, 8.13, 0.15]
[36.23, 10.06, 0.28, 0.2]
[36.25, 10.76, 0.36, 0.16]
[36.13, 13.67, 0.5, 0.13]
[36.09, 11.01, 0.22, 0.16]
[36.56, 11.76, 0.32, 0.11]
[36.22, 12.78, 0.5, 0.11]
[36.3, 10.19, 0.38]
[35.97, 12.7, 0.53, 0.36]
[36.53, 18.3, 0.35, 0.25]
[35.77, 3.41, 0.54, 0.35]
[35.86, 3.56, 0.52, 0.38]
[36.15, 12.14, 0.39, 0.32]
[36.17, 7.08, 0.75, 0.27]
[36.23, 12.25, 0.21, 0.15]
[36.03, 1.42, 0.92, 0.78]
[35.95, 7.86, 0.61, 0.23]
[36.16, 9.02, 0.36, 0.09]
[36.08, 10.11, 0.27, 0.14]
[36.36, 10.83, 0.53, 0.15]
[36.19, 16.6, 0.23, 0.07]
[36.14, 18.94, 0.18, 0.1]
[36.47, 15.17, 0.15]
[36.21, 15.01, 0.3, 0.22]
[36.31, 18.39, 0.06]
[35.75, 3.63, 0.52, 0.27]
[36.21, 14.79, 0.11, 0.05]
[36.1, 5.83, 0.5, 0.19]
[36.2, 10.54, 0.38, 0.21]
[36.39, 18.83, 0.46, 0.4]
[36.24, 19.31, 0.41]
[35.9, 4.36, 0.5, 0.16]
[36.16, 7.87, 0.42, 0.14]
[36.47, 10.94, 0.32, 0.18]
[36.23, 17.11, 0.35]
[36.1, 8.46, 0.39, 0.06]
[36.1, 13.54, 0.21, 0.11]
[36.22, 15.71, 0.55, 0.47]
[36.11, 14.88, 0.13, 0.07]
[36.32, 15.63, 0.1, 0.03]
[36.18, 14.11, 0.77, 0.17]
[36.35, 19.87, 0.22]
[35.81, 1.53, 1.19]
[36.6, 15.97, 0.26, 0.2]
[36.7, 17.2, 0.21]
[36.66, 22.74, 0.14]
[36.12, 12.76, 0.32]
[36.24, 13.93, 0.42, 0.12]
[35.91, 10.22, 0.19, 0.15]
[36.07, 4.72, 0.38, 0.18]
[36.1, 10.63, 0.44, 0.09]
[35.89, 6.92, 0.42, 0.15]
[36.46, 20.82, 0.38, 0.29]
[36.07, 9.45, 0.45]
[36.28, 4.38, 0.6, 0.48]
[35.86, 4.1, 1.17, 0.71]
[36.45, 29.36, 1.23, 0.65]
[36.33, 12.6, 0.19, 0.07]
[35.96, 6.27, 0.38, 0.19]
[36.33, 12.35, 0.25, 0.17]
[36.26, 14.37, 0.11]
[35.98, 8.92, 0.32, 0.22]
[36.23, 16.23, 0.11]
[36.47, 18.44, 0.2, 0.13]
[36.36, 17.97, 0.25, 0.13]
[36.24, 19.78, 0.23]
[35.92, 1.3, 0.76]
[36.1, 13.9, 0.47, 0.25]
[35.98, 8.93, 0.72, 0.14]
[35.85, 5.49, 0.89, 0.37]
[36.15, 9.48, 0.22, 0.1]
[35.71, 5.75, 0.39, 0.17]
[36.11, 21.94, 0.1]
[36.12, 13.7, 0.14, 0.09]
[36.16, 8.1, 0.48, 0.2]
[36.4, 13.31, 0.33, 0.05]
[36.19, 9.06, 0.15]
[36.37, 18.75, 0.0]
[36.37, 12.58, 0.28, 0.1]
[36.47, 15.43, 0.28, 0.12]
[36.02, 7.64, 0.44, 0.14]
[35.97, 6.46, 0.55, 0.21]
[36.34, 19.06, 0.26]
[35.78, 4.18, 0.45, 0.22]
[36.2, 8.29, 0.37, 0.18]
[35.61, 2.34, 0.91]
[35.89, 8.47, 0.53, 0.25]
[36.33, 14.04, 0.23, 0.16]
[36.2, 18.08, 0.25, 0.18]
[36.28, 17.69, 0.3]
[35.98, 1.02, 0.91]
[36.25, 11.14, 0.55, 0.23]
[35.73, 4.63, 0.45, 0.37]
[35.98, 15.49, 0.24, 0.11]
[36.11, 11.63, 0.43, 0.14]
[36.18, 10.65, 0.09]
[36.17, 8.61, 0.71, 0.2]
[36.17, 19.21, 0.28, 0.21]
[36.22, 15.45, 0.21]
[36.33, 19.16, 0.1]
[36.17, 7.69, 0.25, 0.15]
[36.29, 7.72, 0.44, 0.31]
[36.41, 22.58, 0.26]
[36.1, 6.9, 0.75, 0.43]
[36.56, 24.53, 0.22]
[36.47, 22.25, 0.35, 0.22]
[35.84, 6.73, 0.52, 0.23]
[35.77, 1.91, 1.02]
[36.27, 11.65, 0.2, 0.08]
[36.41, 21.89, 0.13]
[36.4, 10.22, 0.29, 0.21]
[36.23, 17.07, 0.24]
[36.14, 2.33, 0.97]
[35.98, 8.98, 0.27, 0.22]
[35.93, 5.79, 0.61, 0.53]
[36.58, 15.26, 0.31, 0.19]
[36.37, 18.19, 0.35, 0.09]
[36.27, 18.14, 0.21]
[36.17, 15.95, 0.16, 0.11]
[36.3, 17.69, 0.09]
[36.1, 9.12, 0.24, 0.13]
[36.11, 10.17, 0.19, 0.07]
[36.42, 14.5, 0.38, 0.15]
[36.15, 10.25, 0.35, 0.19]
[36.27, 19.71, 0.15]
[35.96, 7.96, 0.38, 0.21]
[36.35, 12.34, 0.23]
[35.98, 8.84, 0.45, 0.18]
[35.77, 1.49, 0.97]
[36.13, 8.09, 0.63, 0.2]
[36.49, 22.94, 0.05]
[36.12, 7.53, 0.47, 0.22]
[36.32, 23.47, 0.13]
[36.14, 15.32, 0.38, 0.17]
[36.08, 9.77, 0.45, 0.21]
[36.21, 23.5, 0.15]
[36.04, 6.41, 0.57, 0.2]
[36.24, 14.98, 0.13, 0.07]
[36.3, 17.01, 0.4, 0.29]
[36.16, 6.26, 0.47, 0.13]
[35.87, 1.6, 0.92]
[36.11, 8.04, 0.4, 0.19]
[36.4, 13.78, 0.22, 0.1]
[36.07, 7.39, 0.45, 0.17]
[35.78, 1.99, 0.64, 0.22]
[36.01, 8.8, 0.38, 0.16]
[36.23, 7.1, 0.54, 0.13]
[36.4, 20.27, 0.41]
[36.43, 13.61, 0.29, 0.09]
[36.2, 19.24, 0.06]
[36.31, 9.25, 0.19, 0.14]
[36.04, 7.9, 0.63, 0.27]
[36.64, 23.73, 0.18]
[36.28, 12.49, 0.35, 0.13]
[36.14, 25.31, 0.17]
[35.95, 5.71, 0.64, 0.17]
[36.0, 11.07, 0.27, 0.21]
[36.25, 10.08, 0.29, 0.12]
[36.2, 16.29, 0.07]
[36.27, 10.64, 0.36, 0.12]
[35.54, 3.9, 0.56, 0.29]
[35.78, 8.61, 0.73, 0.3]
[36.22, 12.49, 0.34, 0.13]
[36.2, 11.47, 0.13, 0.06]
[36.1, 6.39, 0.38, 0.27]
[36.1, 13.96, 0.27, 0.22]
[35.8, 8.3, 0.32, 0.22]
[35.92, 6.38, 0.36, 0.18]
[36.1, 6.1, 0.38, 0.16]
[36.5, 20.18, 0.19]
[35.98, 13.96, 0.32, 0.26]
[36.18, 6.99, 0.4, 0.21]
[36.14, 8.86, 0.4, 0.2]
[36.19, 14.74, 0.49, 0.44]
[36.26, 7.39, 0.92, 0.23]
[36.27, 13.8, 0.16, 0.1]
[35.91, 1.86, 0.91]
[36.13, 10.63, 0.25, 0.13]
[36.27, 14.92, 0.3]
[36.13, 9.58, 0.44, 0.12]
[36.1, 12.43, 0.22]
[36.0, 16.48, 0.07]
[36.32, 22.95, 0.16]
[36.54, 29.0, 0.35]
[35.89, 1.97, 0.87]
[36.34, 11.63, 0.53, 0.2]
[36.24, 10.8, 0.3, 0.23]
[36.12, 7.26, 0.42, 0.23]
[36.03, 4.05, 0.89, 0.26]
[36.21, 17.61, 0.31, 0.24]
[36.08, 11.61, 0.17]
[36.18, 8.31, 0.38, 0.18]
[36.26, 9.69, 0.5, 0.24]
[36.21, 1.67, 0.99]
[35.8, 2.98, 0.54, 0.25]
[36.46, 18.07, 0.27, 0.21]
[35.91, 7.42, 0.41, 0.18]
[36.46, 23.12, 0.22]
[36.26, 9.65, 0.27, 0.18]
[36.34, 11.85, 0.28, 0.19]
[36.0, 12.57, 0.37, 0.17]
[36.24, 14.96, 0.38, 0.08]
[35.81, 3.4, 0.83, 0.38]
[35.9, 4.58, 0.83, 0.11]
[36.04, 6.73, 0.33, 0.18]
[36.18, 10.46, 0.25, 0.2]
[36.05, 9.19, 0.19, 0.07]
[36.17, 12.77, 0.28, 0.15]
[36.25, 9.04, 0.27, 0.12]
[36.34, 23.29, 0.24, 0.17]
[36.48, 12.57, 0.38, 0.22]
[35.97, 8.24, 0.19, 0.13]
[36.13, 4.92, 0.64, 0.2]
[36.37, 16.97, 0.21, 0.15]
[36.08, 19.06, 0.11]
[35.79, 6.51, 0.38, 0.19]
[36.47, 6.65, 0.41, 0.32]
[36.61, 23.17, 0.22]
[36.1, 14.76, 0.3, 0.18]
[36.35, 22.47, 0.29]
[36.19, 15.7, 0.22]
[35.98, 7.47, 0.43, 0.15]
[36.41, 15.47, 0.25, 0.05]
[36.44, 17.85, 0.3, 0.19]
[36.19, 11.21, 0.29]
[36.34, 13.27, 0.21, 0.1]
[35.72, 2.57, 0.87, 0.57]
[36.35, 18.16, 0.24]
[36.23, 12.28, 0.4, 0.22]
[35.98, 4.78, 0.58, 0.36]
[36.2, 6.4, 0.27, 0.16]
[35.72, 4.97, 0.6, 0.19]
[36.16, 10.78, 0.45, 0.2]
[36.18, 15.43, 0.29]
[36.23, 11.28, 0.54, 0.13]
[36.25, 2.55, 0.61]
[36.2, 15.7, 0.18, 0.12]
[36.09, 4.77, 0.72, 0.22]
[36.2, 12.26, 0.21, 0.16]
[35.94, 10.82, 0.36, 0.14]
[35.6, 2.4, 1.2]
[36.57, 14.48, 0.26]
[36.05, 11.94, 0.21, 0.15]
[36.23, 6.9, 0.44, 0.35]
[36.56, 19.99, 0.16]
[36.07, 15.21, 0.08]
[35.98, 8.93, 0.32, 0.11]
[36.36, 18.46, 0.17]
[36.0, 10.53, 0.34, 0.17]
[36.15, 9.6, 0.19, 0.08]
[36.02, 18.98, 0.08]
[35.91, 11.35, 0.25, 0.12]
[36.46, 16.09, 0.24, 0.17]
[35.94, 5.53, 0.3, 0.1]
[36.23, 15.18, 0.09]
[36.07, 16.92, 0.15]
[35.99, 10.55, 0.32, 0.19]
[35.78, 5.56, 0.64, 0.15]
[35.91, 5.09, 0.74, 0.48]
[36.45, 10.6, 0.35, 0.17]
[36.35, 12.88, 0.32]
[36.26, 19.32, 0.11]
[36.25, 8.85, 0.24, 0.06]
[36.23, 13.09, 0.23, 0.06]
[35.83, 4.96, 0.42, 0.28]
[36.05, 13.24, 0.34, 0.25]
[36.55, 19.35, 0.22, 0.16]
[36.15, 18.96, 0.22, 0.16]
[36.02, 3.98, 0.5, 0.38]
[35.91, 3.91, 0.78, 0.29]
[36.5, 17.96, 0.19, 0.03]
[35.95, 11.67, 0.51, 0.31]
[36.17, 16.77, 0.25, 0.1]
[36.22, 11.9, 0.14, 0.08]
[36.48, 19.76, 0.06]
[36.46, 17.59, 0.33, 0.26]
[35.95, 9.77, 0.29, 0.11]
[36.39, 13.99, 0.26, 0.08]
[36.06, 7.87, 0.54, 0.16]
[36.18, 10.94, 0.26, 0.21]
[36.32, 16.49, 0.32]
[36.2, 9.27, 0.49, 0.22]
[36.44, 4.06, 1.14, 0.48]
[36.25, 13.3, 0.16, 0.09]
[36.18, 10.77, 0.48]
[36.42, 16.43, 0.31, 0.25]
[36.51, 19.49, 0.29, 0.18]
[35.98, 13.91, 0.31, 0.03]
[35.8, 6.3, 0.5, 0.07]
[36.5, 10.35, 0.24, 0.14]
[36.17, 8.88, 0.19, 0.1]
[36.49, 14.5, 0.29, 0.09]
[36.05, 6.99, 0.35, 0.27]
[36.12, 13.36, 0.24, 0.17]
[36.27, 13.34, 0.19, 0.12]
[36.07, 13.64, 0.07]
[36.07, 3.52, 0.89, 0.81]
[36.13, 19.2, 0.32]
[36.21, 11.73, 0.18, 0.13]
[35.99, 7.58, 0.26, 0.07]
[36.24, 10.04, 0.24, 0.18]
[36.17, 10.54, 0.14]
[36.26, 15.24, 0.12]
[36.07, 15.35, 0.21, 0.13]
[36.28, 17.3, 0.24, 0.1]
[35.92, 11.72, 0.39, 0.29]
[36.19, 17.5, 0.23, 0.16]
[36.12, 9.53, 0.61, 0.34]
[35.94, 5.6, 0.47, 0.17]
[36.08, 5.87, 0.4, 0.15]
[36.4, 14.93, 0.27, 0.16]
[36.31, 12.62, 0.32, 0.16]
[36.16, 8.87, 0.28, 0.18]
[36.13, 8.71, 0.37, 0.2]
[36.09, 13.06, 0.34, 0.03]
[36.38, 22.18, 0.09]
[36.36, 8.22, 0.19, 0.1]
[36.14, 16.21, 0.25, 0.18]
[36.34, 4.98, 0.72, 0.12]
[35.99, 2.19, 0.67, 0.55]
[36.16, 12.9, 0.31, 0.1]
[36.18, 6.19, 0.21]
[36.4, 16.24, 0.07]
[36.09, 7.38, 0.8, 0.33]
[36.37, 15.75, 0.18, 0.12]
[36.23, 18.65, 0.19, 0.08]
[36.23, 8.42, 0.53, 0.34]
[35.99, 14.97, 0.1]
[36.08, 8.17, 0.42, 0.17]
[36.53, 13.11, 0.15]
[36.15, 14.69, 0.09]
[36.38, 13.3, 0.04]
[36.25, 17.87, 0.14]
[36.49, 22.85, 0.11]
[36.19, 12.19, 0.27, 0.14]
[36.12, 19.98, 0.12]
[36.11, 8.16, 0.27, 0.18]
[36.25, 11.02, 0.25, 0.18]
[36.23, 16.95, 0.17]
[36.25, 12.55, 0.29, 0.19]
[36.29, 18.54, 0.09]
[36.11, 8.74, 0.31, 0.22]
[36.08, 13.95, 0.56, 0.22]
[35.87, 5.53, 0.42, 0.29]
[35.98, 5.21, 0.41, 0.08]
[36.73, 18.95, 0.08]
[35.76, 0.92, 0.85]
[36.03, 7.79, 0.46, 0.24]
[36.17, 19.97, 0.39]
[35.9, 2.91, 0.88, 0.29]
[36.13, 7.26, 0.58, 0.09]
[36.39, 15.05, 0.08]
[36.69, 31.17, 0.81]
[36.27, 8.66, 0.34, 0.08]
[36.29, 5.56, 0.75, 0.38]
[35.97, 10.14, 0.21]
[36.15, 10.06, 0.22, 0.17]
[36.24, 13.02, 0.11, 0.05]
[35.96, 9.26, 0.54, 0.09]
[36.19, 7.53, 0.42, 0.26]
[36.07, 11.51, 0.2, 0.09]
[36.37, 18.95, 0.15]
[36.04, 11.43, 0.25, 0.13]
[35.83, 5.81, 0.44, 0.08]
[36.15, 10.41, 0.26, 0.17]
[36.25, 17.63, 0.15, 0.08]
[36.2, 19.54, 0.14]
[36.21, 14.71, 0.34, 0.18]
[36.49, 19.8, 0.38]
[36.26, 11.62, 0.27, 0.06]
[35.68, 1.75, 0.63]
[36.0, 3.7, 0.61, 0.19]
[36.19, 11.7, 0.42, 0.16]
[36.25, 10.11, 0.3, 0.25]
[36.38, 27.76, 0.41]
[36.31, 5.85, 0.54, 0.25]
[35.94, 7.01, 0.28, 0.19]
[36.24, 14.74, 0.37, 0.18]
[35.65, 2.24, 1.04]
[36.0, 13.71, 0.16, 0.09]
[36.42, 12.25, 0.37, 0.15]
[35.96, 3.83, 0.47, 0.15]
[36.31, 14.13, 0.28]
[36.69, 19.44, 0.15]
[36.29, 10.77, 0.47, 0.1]
[36.27, 11.07, 0.22, 0.12]
[36.04, 15.34, 0.07]
[36.38, 21.68, 0.3]
[36.26, 6.72, 0.45, 0.22]
[36.22, 21.75, 0.17]
[36.06, 5.88, 0.61, 0.2]
[35.93, 8.44, 0.39, 0.17]
[35.9, 5.76, 0.4, 0.24]
[36.12, 7.18, 0.48, 0.2]
[36.48, 21.71, 0.19, 0.13]
[36.44, 17.71, 0.14, 0.06]
[36.23, 16.45, 0.25]
[36.37, 19.83, 0.33, 0.2]
[35.97, 5.13, 0.35, 0.09]
[36.26, 13.98, 0.2, 0.15]
[36.19, 8.43, 0.57, 0.27]
[36.37, 15.5, 0.03]
[36.23, 14.59, 0.16, 0.09]
[36.28, 12.64, 0.27, 0.17]
[36.11, 6.94, 0.28, 0.19]
[36.18, 7.14, 0.35, 0.09]
[36.47, 21.56, 0.19]
[36.22, 17.3, 0.11]
[36.36, 13.45, 0.32, 0.16]
[36.08, 9.14, 0.67, 0.21]
[36.33, 12.45, 0.25, 0.13]
[36.12, 13.95, 0.17]
[36.24, 16.26, 0.17, 0.09]
[36.29, 5.73, 0.4, 0.18]
[36.23, 14.89, 0.25, 0.19]
[35.87, 5.06, 0.51, 0.32]
[36.33, 23.32, 0.0]
[36.18, 15.47, 0.07]
[36.2, 8.55, 0.35, 0.26]
[36.49, 21.27, 0.62]
[36.44, 18.61, 0.03]
[36.17, 16.04, 0.39]
[36.09, 9.8, 0.34, 0.17]
[36.13, 6.46, 0.41, 0.27]
[36.19, 16.44, 0.08]
[35.82, 5.01, 0.66, 0.49]
[36.24, 12.03, 0.22, 0.14]
[36.18, 10.38, 0.22, 0.18]
[35.87, 2.47, 0.72, 0.43]
[36.57, 20.0, 0.1]
[36.31, 14.24, 0.09]
[36.5, 24.11, 0.19]
[36.06, 10.56, 0.31, 0.17]
[36.12, 6.55, 0.44, 0.2]
[36.35, 23.0, 0.2]
[36.05, 10.11, 0.41, 0.25]
[36.38, 16.19, 0.18]
[36.14, 9.84, 0.57, 0.44]
[36.29, 8.69, 0.37, 0.15]
[36.19, 20.24, 0.22]
[36.11, 11.84, 0.24, 0.16]
[36.13, 3.34, 0.53, 0.28]
[36.42, 14.54, 0.38, 0.27]
[36.39, 15.55, 0.21, 0.13]
[35.64, 2.14, 0.7]
[36.04, 9.41, 0.28, 0.12]
[36.17, 12.27, 0.11]
[36.46, 21.03, 0.13]
[35.85, 5.83, 0.43, 0.2]
[36.34, 18.2, 0.22]
[36.21, 14.13, 0.3, 0.17]
[35.83, 1.36, 0.94]
[36.34, 16.09, 0.38, 0.26]
[36.34, 17.59, 0.32]
[35.91, 6.66, 0.73, 0.46]
[36.01, 13.13, 0.17]
[36.67, 19.48, 0.17]
[36.04, 5.22, 0.33, 0.19]
[36.37, 10.62, 0.54, 0.18]
[36.28, 12.66, 0.25, 0.09]
[36.51, 20.05, 0.28]
[36.39, 14.95, 0.25, 0.21]
[35.96, 7.99, 0.44, 0.24]
[36.4, 14.39, 0.23, 0.09]
[36.3, 12.96, 0.38, 0.18]
[35.79, 6.1, 0.53, 0.22]
[36.81, 29.7, 0.31]
[36.26, 15.66, 0.11, 0.03]
[36.14, 16.61, 0.18]
[36.2, 13.9, 0.15, 0.09]
[36.13, 7.19, 0.85, 0.19]
[36.3, 7.08, 0.4, 0.14]
[36.33, 13.47, 0.28, 0.09]
[36.3, 8.3, 0.58, 0.37]
[36.39, 25.21, 0.34]
[36.36, 19.19, 0.28]
[36.24, 11.28, 0.26, 0.14]
[36.3, 17.12, 0.17]
[36.22, 10.1, 0.47, 0.19]
[35.93, 12.48, 0.17]
[36.45, 17.24, 0.25, 0.03]
[36.47, 21.3, 0.03]
[35.65, 1.12, 1.05]
[36.02, 14.61, 0.06]
[36.55, 19.6, 0.27]
[36.09, 7.03, 0.28, 0.12]
[36.6, 26.6, 0.52]
[36.19, 11.29, 0.15]
[36.46, 14.43, 0.09]
[36.04, 13.81, 0.24]
[36.38, 13.89, 0.09]
[36.38, 13.12, 0.16, 0.11]
[36.44, 20.93, 0.11]
[36.23, 16.38, 0.21, 0.13]
[36.05, 13.15, 0.24, 0.17]
[36.01, 5.4, 0.62, 0.27]
[35.79, 3.27, 0.69, 0.45]
[35.82, 1.68, 1.06]
[36.35, 13.84, 0.17]
[35.83, 10.9, 0.19, 0.13]
[36.54, 4.71, 0.42, 0.04]
[36.16, 6.16, 0.75, 0.3]
[35.96, 7.53, 0.26, 0.21]
[36.38, 13.02, 0.26, 0.19]
[36.23, 9.26, 0.48, 0.1]
[36.33, 9.45, 0.49, 0.2]
[36.35, 23.84, 0.2]
[35.96, 11.04, 0.37]
[36.39, 9.67, 0.21]
[36.13, 15.64, 0.18]
[35.95, 5.55, 0.51, 0.48]
[35.86, 3.05, 0.71, 0.56]
[35.99, 16.38, 0.14]
[36.44, 6.72, 0.36, 0.17]
[36.3, 10.03, 0.46, 0.12]
[36.52, 12.36, 0.46, 0.2]
[35.99, 6.47, 0.54, 0.15]
[36.04, 2.95, 0.63, 0.27]
[36.24, 11.62, 0.26, 0.2]
[36.49, 19.53, 0.18, 0.11]
[36.11, 4.9, 0.85, 0.2, 0.14]
[35.7, 3.37, 0.46, 0.26]
[36.58, 16.55, 0.16]
[36.12, 17.35, 0.43]
[36.17, 10.0, 0.39, 0.1]
[35.94, 2.76, 0.68, 0.59]
[36.75, 24.79, 0.54, 0.48]
[35.69, 7.11, 0.11]
[36.25, 11.68, 0.33, 0.15]
[36.23, 11.61, 0.19, 0.07]
[36.5, 6.06, 0.42, 0.19]
[36.11, 9.2, 0.35, 0.17]
[36.25, 15.81, 0.19]
[36.28, 11.05, 0.13]
[36.15, 7.52, 0.5, 0.29]
[36.27, 14.01, 0.28]
[36.44, 19.1, 0.13]
[36.04, 8.65, 0.19]
[36.05, 3.35, 0.48, 0.46]
[36.17, 12.25, 0.21, 0.1]
[35.97, 6.18, 0.56, 0.13]
[36.37, 9.95, 0.26, 0.17]
[36.21, 8.18, 0.38, 0.21]
[35.7, 10.92, 0.16, 0.09]
[36.35, 21.8, 0.15]
[36.13, 8.72, 0.77, 0.15]
[35.87, 7.14, 0.48, 0.37]
[36.19, 12.27, 0.43, 0.22]
[36.16, 13.27, 0.49, 0.19]
[36.4, 11.81, 0.24, 0.12]
[35.91, 7.83, 0.48]
[36.3, 14.26, 0.32, 0.18]
[36.68, 24.77, 0.43, 0.33]
[36.08, 8.82, 0.4, 0.17]
[35.9, 8.31, 0.38, 0.2]
[36.16, 7.89, 0.2, 0.11]
[36.46, 20.26, 0.26]
[36.34, 13.38, 0.18, 0.09]
[35.87, 5.05, 0.7, 0.27]
[36.07, 16.26, 0.2]
[36.17, 6.82, 0.37, 0.25]
[36.05, 2.09, 1.15]
[36.36, 10.17, 0.19, 0.1]
[36.15, 9.56, 0.14]
[36.01, 9.57, 0.34, 0.1]
[36.21, 10.69, 0.24, 0.19]
[36.17, 7.31, 0.33, 0.24]
[36.35, 17.27, 0.27, 0.19]
[36.14, 12.04, 0.38, 0.15]
[36.16, 16.99, 0.12]
[35.99, 8.29, 0.34, 0.24]
[36.2, 18.05, 0.25, 0.18]
[36.1, 6.08, 0.48, 0.4]
[36.12, 9.51, 0.43, 0.09]
[35.93, 8.77, 0.09, 0.04]
[36.06, 10.64, 0.15, 0.11]
[36.32, 10.55, 0.21]
[36.18, 11.04, 0.36, 0.15]
[36.01, 6.6, 0.71, 0.15]
[36.22, 9.08, 0.42, 0.23]
[36.3, 12.2, 0.29, 0.15]
[36.16, 17.05, 0.24, 0.18]
[36.46, 21.56, 0.21]
[36.52, 7.23, 0.27, 0.13]
[36.06, 2.34, 0.8, 0.34]
[35.59, 1.17, 0.93]
[35.95, 4.94, 0.56, 0.29]
[36.25, 13.56, 0.39, 0.23]
[36.22, 14.72, 0.21]
[35.8, 6.75, 0.32, 0.11]
[36.35, 15.86, 0.18]
[35.88, 10.15, 0.22, 0.11]
[36.36, 13.47, 0.77, 0.34]
[36.18, 17.77, 0.2]
[36.21, 15.27, 0.3, 0.1]
[36.14, 8.09, 0.41, 0.27]
[36.12, 14.74, 0.29, 0.2]
[36.15, 10.73, 0.28, 0.13]
[36.35, 5.94, 0.36, 0.26]
[36.26, 18.84, 0.13, 0.06]
[36.25, 22.63, 0.25]
[35.91, 3.09, 0.89, 0.57]
[36.2, 13.22, 0.22, 0.16]
[36.08, 6.94, 0.63, 0.14]
[35.95, 2.01, 0.92]
[36.22, 17.3, 0.24, 0.09]
[36.4, 15.32, 0.12]
[36.01, 11.71, 0.23]
[36.21, 18.34, 0.18, 0.06]
[36.08, 5.2, 0.55, 0.28]
[36.21, 13.2, 0.18, 0.11]
[36.3, 15.44, 0.08, 0.0]
[36.25, 16.6, 0.03]
[36.14, 10.42, 0.18, 0.08]
[35.94, 15.53, 0.42, 0.27]
[36.11, 13.03, 0.38, 0.15]
[36.29, 10.44, 0.43, 0.09]
[36.12, 7.01, 0.39, 0.19]
[36.73, 19.54, 0.12, 0.04]
[36.2, 6.8, 0.35, 0.11]
[36.39, 19.53, 0.11]
[36.17, 9.2, 0.44, 0.25]
[36.07, 10.83, 0.46, 0.15]
[36.38, 22.25, 0.15]
[36.22, 10.61, 0.38, 0.2]
[36.39, 15.72, 0.33, 0.22]
[36.42, 22.34, 0.19]
[36.03, 4.91, 0.89, 0.66]
[36.34, 13.91, 0.44, 0.33]
[36.19, 8.71, 0.52, 0.43]
[35.88, 8.17, 0.34, 0.13]
[36.22, 12.29, 0.21, 0.15]
[36.45, 17.46, 0.14]
[36.19, 9.93, 0.44, 0.05]
[36.34, 18.9, 0.19]
[36.69, 19.22, 0.31, 0.13]
[35.84, 4.49, 0.73, 0.49]
[36.05, 9.53, 0.47, 0.24]
[36.05, 9.87, 0.39, 0.31]
[36.4, 20.8, 0.22]
[35.87, 5.89, 0.39, 0.31]
[36.0, 7.92, 0.34, 0.18]
[36.21, 9.03, 0.26, 0.17]
[35.85, 5.42, 0.5, 0.23]
[36.53, 22.14, 0.16]
[36.05, 7.0, 0.28, 0.14]
[36.52, 18.1, 0.14]
[36.13, 7.71, 0.52, 0.19]
[35.93, 3.88, 0.62, 0.2]
[36.24, 13.79, 0.47, 0.4]
[36.0, 9.08, 0.63, 0.17]
[36.03, 5.31, 0.47, 0.25]
[36.55, 20.56, 0.17]
[36.06, 12.8, 0.33, 0.21]
[35.73, 3.52, 0.55, 0.36]
[35.81, 3.3, 0.55, 0.5]
[36.3, 14.56, 0.06]
[36.07, 7.63, 0.45, 0.2]
[36.02, 15.24, 0.35, 0.13]
[36.27, 10.1, 0.34, 0.3]
[36.36, 22.03, 0.84]
[35.94, 1.42, 0.9]
[36.58, 19.92, 0.12]
[36.37, 17.43, 0.25]
[36.64, 25.08, 0.4, 0.32]
[36.07, 6.05, 0.48, 0.14]
[36.14, 15.22, 0.35]
[36.02, 6.2, 0.72, 0.3]
[35.7, 5.76, 0.3, 0.23]
[36.16, 9.12, 0.2, 0.15]
[35.94, 7.07, 0.46, 0.15]
[36.15, 10.28, 0.55, 0.28]
[36.31, 10.51, 0.17, 0.12]
[36.61, 18.62, 0.17, 0.12]
[36.3, 14.91, 0.05]
[36.02, 9.0, 0.63, 0.18]
[36.29, 11.29, 0.36, 0.08]
[35.95, 6.91, 0.41, 0.34]
[36.06, 3.75, 0.69, 0.17]
[36.27, 20.17, 0.19]
[36.1, 6.78, 0.38, 0.18]
[36.01, 4.14, 0.87, 0.7]
[36.09, 7.28, 0.31, 0.11]
[36.51, 22.47, 0.52]
[36.33, 14.19, 0.17, 0.07]
[36.06, 9.97, 0.55, 0.2]
[36.5, 19.36, 0.0]
[35.94, 6.78, 0.41, 0.1]
[36.24, 9.45, 0.62, 0.3]
[36.49, 21.5, 0.14]
[36.27, 4.48, 0.37, 0.26]
[36.5, 12.63, 0.47, 0.25]
[35.75, 8.5, 0.49, 0.08]
[36.23, 22.76, 0.15]
[36.42, 14.58, 0.18]
[36.47, 13.44, 0.51, 0.16]
[35.76, 2.13, 1.03]
[36.01, 8.16, 0.38, 0.25]
[36.39, 21.99, 0.26, 0.09]
[35.96, 8.4, 0.26, 0.19]
[35.98, 8.26, 0.55, 0.27]
[36.52, 25.88, 0.54, 0.32]
[36.39, 24.8, 0.16]
[36.03, 10.43, 0.25]
[36.07, 6.27, 0.47, 0.35]
[35.99, 12.21, 0.13]
[36.26, 5.84, 0.48, 0.18]
[36.37, 18.36, 0.17, 0.09]
[36.18, 8.94, 0.47, 0.05]
[36.18, 9.03, 0.4, 0.21]
[36.24, 20.26, 0.21, 0.13]
[35.97, 6.58, 0.43, 0.16]
[36.33, 17.61, 0.1]
[36.08, 5.84, 0.53, 0.29]
[36.04, 10.95, 0.55, 0.25]
