[900, 568, 5]
[900, 596, 24, 9, 3]
[900, 568, 18, 7]
[900, 615, 105, 10, 2]
[900, 615, 76, 7, 3]
[900, 611, 119, 4, 2]
[900, 588, 10]
[900, 577, 7]
[900, 577, 7]
[900, 585, 14, 6]
[900, 596, 23, 7]
[900, 558, 6]
[900, 600, 9, 8]
[900, 598, 13, 9]
[900, 574, 9]
[900, 583, 6]
[900, 614, 57, 7, 2]
[900, 584, 21, 10]
[900, 590, 21, 8]
[900, 602, 30, 11, 3]
[900, 607, 22, 8]
[900, 545, 8, 6]
[900, 597, 30, 5, 2]
[900, 568, 7]
[900, 602, 69, 6, 2]
[900, 605, 72, 9, 2]
[900, 601, 37, 6, 2]
[900, 583, 27, 6, 2]
[900, 626, 113, 5, 3]
[900, 597, 23, 5]
[900, 590, 16, 8]
[900, 604, 67, 6, 2]
[900, 560, 6]
[900, 629, 89, 7, 4]
[900, 599, 77, 3]
[900, 589, 10, 7]
[900, 612, 62, 7, 2]
[900, 591, 22, 8]
[900, 578, 16, 7]
[900, 623, 109, 5, 2]
[900, 616, 88, 10, 7]
[900, 604, 11, 8]
[900, 583, 17, 9]
[900, 592, 18, 6]
[900, 603, 35, 6, 3]
[900, 564, 8]
[900, 572, 10, 6]
[900, 579, 11, 7]
[900, 581, 34, 7, 2]
[900, 603, 17, 8]
[900, 600, 74, 5, 2]
[900, 604, 48, 4, 4]
[900, 582, 11, 9]
[900, 597, 51, 9, 3, 2]
[900, 571, 22, 8]
[900, 577, 31, 4, 2]
[900, 587, 29, 6]
[900, 582, 15, 8]
[900, 610, 83, 7, 2]
[900, 614, 66, 7, 2]
[900, 607, 111, 4, 2]
[900, 589, 33, 8, 2]
[900, 611, 90, 5, 2]
[900, 585, 16, 9]
[900, 599, 64, 4, 2]
[900, 546, 8, 7]
[900, 589, 13, 8]
[900, 602, 45, 5, 2]
[900, 621, 119, 10, 2]
[900, 566, 9, 8]
[900, 587, 8]
[900, 595, 49, 5, 5]
[900, 591, 10, 9]
[900, 571, 28, 4, 4]
[900, 570, 14, 6]
[900, 589, 25, 8]
[900, 598, 66, 9, 2]
[900, 579, 24, 6]
[900, 582, 19, 7]
[900, 576, 19, 5]
[900, 568, 19, 8]
[900, 556, 7]
[900, 586, 35, 7]
[900, 586, 14, 9, 9]
[900, 600, 38, 5, 5]
[900, 573, 13, 6, 5]
[900, 587, 19, 6]
[900, 604, 20, 10]
[900, 606, 51, 9, 6]
[900, 595, 22, 7]
[900, 565, 6]
[900, 623, 19, 8]
[900, 599, 17, 10]
[900, 575, 17, 6]
[900, 588, 15, 9]
[900, 599, 32, 10]
[900, 610, 72, 8, 8]
[900, 582, 19, 5]
[900, 577, 17, 5]
[900, 601, 29, 11]
