[900, 332, 5, 2]
[900, 372, 3, 2]
[900, 374, 2]
[900, 371, 4, 2]
[900, 386, 2]
[900, 344, 3, 2]
[900, 359, 2]
[900, 390, 3, 2]
[900, 354, 3, 2]
[900, 352, 4, 2]
[900, 373, 3]
[900, 358, 5, 2]
[900, 363, 3, 3]
[900, 358, 2]
[900, 359, 3, 2]
[900, 386, 2]
[900, 361, 2]
[900, 373, 2]
[900, 388, 3, 2]
[900, 387, 2]
[900, 321, 4, 2]
[900, 363, 2]
[899, 353, 2]
[900, 341, 4, 2]
[900, 336, 4, 4]
[900, 379, 3]
[899, 383, 2]
[900, 377, 2]
[900, 389, 2]
[900, 397, 2]
[900, 315, 4, 2]
[900, 327, 5, 3]
[900, 353, 5, 2]
[899, 359, 2]
[900, 359, 3, 2]
[900, 354, 3, 2]
[900, 373, 3]
[900, 367, 4, 2]
[900, 366, 3, 2]
[900, 387, 3, 3]
[900, 369, 4, 2]
[900, 378, 3]
[900, 335, 3, 2]
[900, 371, 2]
[899, 378, 3, 2]
[900, 365, 3, 2]
[897, 332, 2]
[899, 384, 2]
[900, 373, 3, 2]
[899, 347, 3, 2]
[900, 338, 6, 2]
[900, 370, 2]
[900, 362, 2]
[900, 290, 3, 3]
[900, 352, 5, 2]
[900, 381, 2]
[900, 361, 3, 3]
[900, 393, 2]
[900, 360, 4, 2]
[900, 358, 3, 2]
[900, 352, 3, 2]
[900, 351, 2]
[900, 353, 4, 3]
[900, 392, 3, 2]
[900, 349, 3, 3]
[900, 346, 5, 2]
[900, 377, 2]
[900, 364, 2]
[900, 341, 2]
[899, 340, 2]
[900, 373, 4, 4]
[900, 378, 6, 2]
[900, 356, 2]
[900, 335, 5, 3]
[897, 342, 4, 2]
[900, 382, 2]
[900, 362, 3, 2]
[900, 367, 2]
[900, 371, 2]
[899, 344, 4, 2]
[900, 333, 3, 2]
[900, 337, 3, 2]
[900, 360, 3, 2]
[899, 356, 2]
[900, 376, 2]
[900, 367, 2]
[899, 369, 5, 2]
[900, 338, 3, 2]
[900, 381, 3]
[900, 386, 2]
[900, 343, 3, 2]
[900, 344, 4, 2]
[900, 354, 2]
[900, 391, 3, 2]
[900, 365, 3]
[900, 395, 3]
[899, 349, 5, 2]
[899, 357, 3]
[900, 338, 6, 2]
[899, 347, 3, 2]
