[900, 14, 9]
[900, 21, 11]
[900, 6]
[900, 11, 11]
[900, 54, 10, 2]
[899, 8]
[900, 15, 7, 6, 2]
[900, 15, 9]
[900, 12, 10]
[899, 14, 11]
[900, 11, 9]
[899, 13, 9]
[900, 18, 10, 4, 2]
[900, 15, 11]
[899, 12, 9]
[900, 14, 11]
[900, 11, 10]
[900, 40, 8, 5, 2]
[900, 25, 10, 6, 2]
[900, 11, 11]
[899, 11, 8]
[900, 55, 6, 2]
[900, 19, 6]
[899, 6]
[900, 21, 8, 8, 2]
[900, 14, 9]
[898, 9]
[900, 11, 8]
[899, 15, 7]
[900, 8]
[899, 13, 9]
[900, 10, 10]
[900, 12, 9]
[899, 12, 11]
[898, 22, 12, 9, 3]
[900, 36, 8, 3, 2]
[900, 13, 11]
[899, 16, 8]
[899, 13, 10]
[900, 16, 13]
[900, 22, 9]
[900, 49, 6, 4, 2]
[900, 12, 9, 9]
[900, 26, 7, 2]
[900, 21, 11, 3, 2]
[900, 16, 10]
[899, 10]
[900, 12, 10]
[899, 16, 7]
[900, 9]
[900, 12, 12]
[900, 17, 12]
[900, 11, 10]
[900, 8]
[900, 9]
[900, 17, 12]
[900, 12]
[900, 19, 7]
[900, 12, 12]
[900, 9]
[900, 12, 6]
[899, 18, 9]
[900, 20, 9]
[899, 12]
[899, 13, 9]
[897, 14, 12]
[900, 11, 11]
[900, 17, 6]
[900, 11]
[900, 14, 10]
[900, 18, 8]
[900, 34, 12, 2]
[899, 28, 5, 5, 2]
[900, 30, 12, 3, 2]
[900, 17, 11]
[900, 23, 10, 9, 2]
[900, 41, 9, 3, 2]
[900, 22, 8, 6, 2]
[900, 38, 7, 7, 2]
[900, 8]
[900, 16, 10, 9]
[898, 15, 12]
[898, 15, 9]
[899, 20, 8, 4, 2]
[900, 31, 6, 4, 2]
[899, 10]
[900, 26, 12]
[900, 45, 6, 3, 2]
[900, 23, 9, 8, 2]
[900, 22, 10, 3, 2]
[900, 22, 11]
[900, 14, 7]
[900, 14, 10]
[900, 16, 10]
[900, 17, 11, 11]
[899, 20, 9]
[900, 13, 9]
[900, 30, 9, 3, 2]
[900, 40, 7, 2]
[899, 24, 7, 3, 2]
