[856, 10]
[851, 6, 6]
[855, 13, 13]
[853, 12]
[842, 11, 11]
[852, 9]
[854, 12]
[847, 10]
[852, 20]
[848, 11]
[853, 8, 8]
[853, 6, 6]
[846, 9, 9]
[852, 8, 8]
[860, 12]
[840, 8, 8]
[856, 21, 21]
[858, 10]
[858, 9]
[863, 8]
[852, 16, 16]
[861, 9]
[856, 6, 6]
[843, 12, 12]
[856, 8, 8]
[845, 7, 7]
[838, 7, 7]
[861, 9, 9]
[858, 14]
[854, 11, 11]
[848, 13]
[841, 9, 9]
[856, 14]
[847, 7]
[829, 10, 10]
[849, 8, 8]
[844, 11, 11]
[839, 12]
[843, 7, 7]
[849, 14, 14]
[852, 13, 13]
[852, 13, 13]
[861, 9]
[849, 8, 8]
[849, 7, 7]
[840, 10, 10]
[861, 20]
[847, 9]
[848, 9, 9]
[859, 9]
[849, 15, 15]
[853, 49, 19, 19]
[844, 9, 9]
[857, 14, 14]
[852, 10]
[855, 10]
[849, 11]
[864, 7]
[844, 12, 12]
[848, 12]
[859, 7]
[854, 8, 8]
[838, 13, 13]
[836, 12, 12]
[847, 14]
[842, 8, 8]
[858, 11]
[843, 13, 13]
[852, 7]
[858, 11]
[840, 14]
[870, 12]
[864, 11]
[859, 10]
[849, 9, 9]
[850, 9, 9]
[862, 15, 15]
[850, 14]
[853, 14]
[850, 11, 11]
[861, 17]
[851, 11, 11]
[840, 16, 16]
[842, 12]
[857, 12, 12]
[853, 12]
[864, 10]
[860, 7, 7]
[839, 10]
[839, 9]
[856, 10]
[846, 18]
[859, 12]
[840, 16, 16]
[852, 11]
[850, 8, 8]
[856, 13, 13]
[864, 15, 15]
[838, 13]
[849, 12, 12]
