[150, 39]
[44]
[158, 51]
[55]
[78, 77]
[289, 35]
[89]
[205, 33]
[166, 57]
[82]
[79, 78, 46]
[182, 60]
[70, 40]
[142, 30]
[194, 29]
[25]
[304, 48]
[96, 69]
[335, 14]
[219, 47]
[93, 78, 61]
[123, 55]
[70, 51]
[249, 41]
[157, 60]
[125, 66]
[92, 56]
[158, 88]
[122, 61]
[282, 34]
[314, 33]
[219, 80]
[128, 110]
[169, 65]
[106, 85]
[89, 65]
[72]
[165, 48]
[68]
[110, 78]
[61, 61]
[121, 43]
[69]
[83, 71]
[67]
[350, 49]
[83]
[270, 40]
[355, 24]
[112, 57]
[111, 92]
[276, 57]
[237, 49]
[122, 61]
[31]
[176, 49]
[203, 36]
[318, 34]
[102, 80]
[78, 72]
[186, 53]
[217, 53]
[220, 60]
[212, 57]
[160, 75]
[197, 56]
[95, 40]
[104, 73]
[175, 43]
[148, 139]
[302, 23]
[154, 53]
[167, 30]
[178, 55]
[72]
[64]
[105, 71]
[118, 66]
[181, 72]
[332, 22]
[313, 20]
[126, 41]
[69]
[149, 52]
[86, 72]
[327, 20]
[248, 72, 72]
[167, 41]
[60, 60]
[115, 71]
[143, 54]
[88, 77]
[84, 84]
[53]
[92, 70]
[165, 41]
[103, 79]
[228, 45]
[334, 30]
[310, 35]
