[900, 489, 4]
[900, 485, 3]
[900, 473, 3]
[900, 447, 2]
[900, 428, 2]
[900, 447, 3, 2]
[900, 472, 2]
[900, 456, 4]
[897, 435, 3]
[900, 454, 4, 4]
[900, 424, 2]
[900, 465, 3, 3]
[900, 459, 3]
[899, 453, 3]
[900, 445, 5]
[899, 461, 5]
[900, 476, 3]
[900, 455, 3]
[900, 451, 4]
[900, 463, 3]
[900, 445, 3]
[900, 438, 3]
[899, 486, 3]
[900, 454, 3]
[900, 442, 3]
[900, 440, 3]
[899, 439, 3]
[900, 461, 5]
[900, 434, 2]
[899, 477, 4]
[900, 437, 3]
[900, 433, 2]
[900, 462, 4]
[900, 456, 3]
[900, 483, 4]
[900, 438, 3]
[900, 468, 4]
[900, 447, 2]
[900, 438, 3, 2]
[900, 437, 3]
[900, 465, 3]
[900, 450, 2]
[900, 459, 3]
[900, 453, 3]
[900, 466, 3]
[900, 471, 4]
[900, 457, 3]
[900, 437, 3]
[900, 428, 3]
[900, 479, 2]
[900, 457, 2]
[900, 432, 3]
[900, 444, 4]
[899, 461, 2]
[900, 423, 3]
[900, 447, 3, 3]
[900, 484, 3]
[899, 461, 4]
[900, 443, 3, 2]
[900, 484, 3]
[900, 451, 2]
[900, 447, 3, 3]
[900, 477, 4]
[900, 431, 3]
[900, 456, 2]
[900, 459, 3]
[900, 413, 3]
[900, 423, 3]
[900, 459, 2]
[900, 447, 3]
[900, 478, 3]
[900, 471, 3]
[900, 447, 3]
[900, 446, 4]
[900, 459, 2]
[900, 472, 2]
[900, 445, 3]
[900, 415, 2]
[900, 471, 3]
[900, 454, 2]
[900, 461, 2]
[900, 417, 3]
[900, 445, 2]
[900, 443, 6]
[900, 464, 3]
[899, 463, 3]
[900, 474, 4]
[900, 468, 3]
[900, 457, 4]
[900, 463, 4]
[900, 435, 3]
[899, 456, 3]
[900, 449, 3]
[900, 427, 2]
[900, 453, 4, 3]
[900, 454, 5]
[900, 462, 3, 2]
[900, 480, 5]
[899, 428, 3, 3]
[900, 442, 2]
