[450, 181, 1]
[450, 176, 2]
[450, 181, 2]
[450, 183, 2]
[450, 170, 2]
[450, 186, 2]
[450, 186, 2]
[450, 156, 5, 3]
[450, 194, 4, 3]
[450, 174, 5, 3]
[450, 180, 2]
[449, 199, 4]
[450, 156, 4, 2]
[450, 181, 3, 2]
[450, 172, 2]
[450, 146, 8, 2]
[450, 173, 2]
[450, 186, 2]
[450, 173, 2]
[450, 162, 5, 2]
[450, 188, 2]
[450, 170, 2]
[450, 161, 3, 2]
[449, 169, 3, 2]
[450, 192, 2]
[450, 179, 2]
[450, 155, 2]
[450, 180, 2]
[450, 169, 2]
[450, 178, 3]
[450, 179, 3, 2]
[450, 148, 3, 2]
[449, 142, 4, 2]
[450, 167, 2]
[450, 187, 2]
[450, 185, 2]
[450, 173, 2]
[449, 187, 1]
[450, 168, 2]
[450, 162, 3, 2]
[450, 154, 9, 2]
[450, 183, 2]
[450, 163, 3, 2]
[450, 166, 2]
[450, 192, 4, 2]
[450, 154, 5, 3]
[450, 138, 2]
[450, 168, 5, 2]
[450, 140, 4, 2]
[450, 181, 2]
[450, 184, 2]
[450, 180, 2]
[448, 191, 3, 2]
[450, 182, 2]
[450, 176, 3, 2]
[450, 202, 3, 2]
[450, 180, 2]
[450, 197, 2]
[449, 174, 2]
[449, 164, 4, 2]
[450, 175, 3, 2]
[450, 200, 3, 2]
[450, 179, 2]
[450, 196, 2]
[450, 161, 2]
[450, 170, 3, 2]
[450, 168, 3, 2]
[450, 148, 3, 2]
[450, 167, 4, 2]
[450, 140, 5, 3]
[450, 175, 3, 2]
[450, 185, 2]
[450, 163, 6, 2]
[450, 183, 3, 2]
[449, 180, 2]
[450, 197, 4]
[450, 157, 4, 2]
[450, 171, 3, 2]
[450, 184, 2]
[449, 173, 3, 2]
[450, 166, 4, 2]
[450, 156, 3, 2]
[450, 176, 3, 2]
[450, 153, 2]
[450, 159, 5, 2]
[450, 169, 2]
[450, 168, 4, 2]
[450, 214, 2]
[450, 176, 2]
[450, 179, 2]
[450, 179, 2]
[450, 188, 2]
[450, 184, 2]
[450, 198, 3]
[448, 192, 2]
[450, 163, 3, 2]
[450, 154, 3, 2]
[450, 152, 3, 2]
[450, 172, 3, 2]
[450, 176, 3]
